2000
96063192842379 15 54
149 47 77
140 72 81
29 62 89
78 56 24
46 74 7
121 3 47
3453453 29 95
40 38 27
3850317698975 30 90
69 89 44
3233892 29 71
122 91 13
81 32 22
140 73 17
82 29 1
58 43 96
9544 5 96
125 33 1
57 41 9
101 70 33
126 71 54
2963 86 58
98 87 7
96 36 56
28 30 85
121 61 18
62990 10 86
4224 6 54
9 30 72
9871103 2 33
497 25 40
16287273 14 60
562681 91 28
250850361283488 15 93
589979126 21 33
84 91 92
53 78 91
3 93 81
6115600 64 73
61 37 15
6977 90 97
5894 82 28
143 37 71
5288313 80 33
3155751 59 50
8 80 85
150 98 70
985 32 79
1207671793 5 33
1 90 27
695109440635164 71 100
78 26 42
97 9 23
125 56 8
523127 30 23
925461707837585 51 4
505181100403661 2 0
3044925149 93 68
29 68 92
5822444 81 41
84 71 69
85 81 66
98108058300 12 74
92 46 69
19 66 77
16 45 31
7 23 90
593395 95 79
138 6 47
37 86 3
85354808510 3 45
3 54 78
4 39 1
15603 13 50
37 83 48
87 59 3
124 92 70
76644754 90 47
56 87 10
130 92 56
9 69 14
13543459 90 36
8070 84 62
98 75 62
70 60 34
144 5 11
2547841766179 87 80
78 4 58
183170034403113 72 0
106 87 78
140 63 96
23 76 65
93 29 5
86 63 79
52 62 45
129 85 14
885755037 80 44
784805352562764 84 50
83 14 59
28 87 3
672880384326999 63 100
77 8 74
79 35 26
60 42 37
114 48 91
3 20 73
3106399669491 8 59
110 75 8
97745279 92 81
4087 31 95
2 3 6
22 25 50
1 79 79
50 94 19
7 62 69
133 14 16
517464253680 56 48
103 17 76
70 79 85
132 39 88
3086508281907 16 60
78906897 28 18
108262399421 55 73
882907113 85 10
137 21 22
68 66 87
9046199608925 49 31
149 2 66
15 89 58
2 50 53
691 91 18
109 94 41
61139050 22 78
141 85 7
95 66 54
113 57 99
160886 90 9
99 35 73
37 3 71
8926 69 12
56 48 75
26 7 80
275126050 63 66
30 31 77
11 6 24
259057609770557 34 98
148 20 88
148 9 37
14 12 27
17381449 19 32
62 86 97
380050895571 4 89
112 58 65
61 47 79
10 61 56
111 84 44
7 39 24
4 75 89
27 71 37
2098971342 86 91
3 58 40
7216647 43 98
72 17 21
391294198709 97 20
23 61 44
752725510696671 41 39
38 32 45
23 20 15
2437366409528 35 50
523 75 96
129 43 35
106 39 62
3 20 77
1 47 35
411696561 16 62
24 59 69
86 74 7
60 34 76
13 20 60
49 56 8
132 92 52
3656311 50 24
70 91 64
42 9 81
89 69 72
124 52 23
17 3 54
5 81 75
10 51 68
975526107749 79 30
17435 9 72
81 78 80
809 55 98
1063607450505 57 0
660333508056462 32 26
103266792319 47 87
7222497 75 99
4792 74 41
62 33 92
87 79 26
59456823156 72 37
149 96 5
1021484 83 50
134 86 23
547 20 54
27031386 25 6
9823497 52 47
39145943820 19 28
210980928 72 27
225408238 91 24
130 59 12
93 54 71
3610988035151 75 84
355 41 41
44 65 53
8005049908 2 94
8 41 12
8230258838320 73 7
81 51 97
139 47 40
1118562 22 6
90 29 41
6 48 60
54 90 2
5 50 89
2243915924 40 96
114 22 36
582992837 2 16
78 61 14
903061338257619 70 8
52 40 21
9323831704124 36 56
143 20 45
300127 87 27
10 38 93
94 39 22
6 42 17
110 34 24
65365254 59 40
1 50 55
74402150586 91 17
460616738 67 72
1951426431 32 3
9 28 7
22 92 26
87 82 88
9494795474 75 27
82 4 97
551379 67 77
794 43 82
129 52 29
28 86 92
176798118172747 88 40
135 84 1
19 55 41
939 26 51
1802558720964 23 59
60 73 68
38 53 28
60 71 80
142 45 39
69709233603952 51 69
7323584232636 31 36
543123982 36 41
282577423659 31 41
109 25 4
150 54 42
55 35 65
20 51 36
365076716705207 59 82
91369095 77 34
8682 18 55
147 47 83
76 2 53
7540977897784 37 81
1346673585366 4 9
116 93 83
734545593453420 1 100
103 64 47
44913803871 53 8
829515187863 35 70
128 13 93
16 55 8
5 2 56
27 33 51
96 29 43
564563331229 82 65
36 34 26
1361787770 53 38
391550 6 47
259317647206390 25 0
512 73 51
140868307076706 51 92
813551266720112 46 9
153989414146392 78 0
21 7 39
16272029243165 50 0
5319 10 47
70 55 71
275914544126813 56 73
8030 84 75
4377305544510 32 28
7861 46 20
4 45 54
121 29 52
120 20 5
98528907469481 86 5
23253788717 11 25
81 24 40
128 41 32
119 20 57
59030070269 92 52
910800190748180 42 92
45 62 83
944945728089 41 81
4889 3 71
8631832599640 84 80
8526389053569 45 15
42 65 34
152856241976 12 54
8205 67 5
71 77 51
254 86 70
15972994017386 86 40
441167 74 79
64 67 30
280 3 32
82 22 10
537979852102 68 46
91422724 18 67
10 96 40
2342 16 17
579844 80 80
387114987246 80 20
823 8 6
10 35 45
265160554465826 6 59
192636560148245 20 8
3606 28 83
31918878755784 33 51
23 47 46
32 49 7
66 11 52
149 5 93
5599 78 27
62 8 35
6 89 58
6517604 15 88
118 68 70
17483116308591 25 1
87 81 33
338519 83 66
48 85 5
1 36 100
7 60 28
118 28 24
2 89 50
34 24 18
417698314 80 37
1829 20 97
9 26 53
70 11 47
38673746600918 84 58
73 6 13
84153074 2 35
28 42 93
150 37 29
73706 59 86
30 46 94
865706156540269 25 0
206 27 87
50098 90 72
8463434 57 4
20014638568 56 4
130 10 56
2249907142247 81 65
104 60 63
117 91 46
138437957632295 53 68
647048 55 59
143 71 51
5627656617 33 81
19224182996257 67 47
68341591301911 3 83
712245532499862 27 100
23739 90 7
5 9 48
954119 4 74
70 91 27
36224750356 35 58
5 99 37
99 31 28
1782427 53 74
22798 94 60
93591 61 58
695373439217 85 74
11 41 80
808850958831422 32 100
5691 88 10
946830890983250 14 78
53356691822 56 35
3563944788257 0 100
59 75 7
60 89 33
739 12 25
133 35 1
44317888358039 80 4
40 73 5
95221116720516 61 97
4940678 55 94
4180136379 55 55
73799 89 88
55 14 55
95 7 96
44 67 96
116 52 2
92545435019550 66 16
95 37 79
668747914 97 38
325021140704 61 96
14 55 20
66 88 3
95 14 50
9176244574747 7 42
2536578725 69 30
45599188791 19 93
17948179750 69 42
303198534974 3 64
822507679973169 34 71
3384 84 48
686294621113 75 37
82 12 68
826399498100 79 31
7518101511 29 89
66469 54 67
66 33 35
21068839959700 48 39
5997421 66 26
755614313550 98 63
46 14 40
101 68 99
8430962422 25 23
122 5 77
110 19 49
112 67 14
23 50 53
1 47 86
6 72 29
46 18 69
61 1 93
126 79 36
4848644 1 83
3553 64 8
33633 91 16
7693 18 91
40 61 53
67 70 88
44 77 91
121 15 60
74648 21 23
432465064 58 8
2 50 88
97571941 40 8
95 18 67
141 28 93
24252 17 58
5561908 52 48
98 21 72
7144267985 65 62
50 74 62
14 68 81
89 9 39
507 79 88
34118225495745 76 30
95207798 6 28
98 94 73
145 41 2
67925367911401 33 2
40552419917338 53 41
675969 85 13
3975480103193 99 95
31124 31 60
71294 87 96
83 18 86
105729425932496 52 0
999634262 78 51
48 39 98
894654250 26 99
6537353529269 95 5
673 82 44
76 47 63
149 11 53
59472337 46 19
72208 77 28
27 53 6
148 60 60
142 6 78
970140950511659 68 82
342 89 71
31 7 20
82 88 48
100 20 81
80 36 73
105 86 42
95 95 47
41 20 97
101 7 45
7078 29 78
66 70 50
30 65 70
91 14 40
68863840137456 73 42
621 19 38
7 74 41
18 67 87
44 87 57
113 90 40
37640232548 62 84
52 19 6
127 42 56
715493759399797 65 0
99685 76 86
8613859 32 41
59924137772 91 31
1011 15 74
20 6 82
5017518718 0 0
5892927 82 1
29 99 66
129 65 99
6416 3 6
23 63 81
11 54 42
2456 58 3
983 1 34
621371789343288 55 60
113 92 36
106 22 82
27633415266255 80 8
28 54 79
53 62 31
49 70 72
94 44 88
7190543 39 18
722843521405 19 48
78 97 76
3206549974868 84 71
114 55 14
136 93 3
9 53 20
797372967830052 36 55
30 63 73
5428328918 2 70
17 67 41
12561569 61 81
208148738 57 69
53 48 29
75 3 22
131688966084522 73 53
78 44 22
36 75 12
46867002 9 86
40 75 48
111 8 3
129 89 59
86701047426 71 89
772 30 77
79 87 74
125 99 22
85973096121869 9 45
866742497140044 0 100
96 29 29
996438506969785 79 95
7 61 57
24 79 26
89 65 61
81 56 49
6 9 21
11 77 36
887758224002904 55 27
120 75 18
34404128 34 88
99 70 42
60748455 40 94
11 11 40
63 72 29
138 1 10
29336 5 35
83 63 63
31 67 69
679 44 52
7 13 46
10 51 88
27 37 16
79 13 67
18 33 11
146 62 81
120 23 94
2232344157226 33 82
5 25 17
4372316232837 40 24
288082492 62 11
58 2 15
82 77 71
25 55 18
107 67 76
575668543620666 62 60
2526 8 89
70 11 79
90 19 42
132 92 42
55 57 43
14611796695836 5 80
25 26 43
136 18 26
64 39 66
117 13 41
66 4 27
72 70 64
710012428099231 53 9
7344 39 14
2 50 13
20 86 96
318525638 19 19
138 79 42
87845506056823 40 33
78556563997131 62 12
3 25 42
79 78 62
46689 33 43
923 1 62
5047810 85 55
405556831036859 32 100
61 34 30
144 40 94
22 15 53
3 33 75
83 14 80
21 26 36
83 18 35
706184668728435 20 100
136 73 33
8198 59 79
11399538 36 94
9322272 80 41
2921014667715 89 62
8596286903826 55 29
659842415 66 19
322387967 72 69
6 96 82
67 98 97
45 95 50
13048 64 24
6160 11 84
130 71 22
8986986 57 15
76627049 37 97
2 99 39
114 78 2
36 35 88
100 16 58
108 35 43
42 49 64
108 77 79
49 50 7
128 30 1
7753265 15 27
8409177220222 65 14
58 81 41
42 47 61
62 88 35
116 23 46
7 71 57
30320805 30 39
1 4 7
587079830794111 58 34
6291717015 4 87
128 51 27
6289478023 35 7
100 23 56
16 65 15
72 61 6
33 34 6
90 39 92
111 86 25
3228611327592 95 40
35 48 45
96 60 57
133 86 80
104 31 40
63 53 23
41 15 47
14 36 82
112 77 67
27 73 13
21 67 27
508769770558 59 27
103 13 12
35622 66 79
177161264 58 48
62570332 85 96
58455 34 63
954819308796776 93 56
97 70 46
190256162366101 78 71
601 24 83
122 31 48
143 38 25
34 82 41
13 22 73
139 90 61
338033 69 93
919 55 75
829647103936 56 8
16702234 12 28
71354415 25 95
143 64 3
380 65 76
71 8 97
6111 25 40
86 29 3
45323470149710 92 96
50 83 70
498003988 61 62
902 37 65
33 50 20
86 87 86
137 96 4
572665668996 20 68
93 81 94
1227 97 41
87 73 40
110 3 27
226 33 29
48 67 39
65 58 64
69304896482 89 89
36 34 3
425804550 81 94
106719396270 96 46
5627855170369 84 82
67946 73 8
5 27 65
118 12 39
66915 53 25
59 74 36
41 57 26
3818572161 28 71
88375020078 45 71
128 19 15
130 85 42
967 83 27
86091410 3 44
86064604459 18 51
84 10 24
108 97 25
117 4 59
140 3 78
75 38 60
153 86 19
9 15 60
56 83 75
60 9 38
10 80 93
62 82 90
134 52 7
77 97 23
35 18 23
105 32 89
55237156720166 13 93
130 23 36
25 78 57
145 23 66
4 1 34
73 8 81
45 42 63
122 15 54
117 5 94
382409440142885 13 24
132 66 9
118 24 16
79 53 41
3 95 25
8170 78 35
622524878 89 52
537 51 67
66 23 99
46 56 1
6690691649 11 7
69930079 80 79
1 43 54
22 32 18
22 72 33
51 99 40
64 33 27
81 19 90
92 77 37
7394342251762 26 36
3 99 33
365047034376241 18 17
35878158416 93 80
467088839 97 57
702202246134893 87 14
38 95 7
102 75 4
253219395119918 75 0
15 55 65
73 42 85
55 44 59
137 43 95
7219 22 84
3376 32 82
390562 68 31
123 14 60
64 26 70
856783584268235 50 100
64 88 64
12482 49 73
105 51 74
147 32 79
917866460013845 64 49
98 21 24
134 2 79
138833 75 2
10 88 26
66 73 42
60 25 8
98 59 39
34 96 18
805760818077937 61 52
19 10 71
57 64 77
204 7 79
85 5 95
87469412802816 88 49
55 3 70
56719574348 51 61
48258750058 27 75
150 11 26
903021266684254 73 0
802974 71 18
1291 7 44
279840682100659 63 100
187 48 40
16006138 66 30
83 40 80
85228028825 91 51
135 42 51
865 31 26
144 45 13
113 43 24
101 10 3
2869 29 19
974879566456954 90 77
53 95 51
63232 82 69
51829708346 72 69
98434 7 94
126 14 64
9979863493 18 8
142 73 39
4840 65 22
130 11 76
43 87 19
651616500745 58 89
5112 93 75
9770023080388 94 77
71120 75 14
409101096365835 99 82
211003254 39 41
285118023 56 41
804089708985 33 77
588927934 100 0
47231164 22 74
125 37 79
4 12 66
9 16 68
948147577576832 15 17
503 53 15
853332433 21 42
12648 8 1
114 20 18
103 55 38
26441927094 21 19
77 77 77
19612873 18 76
178634386027 45 19
797602857476117 73 87
854101 13 26
451542 83 29
893942332 83 96
58312 89 4
281776337 6 98
24 16 42
27 6 4
116 92 49
62 44 89
35 44 27
58 61 32
12 40 41
4637123257625 29 38
221833426639 28 65
16164914 93 71
407956 76 10
139 40 37
139498788365966 91 40
30 35 61
44816920841 40 52
88 45 20
19 48 54
97365041995 97 97
239260 16 37
99 44 95
5 71 7
58 76 68
29 31 4
773244595206432 95 13
103 21 55
32737836 4 98
26 63 87
63 7 65
42 62 68
48 32 93
3197677 40 83
143 22 88
124 9 96
75 11 18
22032364 99 84
827971540 72 40
30 5 17
79 58 21
36 64 61
110 26 25
667 12 9
530 39 66
60895756702 86 88
44 13 85
117 45 32
735270254 28 19
970546118 93 93
142 55 98
51577488811 88 22
7623945 32 83
86 59 73
111 75 25
93628 21 50
7 65 49
144 92 87
4 70 41
120 85 25
67503479 34 98
80885493494721 99 56
54 88 26
142 36 4
28 55 31
139 4 45
4531247248315 85 34
123 45 96
9528586811387 35 50
23 11 15
75 1 90
7698 81 91
30 26 84
61 57 50
5346 56 95
830989 100 100
94017 99 85
4220418331370 22 15
455075404496 19 71
111 76 37
35 5 86
62 28 64
14 17 94
427 56 44
46 68 92
417053937714622 81 0
119 56 12
38118167 93 98
67 39 99
45869 89 46
89849043340 55 6
44 68 46
1 88 0
871 65 57
148 1 96
61985959345 97 71
84 39 60
6597687 91 13
378954768567 45 6
9394 91 14
4 73 64
146 61 74
7440045813755 85 17
579487263046236 52 100
690505612 4 63
78 9 50
216100 56 75
37105954247 40 14
129 4 29
138 81 23
37479682 70 57
80862186901647 90 84
4521 35 39
4537225007733 69 76
1 23 98
353924467092 12 95
40 32 41
74 51 10
25 91 90
29035695 14 24
9 26 51
95 69 45
83 46 3
62 1 43
23058773 96 50
34 31 19
95 77 29
61 41 41
98415990 82 39
137 36 64
113 66 55
1185173 53 89
56475702274 28 6
59 36 33
98 18 89
355397578941237 61 84
11 62 74
26915839091 14 40
29323775 6 48
6 78 71
70233711 27 21
104 86 50
65 52 61
6168367 2 27
9238708 86 28
15 70 35
70 26 85
56 1 41
31 90 37
2255648 21 82
80 59 38
93 84 35
60 49 32
109 40 8
110 96 45
925006114039 89 36
129 90 47
9855045104 57 8
16 65 89
5 46 76
60 40 89
14 26 6
3570916500402 43 47
71 92 7
90 51 91
51 34 31
110 46 86
79609139306 50 86
5379760044 56 97
7065010 33 36
58 8 84
58 31 43
7578589127243 18 2
146 71 60
9391385827 48 63
8293 55 49
32 53 29
657811928011113 98 0
114 13 9
3 20 42
440639 56 43
599468321394328 43 8
119 9 32
127237 1 76
4 5 46
223870836464 42 73
52 23 18
52672 40 14
3 29 53
97667809 94 45
7 33 68
83365281066594 3 5
133 98 87
96 1 84
990021 57 44
49 60 76
658467 99 38
72 14 78
108 82 30
907 67 9
276866079 63 65
860020 80 98
88020993131901 25 49
99 87 87
98 72 25
4 47 82
98783 23 62
108 80 17
52 88 85
755858 28 54
8 82 39
148 91 19
5170 41 24
30 39 67
129 41 61
150 7 71
12669583697156 53 85
37776860681 99 55
74 83 16
15 25 49
8818519795747 58 2
46 37 59
118 66 94
5 91 13
6840761 11 28
109 76 24
96 84 46
384401998616998 26 34
491182020 76 87
72 4 31
34 30 55
74 73 36
144 21 29
81 23 15
8753195102 16 32
3 42 42
14 33 2
124 66 34
683104723110864 16 87
971737 20 88
1558 54 29
147 35 5
83 27 38
23 29 26
20232360372 58 68
5 54 16
988189658 51 58
101 57 86
126 16 46
139 52 64
5462403835 54 38
31 42 61
2 92 29
149 9 66
11 5 61
72 31 81
9 80 94
341614401428482 8 0
404890542699 7 63
254346440792846 61 0
54654262051221 9 24
45 6 66
77 64 30
5949759527867 3 13
116 44 12
472095538915228 30 45
117 73 20
46 47 97
2621470 50 5
66 77 62
132 22 67
64959440659 85 45
2133123621969 12 59
95142 91 76
8 50 1
79 71 56
252809657983939 75 100
73 81 14
21 57 77
46 76 91
567616587 58 87
28 49 1
9 21 23
32786721026 30 24
76 75 71
46 74 97
10 32 45
110 62 63
787816 8 81
11 72 31
2395774037114 78 32
279129292359 57 2
98658577093244 70 10
4557 49 51
912801003840 75 48
67 56 59
34395 48 37
107 70 98
42531 12 1
153039 35 31
87 8 41
441 39 57
82 71 26
92 93 5
68 39 52
25 92 59
97447642 2 70
88607 60 95
92 22 44
639187457899 45 84
97570962502 50 67
93 24 11
999896589 30 81
70 58 20
31 42 75
8014645 91 23
893661 68 64
75 92 28
534463 54 68
898303562181632 83 0
33 79 46
2975 70 66
130 67 36
2921336478 78 16
7 15 3
114 49 38
20199089842 85 89
141 72 59
910 54 65
4630717740 82 9
106 58 79
833349771853320 97 100
87 81 14
6 69 41
660717 76 52
451118035083194 8 88
8435 70 41
33 53 32
549896 13 57
83 64 3
7 90 91
56 76 92
118 83 28
819753562830 95 59
673724694 16 54
80468 83 18
1 36 28
22 38 50
189 79 98
132 59 50
109 99 15
42 91 43
850448765731 71 5
90 51 48
18897308706536 19 42
70 56 33
427808 35 1
71 30 75
121 90 11
843970760480322 29 19
45 43 47
95 11 47
112 63 16
121 75 63
17 95 47
38 20 32
21006716 70 16
8 32 19
98 38 21
45 66 64
87 87 86
140 87 83
410 91 12
703026988278028 51 33
81703839065340 90 80
36 99 51
1363198587085 45 7
7 56 48
3609964138 5 81
69 68 80
999079 30 75
184238 67 58
94 2 47
122 45 65
8 92 52
8427298197492 23 3
6 66 76
79161 82 15
48 19 90
20 24 76
73070255249 73 64
56947167 61 60
255482365 46 24
1866138 76 14
355 20 16
133 18 81
5599465518861 63 21
74 98 12
869223665748819 31 99
206184263744499 56 18
24 43 97
49 38 25
32953614 16 63
30 45 35
10 55 96
55 87 96
130 90 70
148 60 67
15 43 30
24626076857 37 88
142 24 4
38 58 61
41 58 86
76180702934894 30 80
128 23 39
117 76 11
5 43 89
1730317573 27 46
85 20 76
88864170 87 92
49253 96 55
123 95 79
21943530600 74 40
68 42 27
24 56 28
1326821 53 46
88 90 69
105 28 4
68685159532365 8 97
1953945638810 12 49
38 9 9
132 59 10
91557 11 93
57 91 7
70 92 60
20 7 74
64 12 63
115 29 61
411885 60 89
118 17 64
39 25 62
206202434710 19 49
58510175029154 78 46
306076591907604 87 100
433538 6 23
99 1 99
407 15 86
8431305196 67 95
90919916145 26 84
655132462267992 48 58
59811043 76 70
34 85 64
29 64 66
72 95 62
76 97 71
2 40 93
3482 27 76
123 85 42
83 1 44
4 66 83
4 19 20
612139717596 79 44
4 39 23
124 57 93
47626451413094 83 49
14579209391352 59 95
12 48 10
109 11 69
104 57 62
108 12 41
13743 57 55
915576204 38 13
20554 19 21
144 36 65
91 10 33
141 59 16
49 73 46
130 13 19
340143185771262 34 32
148 92 10
126 8 13
133 20 11
7844966879 93 82
30 11 79
44 14 6
381065 74 25
9 41 38
147 3 63
7 44 84
68 49 73
15 26 29
492021248 43 39
134 54 24
14 5 91
29309042282940 54 56
58 64 40
23671 15 19
147 56 91
60 19 57
1000000000000000 1 14
5060044774 77 75
182829909144119 73 22
85 91 73
908636208570 2 23
110 65 87
32 49 9
5 17 42
69 74 73
96 71 89
519 64 30
827754 22 72
5226 90 96
29 84 16
96257024497 65 45
1070663368 35 54
17 82 20
8502319 62 21
79 81 97
5 40 41
40 24 72
11 84 32
121 16 90
930337483 23 91
31402573487 37 57
113 61 32
93 70 4
67 96 75
485 23 36
70 23 81
46781 96 7
137 9 6
20 16 45
4911302 96 31
13 29 31
45 56 47
123 15 38
72 3 8
123 19 4
80 5 98
3 24 41
21 89 2
10 38 21
65 67 32
983835693568976 28 100
146 56 73
362793682379040 80 43
123 63 92
440376578197456 99 29
167911128641 53 8
945283564953045 68 40
35 2 22
6 85 55
65 72 63
45 75 73
6 55 82
19596140370464 7 45
886925539272541 82 27
84 88 38
2492240880054 40 69
78 85 82
95810062540 93 18
97 55 37
103 67 44
100 23 9
112 35 4
136 72 89
3 93 91
65 27 70
143 97 21
46528092542944 1 1
61 36 30
60 18 33
66615558 58 17
7 58 25
226 70 27
72785115683428 23 86
750873234465 11 78
488043644190794 29 14
88 88 56
782391597 60 51
12 1 34
1633159 81 27
59 32 24
7504118693 71 21
311101572294549 83 92
103 28 35
96 97 17
7003774760 29 18
2090847883 45 64
392157 12 3
190869 8 93
65230906788 78 99
36 30 24
835 37 35
19 37 21
411770425646 66 45
76 67 49
74 70 44
147 19 85
5 10 34
47 65 93
69 31 77
8763225765995 61 74
58 80 86
51 69 12
130 25 87
6130625284389 60 58
75 43 73
95972655501707 73 93
32 30 69
62 31 83
40 71 68
8983891 82 63
23134834 98 43
95291656116 19 12
1582100362680 61 4
23 31 73
80 53 37
281523291744192 69 95
50299827749293 84 52
122367 83 81
29 81 91
135 76 22
31507133270 47 68
953233706284501 68 52
86 95 27
94 29 45
7325142913 93 24
6194402 1 2
875478598275 32 25
13 39 34
49 51 11
124 41 35
37 91 25
385 78 18
12 49 81
7903913194060 26 17
81 92 3
389962406 45 85
10 55 17
7599599056038 89 35
148 2 65
60 56 44
938 96 88
103 62 56
35 93 13
16 61 81
123 34 84
5020675843622 63 22
223919117 52 76
65 12 21
110638 23 40
2460698297605 38 90
1 35 16
4 25 86
76 77 31
55449639504741 18 73
72130934980358 74 29
9645 22 78
8987591640109 51 7
33 80 75
5 92 85
97174 1 5
487844746493013 23 100
2 96 90
99 19 7
44 97 7
3299415754708 46 14
94 84 92
457855636817379 90 0
29 11 80
73 83 93
130 79 37
105 35 69
833144284917811 22 0
115 65 5
1 12 42
750356 64 50
87 38 46
24 33 43
134 37 1
605069414292065 68 100
96309938 89 70
97 27 66
64157828 43 45
1020723328 88 58
77 68 44
64 40 63
41679907080 19 66
7971144575 25 79
127 14 8
8483274843 97 6
8684916786 16 58
117 20 62
29 50 68
18 22 92
88784 69 63
758642705 6 53
45 75 54
76 68 79
2204 77 49
917 27 68
118 87 8
83953800033 78 47
1 50 2
7 77 52
134 63 85
1 78 87
65 88 78
70 9 95
108 54 40
45 38 72
10 82 86
60 82 54
108 30 89
40 81 8
127 26 61
23 5 26
48517717767 62 3
64158164599 5 62
14244693215652 12 56
84 12 5
43 30 89
97 74 77
58 20 16
30 53 43
9 34 94
2765964925093 89 92
13092 1 16
21 77 14
230191262798163 12 37
45 14 53
2 94 75
125 99 39
76 63 31
218918068 82 53
5 98 6
132288295964021 16 53
119 55 79
78 61 55
4 54 97
143 95 37
680227 98 74
95 6 55
2143325270148 11 43
18070139272643 37 92
144 41 76
89 17 38
10 12 96
13 85 93
1403 17 31
27 58 74
6 70 2
2481002527 52 53
16 70 62
72953292620103 84 45
48 21 91
5005004952888 19 39
554091310526 64 13
910984434262 94 81
49 52 39
248030108 66 2
125 22 45
129 3 72
39 70 73
6588049335615 62 94
63 74 81
9 28 73
29 13 69
125 54 91
101 43 52
4930672842492 19 19
11 12 5
4295862128549 38 86
95845917769 74 8
13675 43 52
122 18 23
55 42 64
94015 14 98
3654690805216 90 91
840 35 87
28 63 5
672422452431 58 56
20 3 54
91 18 68
348747447473 89 53
99 72 27
17 91 88
113 40 12
8 21 2
95 1 16
593652756865341 7 43
804539928 94 51
964 70 26
108 68 47
41 43 91
8880 16 69
99544035173 34 90
20 34 48
23 55 92
90 77 22
1 1 71
72 97 50
1240 62 78
7330540940984 3 96
80 68 41
77 96 7
7519074 52 98
47 29 24
138 33 84
4149493898627 7 61
55 52 11
555692805174 26 24
78 55 29
66542 92 2
63114435319589 22 0
6 95 85
33 44 65
15 19 4
45 61 40
145 74 97
134 6 28
1925 64 83
28 12 59
765399772 29 93
880422 34 65
74 8 77
4 18 13
22 50 27
45 7 9
473335288 33 9
45524 16 28
65062 16 62
54 84 40
60 46 66
529798 24 84
5198894219 63 40
40 33 61
147 38 22
34 96 37
109 25 32
98 81 25
41868280 73 79
134 63 32
23 90 16
5906 64 64
77 29 33
118 65 77
4 50 89
86 11 42
50694 75 75
136 63 24
85208795390301 1 13
51 57 12
114 30 9
49 36 59
2 44 14
3221759205137 4 76
584672201355853 55 100
12232003 91 95
27 57 85
1 12 41
97 18 42
839067546 38 5
92 27 9
68 36 51
48043468 86 15
6347651 93 65
124 69 6
549423012347 91 41
769174787628007 91 37
3112 77 79
124 37 16
139 24 12
26 47 66
86154193 15 3
27 71 2
75 26 49
895238628 13 76
87 97 33
77 82 59
28 97 43
3 21 27
22 40 15
68 6 16
2145970675 21 29
40 75 61
155884559252 97 51
233 9 52
30 12 82
128 58 75
92 24 55
84 50 86
972667905479 61 89
828550015870 26 56
27 39 99
41 9 40
147151 57 36
7 65 68
96 51 63
670 67 4
22 32 90
120 20 19
537524753761587 26 100
594733 98 52
60 4 36
72 61 62
3384411464 14 84
92 44 2
2646581 6 17
69986 91 37
353263842336 60 48
371543392180711 73 9
705686892843780 86 91
118 65 77
9 4 64
5425 78 26
149 67 40
99 13 88
134 91 32
58948688468989 83 10
81 51 63
3 25 20
37 39 74
143 24 80
13 50 19
3154487 37 83
57 54 93
8044961 14 38
121 56 83
6804 85 57
30 42 57
48 38 60
39 9 12
84861185869555 50 86
10 2 16
585463569622760 81 51
96 60 90
31 35 7
46842675868617 72 21
344476520763564 36 100
3369770393 40 43
89 88 72
924545 61 34
533591392858637 35 0
19 49 54
148 89 69
109 77 96
37 58 8
22997597 87 30
15139432532084 63 25
60 22 4
68 13 77
27 58 62
112 25 47
54 72 66
43 45 91
53949671457324 56 4
26 40 41
44597519169 21 1
94459 3 94
106 99 3
84 15 47
688493894755718 79 10
126 14 85
8882224861747 98 46
140 62 45
146 6 49
77002862 57 49
18646204121695 17 17
6 13 41
71689483810 28 15
866749 51 47
51 49 33
92 11 24
56 26 93
77 40 73
81319852567974 66 61
123 39 45
41 86 81
3 94 68
76 49 61
79404300 3 78
114 62 38
374974085639 99 93
8490 89 80
121 8 97
444502603329043 99 70
93 5 84
108 49 96
548618741194398 47 0
11 90 14
74931717 64 26
98787088 86 37
781897 63 7
28 98 62
102 64 73
83 89 81
912169931088 67 84
50 65 37
569633689 3 52
6 70 2
43 98 60
39 64 32
394178985985573 21 64
54 33 89
99 77 16
2502975016 49 82
92 94 49
130 28 79
56398568525 40 39
599281 6 46
7181727001426 95 37
117 63 93
48905 45 97
23 41 20
160168127 88 50
37 75 57
8818767627558 14 70
8 73 49
59749 40 67
25 12 62
56 8 42
7 14 3
74 7 26
105 83 10
127 5 53
41 21 92
16482904746772 94 43
42461 42 27
25 90 76
93 52 47
9030020160134 7 65
2395437 48 21
52 84 62
14447857894550 28 24
122 66 88
106 92 16
5 66 4
5670440135 1 88
30169782 17 85
47 92 93
60724 36 60
62132787137 13 94
89 86 78
646720 27 46
1 50 15
261235 23 56
54 35 15
417698891868474 55 100
59613 62 24
555818448924898 54 85
433992458718763 6 75
56 38 5
384 42 71
443748508478 24 85
155775567845973 77 74
5 34 55
721902807513 12 90
32 7 1
46595877640 64 38
37 45 8
96604772014 35 72
4609755348 65 17
90 17 82
537144682689 32 51
68 21 26
88 5 37
76310196 97 51
479165874674 56 79
100 87 83
382023500 12 8
9222 94 5
6 70 24
100 74 70
84 26 89
58 98 9
544936502011443 13 56
88 39 77
139 73 34
35 96 86
129 99 6
88 71 59
4915600611132 97 98
83511719488 43 44
115 34 76
147 79 16
2 75 15
1847553 33 41
103 61 80
138 42 29
114 59 62
119 27 32
37 51 14
79 39 81
145 7 79
1000000000000000 33 0
51 94 44
109 94 16
63 24 41
64 58 29
71 14 11
147 16 1
75 59 36
14717122005592 32 26
113 7 25
78 3 30
10 28 36
94 40 21
