40
3 2 100
3 5 7
4 8 16
1 20 5 2
5 1665 3646
3484 1975 1224 2821 1940
3 2 50
3 5 75
7 5 10000
9978 9762 9714 9822 9726 9678 9942
5 1230 3607
689 4889 1652 8426 6543
5 778 8607
3984 7111 317 513 6049
5 6881 8041
8420 2925 804 8057 7870
5 5650 5981
6512 8793 5049 1238 4351
50 2 10000
24 72 840 252 16 1680 336 5 18 140 1 8 240 280 126 560 40 36 14 120 180 63 56 48 3 70 360 20 315 720 630 6 1008 45 504 112 10 5040 9 12 60 1260 420 105 21 30 168 210 2520 35
100 2 10000
1998 1110 296 1369 703 2553 2775 740 2294 2664 3256 629 3367 3478 2146 2997 2738 1665 2479 962 1332 3552 3108 777 3293 222 555 333 1887 1739 1443 1517 3219 148 1554 370 2960 2442 481 111 2035 1480 2627 1813 1850 1258 3626 1628 1184 3034 1221 2849 2109 259 1406 3404 1147 1591 3663 925 3145 1776 2812 1702 444 3515 666 888 2701 2405 3071 999 185 2257 2331 2220 2590 3330 814 1295 1924 518 2183 3700 592 3182 74 407 2923 2516 3441 3737 2368 2072 2886 851 3589 1961 1036 1073
5 3350 7977
4419 2027 9460 5580 8580
5 9069 9668
3314 311 1876 9913 9659
4 2 10000
4 3 17 49
5 8644 9107
8224 5981 7412 7763 2549
5 5877 9594
3194 2576 1821 5954 2303
2 5001 10000
5000 2500
5 80 1054
5981 9449 867 7193 2687
51 811 1620
4860 162 4860 4860 4860 162 162 4860 162 162 162 4860 4860 4860 162 162 162 4860 162 4860 4860 162 162 4860 162 162 162 162 4860 4860 4860 162 4860 162 162 4860 162 4860 4860 4860 4860 4860 4860 162 4860 162 162 162 162 4860 4860
5 7911 8732
8172 2761 6336 8473 2164
100 1 10000
8519 5388 5539 7458 4324 1730 1861 9205 8290 9368 5645 9306 9469 8144 2166 8100 4079 4209 1976 9681 2283 4081 6354 7396 1269 7800 9933 5676 1953 1972 1814 7940 3768 4945 6714 846 5986 8714 4494 8217 5750 3106 1550 6712 3070 5719 3540 4692 7146 3983 7991 4234 9622 1648 837 2490 9165 2929 5453 3676 3110 7131 8526 2028 2210 1970 5018 2276 8891 4759 632 1664 1808 9837 3992 7225 9521 3574 1256 9102 6666 1183 3891 6748 9579 4488 5725 6357 6274 7361 2237 7785 3445 9688 7214 1402 4508 221 4939 8930
10 8331 9997
7 98 119 238 14 49 833 2 17 34
51 1211 2419
1210 2420 1210 2420 2420 2420 2420 2420 1210 1210 2420 2420 1210 2420 1210 1210 1210 2420 1210 2420 2420 2420 1210 2420 1210 1210 1210 1210 2420 1210 1210 1210 1210 1210 2420 1210 2420 2420 1210 2420 2420 2420 2420 1210 2420 2420 2420 1210 1210 2420 1210
5 2244 8617
9887 8477 163 8463 7332
5 8059 9139
7363 6795 411 5352 255
10 2 10000
7 11 30 10 3 15 6 1 5 2
17 2 10000
1 8633 8633 8633 8633 1 1 1 8633 1 8633 1 1 8633 8633 1 1
100 19 54
3348 1080 9558 9234 702 6966 7614 2268 9720 7776 5724 7506 9612 3564 5454 1350 5022 8046 9126 8640 5076 594 4050 6102 7668 2592 6048 9342 1674 5940 6426 5508 7290 7830 2538 3456 3726 8910 4428 6696 5778 8208 1782 5616 8262 4320 7236 8154 9018 3294 2160 7452 5670 3834 8370 2322 8100 7344 1134 7074 4374 3078 8802 9774 648 4752 5886 3618 3780 5562 3510 4482 7128 3402 9666 5994 4212 3942 6804 8748 5400 1458 5292 2484 6750 1890 7398 9072 3132 8694 864 6912 4644 6372 7182 1404 6210 5832 2214 2430
5 3020 5719
3422 7511 715 8877 3400
10 61 119
5760 9360 3 2880 5040 4 4320 15 40 60
5 569 698
501 233 4770 8839 8037
10 61 119
6 12 3 30 4680 2880 9360 1800 2520 20
6 2 10000
9973 9949 9931 9967 9929 9941
10 2 10000
11 15 10 2310 1 5 2 6 7 3
13 1 10000
3624 6831 610 7844 4044 3436 5669 4633 3372 3547 8580 6451 6728
5 1630 2291
4608 9195 2634 7057 1415
5 9562 9619
4283 3031 5424 5478 4389
5 1793 5297
56 173 7831 545 4502
5 86 9148
470 6127 3647 3457 6464
5 5322 8442
6800 4575 708 2797 4967
