1000
178 719
77 478
82 866
97 395
30 892
90 555
181 730
12 564
178 718
71 755
35 71
321 643
135 271
219 439
115 231
1 1000
42 267
42 266
42 268
42 301
155 626
155 625
155 627
155 666
194 782
194 781
194 783
194 829
31 913
31 912
31 914
31 964
198 397
198 512
148 598
148 597
148 599
148 646
79 159
79 294
222 894
222 893
222 895
222 905
338 677
338 780
333 667
333 776
273 547
273 741
215 431
215 650
13 387
13 386
13 388
13 431
155 311
155 485
397 795
397 816
146 590
146 589
146 591
146 686
132 265
132 387
125 251
125 370
4 940
4 939
4 941
4 950
55 226
55 225
55 227
55 314
44 485
44 484
44 486
44 506
72 145
72 220
100 828
100 827
100 829
100 942
208 838
208 837
208 839
208 929
406 813
406 988
311 623
311 930
181 730
181 729
181 731
181 878
15 490
15 489
15 491
15 504
469 939
469 973
154 309
154 385
307 615
307 694
136 273
136 333
43 273
43 272
43 274
43 344
224 449
224 639
173 347
173 610
335 671
335 723
132 807
132 806
132 808
132 986
6 261
6 260
6 262
6 271
281 563
281 642
149 299
149 567
313 627
313 711
207 415
207 759
162 654
162 653
162 655
162 900
19 570
19 569
19 571
19 605
135 825
135 824
135 826
135 925
50 920
50 919
50 921
50 986
3 403
141 570
141 569
141 571
141 625
45 721
45 720
45 722
45 741
62 387
62 386
62 388
62 449
118 478
118 477
118 479
118 640
150 301
150 323
37 510
37 509
37 511
37 570
117 235
117 400
412 825
412 909
197 794
197 793
197 795
197 935
234 469
234 704
166 333
166 607
10 816
10 815
10 817
10 828
11 848
11 847
11 849
11 853
452 905
452 977
115 466
115 465
115 467
115 643
55 345
55 344
55 346
55 375
158 963
158 962
158 964
158 982
97 394
97 393
97 395
97 508
81 501
81 500
81 502
81 644
40 166
40 165
40 167
40 244
312 625
312 979
330 661
330 745
60 121
60 175
154 622
154 621
154 623
154 826
95 191
95 193
293 587
293 670
169 339
169 483
442 885
442 980
72 765
72 764
72 766
72 822
18 172
18 171
18 173
18 200
110 221
110 345
283 567
283 858
79 159
79 318
87 354
87 353
87 355
87 390
17 117
17 116
17 118
17 149
300 601
300 695
185 371
185 729
380 761
380 900
332 666
27 315
27 314
27 316
27 334
310 621
310 777
114 229
114 250
37 154
37 153
37 155
37 234
278 557
278 814
134 542
134 541
134 543
134 776
396 793
396 956
24 670
24 669
24 671
24 745
5 455
5 454
5 456
5 496
191 383
191 556
132 807
132 806
132 808
132 884
15 301
15 300
15 302
15 331
113 693
113 692
113 694
113 839
166 670
166 669
166 671
166 920
287 575
287 829
334 669
334 862
139 548
94 381
94 383
94 523
4 623
4 625
4 673
248 813
109 668
109 670
109 679
116 469
116 471
116 654
219 881
219 883
219 913
96 389
96 391
96 423
66 410
66 412
66 506
270 716
384 809
234 904
401 938
208 559
245 985
180 697
141 860
141 862
141 914
78 482
78 484
78 497
444 958
99 819
99 821
99 856
121 489
121 491
121 499
24 219
24 221
24 248
112 255
168 677
168 679
168 881
42 908
42 910
42 991
299 752
158 637
158 639
158 934
27 551
27 553
27 570
165 659
154 621
154 623
154 786
60 507
60 509
60 544
238 957
238 959
238 997
222 875
102 331
190 765
190 767
190 798
267 655
118 722
118 724
118 732
4 269
4 271
4 293
238 693
179 721
179 723
179 755
143 577
143 579
143 596
32 538
32 540
32 597
54 584
54 586
54 682
32 449
32 451
32 534
454 912
230 483
234 527
144 482
146 890
146 892
146 895
16 509
16 511
16 524
222 538
222 838
417 922
31 710
31 712
31 726
7 506
7 508
7 552
173 697
173 699
173 740
264 662
262 951
257 647
259 833
101 216
102 843
102 845
102 945
268 623
105 425
105 427
105 517
259 607
334 716
329 919
50 427
50 429
50 454
280 561
366 781
155 547
74 153
385 897
183 435
154 597
153 371
133 537
133 539
133 794
258 682
163 493
68 422
68 424
68 446
152 613
152 615
152 669
52 213
52 215
52 298
340 715
200 690
271 798
271 979
42 678
42 680
42 789
249 902
418 899
431 910
64 261
64 263
64 364
354 735
409 1000
151 417
261 777
68 277
68 279
68 310
270 760
54 713
54 715
54 796
151 365
183 551
261 529
155 625
155 627
155 726
250 662
74 619
74 621
74 671
127 776
127 778
127 884
354 803
331 813
4 371
4 373
4 374
217 864
196 789
196 791
196 882
281 798
90 747
90 749
90 875
446 989
165 665
165 667
165 966
41 484
50 623
228 612
7 82
98 448
183 686
47 903
361 803
271 645
367 904
255 585
400 887
204 682
149 324
17 949
396 975
79 938
297 865
64 203
99 376
333 837
229 578
126 666
30 719
129 546
342 817
344 801
312 764
66 386
227 619
30 996
314 929
48 768
176 754
4 202
116 632
132 658
141 731
106 988
318 908
5 521
49 769
29 772
52 849
126 273
408 856
102 654
316 927
185 923
123 798
489 996
115 309
155 927
240 811
127 499
330 668
19 739
92 978
413 912
109 340
118 689
250 926
47 118
367 882
42 685
215 812
28 824
47 165
10 547
162 477
199 936
19 325
51 977
348 816
87 413
214 741
282 769
271 918
19 303
97 409
378 865
6 905
55 807
54 185
343 944
148 694
25 924
36 89
76 343
13 992
303 930
229 735
19 473
314 742
74 436
56 808
15 494
224 955
64 790
71 431
204 806
150 653
208 542
10 250
35 449
390 956
209 948
94 349
180 634
2 622
18 630
216 656
73 482
133 705
331 775
101 741
66 890
30 625
173 389
323 695
228 538
258 758
109 850
185 501
34 171
396 873
215 788
236 595
359 726
34 184
30 346
20 647
408 859
391 952
284 798
9 991
188 999
110 362
135 889
63 207
67 735
54 607
401 895
222 560
291 660
318 744
65 189
16 555
23 512
98 488
60 275
222 471
392 862
283 611
221 666
179 924
16 536
283 876
53 273
165 662
370 851
182 876
128 383
270 841
141 959
455 956
425 999
403 923
157 863
282 841
270 693
245 605
223 578
213 448
74 343
77 550
4 106
7 930
74 225
358 754
326 839
50 632
290 959
216 694
158 573
184 387
166 952
161 731
25 490
35 252
170 489
64 192
36 531
393 831
69 921
186 996
26 381
38 812
375 946
70 234
53 658
243 863
12 773
234 852
398 816
65 372
270 984
170 374
56 528
148 692
30 512
24 936
225 786
242 722
67 799
94 547
109 955
125 749
269 835
101 728
369 865
131 967
91 480
4 218
18 185
198 631
180 540
14 413
84 873
95 495
78 790
61 952
117 278
30 148
101 941
145 629
24 917
84 507
123 608
331 679
360 762
158 424
164 824
39 764
129 685
16 356
142 663
33 466
363 880
96 975
222 814
38 235
154 560
304 715
369 813
64 158
130 626
155 792
344 945
314 892
223 719
49 762
232 595
133 892
308 884
32 897
397 973
428 914
195 631
6 292
163 903
82 562
239 954
317 983
42 341
237 519
140 745
183 447
367 948
73 791
24 339
193 509
241 509
123 543
67 928
136 780
327 919
178 440
24 653
199 945
297 756
218 484
58 644
121 857
31 214
287 936
100 262
12 177
10 137
157 674
220 563
43 250
216 536
21 268
9 678
161 588
275 981
360 864
14 456
10 645
320 885
291 748
441 965
134 945
374 877
218 613
166 420
259 829
77 497
346 926
343 921
176 567
220 984
225 529
23 161
243 640
118 561
34 863
129 572
85 201
400 959
166 742
193 486
98 613
481 981
108 554
55 720
93 696
96 488
373 917
20 930
357 973
177 573
125 825
304 795
13 638
74 830
129 308
227 668
90 194
436 995
219 486
178 850
424 856
63 244
109 615
142 665
173 905
227 568
35 391
58 282
266 859
84 491
44 913
272 868
157 802
287 867
206 668
132 779
321 998
107 601
80 848
376 859
278 649
181 452
132 422
82 290
7 343
111 448
162 560
48 367
101 736
88 219
75 246
104 413
90 684
418 906
117 403
83 988
80 926
285 590
182 525
100 319
65 600
406 925
245 573
180 645
191 742
148 395
26 222
171 670
207 805
330 701
23 781
198 946
338 828
82 923
12 545
35 846
58 964
446 909
23 889
245 824
333 729
77 342
315 972
67 385
99 661
228 540
9 524
89 242
239 806
84 657
19 75
291 898
379 936
68 740
13 841
66 896
145 870
280 659
108 569
32 964
386 875
222 897
272 957
97 366
17 639
18 802
401 930
77 954
85 751
33 635
1 721
314 783
160 473
129 829
237 616
248 965
105 686
191 605
250 856
163 736
353 999
148 548
407 991
11 361
3 61
112 692
85 829
167 423
333 718
318 969
49 684
152 467
87 374
144 532
9 674
