20
242629 203407
9668923 232239 21940 43183 174628 40396
9475350 124868 240288 62107 58606 58606
240347 73684
9025531 13622 117865 25878 192087 193270
9448896 164678 182155 23586 185704 185704
249229 162882
9617872 220272 196799 188910 231803 202281
9993968 175984 103815 151363 119112 119112
245683 69031
9486746 142273 235109 56177 145789 43644
9459676 113542 187889 138669 154656 154656
243161 90526
9132903 98270 224226 240991 122123 178183
9346292 210956 86350 7100 97498 97498
242521 147928
9661542 218003 81466 46944 9318 61363
9717362 172216 52442 228431 68984 68984
241939 216503
9486243 63364 238891 40899 211220 38205
9157002 99291 162570 6774 31427 31427
243091 169558
9810433 196284 57972 10957 101646 58398
9600475 30310 177337 138654 86117 86117
240953 59292
9966311 77310 160991 179262 100030 159698
9822454 177260 170293 120170 3564 3564
243809 123255
9883748 204902 78612 101297 155637 137746
9545268 226730 9123 232382 66097 66097
246937 148968
9638854 69568 79672 109442 23377 199627
9571003 192171 63582 212910 66731 66731
3 3
5 0 0 1 2 2
3 2 1 1 1 1
240349 127408
9859061 106493 56096 155479 52563 210967
9856094 92255 18742 160843 118837 118837
249971 84693
9603298 204736 98043 54321 229609 196967
9992395 116437 24981 148173 237029 237029
246349 58839
9863463 56816 133963 48273 194764 232784
9394717 240571 101816 214792 52334 52334
244261 67269
9080123 198910 202280 83583 10634 61741
9706034 66152 241891 172453 216243 216243
247031 45930
9308846 104266 74039 214589 88143 33092
9384159 82322 237505 219691 137784 137784
5 4
2 2 1 3 1 4
5 1 0 2 3 3
245989 241965
9991706 132475 208940 168944 183060 190370
9498373 66141 48230 235135 28915 28915
245683 15951
9426988 3857 93164 178627 124136 54532
9470953 240605 31113 119895 219657 219657