100
1
3
4
1 2 1 2
1
4
5
2 1 2 5 3
3
8 3 5
3
8 5 2
1
8
3
8 8 8
1
4
3
7 5 3
5
1 2 5 5 4
3
5 9 1
2
8 8
2
7 7
6
5 5 5 5 9 9
6
2 9 9 9 3 3
5
1 4 3 1 2
4
1 3 9 6
2
4 8
5
4 7 3 8 9
3
4 2 5
4
2 8 8 5
4
8 3 2 7
3
6 8 5
4
5 2 2 1
5
9 9 9 9 9
3
1 1 6
5
8 8 8 8 8
4
9 9 9 9
3
9 3 9
3
8 1 5
3
3 2 1
4
5 5 2 8
2
4 9
1
1
2
6 6
5
3 3 2 4 3
4
8 3 4 4
4
1 1 6 2
3
3 7 1
4
4 1 6 5
6
7 7 7 7 7 9
5
5 4 3 2 1
3
9 9 9
2
9 9
4
2 4 7 1
4
6 1 4 9
6
3 3 5 5 9 9
2
9 8
6
5 5 5 9 9 9
4
3 4 1 4
4
8 8 8 8
4
5 1 7 8
3
8 7 2
3
7 2 2
2
9 7
5
1 1 1 2 5
5
3 4 4 2 4
6
6 6 6 6 9 9
1
7
5
2 4 1 4 1
6
1 1 5 5 9 9
3
5 8 4
3
7 5 4
3
6 5 4
1
9
4
6 9 9 8
3
1 9 2
2
9 9
4
4 1 3 7
5
6 6 6 2 1
1
5
2
5 5
2
2 1
1
6
6
3 6 6 6 9 9
4
9 9 8 6
3
5 9 6
2
9 6
4
4 3 2 1
3
2 9 8
4
4 2 9 9
3
4 6 3
3
9 5 1
4
6 9 1 6
3
2 3 2
6
6 5 4 3 2 1
6
5 6 9 6 9 6
5
2 1 3 2 3
3
6 2 7
2
8 4
3
5 7 1
4
1 8 9 7
5
1 2 3 3 3
6
9 9 9 9 9 9
3
4 1 5
4
7 8 6 7
5
5 7 1 8 1
4
3 8 3 8
5
4 5 2 5 2
