20
100 1
50 79 92
100 100
27 76 1
50 82 21
6 54 36
49 61 64
28 57 83
3 70 6
26 70 32
46 66 16
4 99 47
34 63 48
45 99 42
35 71 30
14 89 60
45 93 65
26 93 9
35 68 85
15 86 27
31 66 37
12 60 47
37 73 51
17 56 93
50 83 98
41 89 54
35 86 14
12 93 39
19 85 45
11 56 62
11 64 33
5 93 47
39 66 60
47 88 28
19 89 98
40 68 88
27 92 44
5 68 75
30 61 27
24 57 81
43 57 24
28 79 73
33 77 47
13 72 57
21 76 86
23 67 51
5 80 32
47 96 65
12 86 75
39 63 30
36 84 75
39 79 67
33 75 37
32 90 57
33 81 68
46 64 38
26 64 38
5 62 94
12 93 91
40 96 73
38 92 62
45 66 18
18 81 5
21 57 40
47 86 24
46 69 38
6 54 78
50 95 27
35 62 83
10 99 97
23 63 89
26 63 71
25 86 48
27 90 53
49 98 60
2 94 31
19 94 30
10 82 33
12 65 95
25 64 80
4 73 51
13 91 14
47 66 3
13 99 13
38 83 24
13 61 78
14 77 60
30 72 53
19 98 56
42 80 57
49 90 51
10 88 62
32 72 62
6 59 29
31 51 31
18 68 20
35 98 11
43 52 9
33 88 52
23 100 45
48 61 100
48 58 71
35 95 67
6 2
1 3 2
4 6 1
50 67
7 14 67
45 50 77
1 4 63
3 45 39
1 2 70
15 25 4
19 24 38
1 12 68
33 37 36
37 42 21
25 42 68
10 14 61
15 39 61
5 28 24
25 30 8
35 39 96
6 47 19
15 35 2
43 48 89
18 22 42
7 50 69
13 33 16
2 8 39
15 43 61
12 46 27
5 36 19
4 19 63
27 47 86
14 43 2
3 44 100
14 33 97
21 43 59
29 39 32
3 23 39
17 48 5
28 40 46
36 37 84
21 45 10
18 28 44
29 32 21
16 27 21
6 15 94
9 23 38
10 14 57
37 41 97
3 42 62
38 47 97
15 42 38
43 46 35
34 45 29
20 43 2
1 37 21
11 16 80
20 43 45
31 32 49
9 44 44
32 50 82
10 31 16
33 50 77
24 50 3
39 45 24
5 39 72
8 9 51
3 48 62
25 48 2
17 49 62
34 48 72
67 9
24 55 66
48 61 53
18 38 47
32 39 34
10 49 77
1 50 2
35 39 53
3 34 85
47 58 70
98 100
18 24 20
67 68 88
11 96 35
18 59 77
26 75 57
3 4 64
53 67 32
13 14 90
25 90 72
25 32 85
21 24 98
9 35 10
32 86 83
40 67 82
18 91 61
52 62 41
60 62 50
9 48 23
37 84 37
26 28 8
51 69 58
56 85 37
19 85 15
54 81 73
67 85 98
68 94 18
9 17 78
56 77 89
16 39 79
46 76 82
46 48 47
35 63 54
67 94 72
17 72 80
6 8 55
19 86 55
55 85 64
60 71 61
32 60 22
69 70 85
43 79 93
42 87 5
17 20 86
9 65 28
67 79 26
40 60 65
39 64 38
14 41 69
40 87 78
40 93 35
13 73 8
54 92 44
11 51 33
24 32 28
38 61 70
36 77 22
26 33 16
20 40 33
89 97 61
15 18 11
38 90 97
25 56 5
73 88 43
19 52 42
73 80 75
24 42 97
22 26 69
4 81 62
35 70 77
6 40 90
19 84 17
60 68 34
16 26 56
12 52 97
11 30 36
22 41 88
23 86 2
82 98 58
42 73 81
18 78 66
33 45 77
67 95 28
35 61 82
12 90 33
66 71 67
17 45 30
4 41 7
63 80 32
14 31 4
32 97 70
22 33 47
36 54 41
42 55 10
38 65 64
14 71 57
59 65 36
46 96 5
51 91 59
13 19 24
31 56 91
28 75
3 7 62
5 6 41
10 15 60
3 18 57
6 17 45
23 24 49
6 15 66
10 24 7
13 23 40
2 24 1
6 7 51
5 12 98
8 25 72
4 14 33
14 17 83
1 8 24
2 16 19
17 26 4
5 22 43
4 27 17
1 7 85
14 19 37
2 16 83
7 28 2
17 23 7
23 25 33
10 13 3
18 19 91
17 18 99
11 26 55
10 19 66
4 27 57
5 26 61
9 15 37
2 12 28
7 19 27
16 19 81
5 8 27
6 7 35
19 25 89
1 15 26
19 21 20
6 16 3
11 27 92
23 28 11
5 26 97
3 14 57
2 9 13
3 28 100
2 7 63
10 14 23
3 25 88
5 18 80
1 13 37
7 10 57
3 13 4
7 11 12
7 14 50
2 11 6
9 23 3
1 15 14
6 21 23
23 28 87
7 10 96
17 27 69
10 20 76
9 23 89
6 21 8
7 21 90
13 22 70
13 21 69
6 28 41
10 15 70
10 27 21
15 25 5
78 17
19 35 27
5 50 8
49 51 16
18 41 7
33 51 73
27 47 38
14 51 20
27 41 67
16 25 15
6 27 6
71 76 99
40 72 16
36 45 62
8 53 42
55 59 45
35 41 31
2 56 28
15 25
9 10 71
2 7 15
9 14 16
9 11 95
4 11 72
3 14 26
2 10 11
6 11 87
5 15 9
2 3 76
4 15 57
10 12 81
2 11 95
4 13 6
7 12 1
6 9 81
5 7 7
3 5 13
14 15 15
8 9 94
6 14 48
1 3 58
5 12 33
9 10 63
12 14 33
100 100
40 96 92
42 96 74
33 43 64
75 89 55
6 91 82
21 24 63
11 57 7
20 53 29
33 82 36
4 24 14
21 61 51
11 66 19
53 95 45
58 75 54
40 43 92
20 89 20
5 28 5
85 87 97
53 75 3
57 63 63
52 92 82
14 38 93
19 48 32
74 84 79
39 53 94
64 70 87
62 93 19
14 59 62
47 93 71
6 34 53
30 78 44
50 76 41
10 97 99
3 45 91
69 81 14
42 68 25
20 32 94
31 61 57
14 43 91
60 68 73
49 52 42
71 87 95
28 61 79
69 70 67
9 20 75
2 8 65
82 100 28
67 100 90
7 23 25
10 61 48
38 96 43
10 94 43
8 43 45
92 93 67
2 27 4
57 67 56
44 51 26
49 89 62
2 29 98
43 76 17
37 40 40
13 75 60
14 57 78
28 56 51
6 58 5
51 81 13
24 56 56
11 100 86
3 67 40
36 70 74
45 49 33
29 65 48
9 36 21
37 78 62
12 17 81
67 99 35
12 89 2
24 42 88
85 88 85
3 22 66
6 84 27
6 35 41
28 52 38
21 65 67
4 56 77
45 73 49
70 77 100
48 94 20
21 92 67
40 47 100
3 58 91
32 34 10
68 86 74
34 54 67
15 57 4
17 42 84
44 96 8
91 95 44
52 68 32
27 64 73
55 58
2 52 78
25 55 13
24 35 44
14 30 75
11 35 77
28 46 6
6 43 72
10 45 86
11 29 79
10 29 46
15 53 9
20 34 29
20 51 81
44 45 73
16 25 11
11 40 83
31 43 70
3 30 15
37 43 28
12 39 51
34 37 73
4 22 22
16 27 85
31 38 76
26 50 25
6 25 39
28 53 16
27 36 2
45 53 20
11 42 91
16 25 77
26 47 50
44 48 96
24 46 58
8 14 13
1 42 26
26 31 76
33 54 12
9 12 61
14 42 55
17 51 86
42 49 80
20 26 31
10 46 67
14 33 3
11 29 37
32 43 29
48 55 83
4 34 29
21 36 22
45 55 53
37 51 24
14 20 1
44 45 19
13 26 58
21 30 11
21 33 77
19 40 65
10 2
1 7 2
6 9 1
72 42
15 71 41
24 65 32
24 67 64
62 63 79
2 61 91
22 50 73
27 71 53
57 69 17
52 57 67
20 34 26
67 69 31
14 54 62
41 50 61
39 51 35
1 45 11
13 33 31
32 69 19
2 30 89
42 71 89
1 14 43
26 35 37
46 68 55
3 59 68
26 54 9
42 58 46
16 49 3
3 38 47
29 56 86
21 48 54
24 45 86
61 71 87
34 48 86
1 62 40
14 36 43
19 29 64
31 43 24
15 45 83
10 44 94
33 36 72
15 17 41
2 29 11
44 66 32
2 100
1 2 81
1 2 28
1 2 6
1 2 1
1 2 37
1 2 41
1 2 1
1 2 77
1 2 2
1 2 74
1 2 97
1 2 99
1 2 18
1 2 98
1 2 33
1 2 42
1 2 98
1 2 36
1 2 55
1 2 80
1 2 81
1 2 15
1 2 66
1 2 92
1 2 30
1 2 40
1 2 57
1 2 61
1 2 52
1 2 4
1 2 70
1 2 13
1 2 64
1 2 97
1 2 75
1 2 94
1 2 62
1 2 19
1 2 44
1 2 5
1 2 70
1 2 45
1 2 84
1 2 41
1 2 83
1 2 53
1 2 7
1 2 33
1 2 19
1 2 31
1 2 30
1 2 46
1 2 16
1 2 48
1 2 35
1 2 46
1 2 54
1 2 57
1 2 17
1 2 80
1 2 22
1 2 89
1 2 23
1 2 76
1 2 79
1 2 9
1 2 36
1 2 53
1 2 23
1 2 24
1 2 65
1 2 46
1 2 88
1 2 40
1 2 11
1 2 67
1 2 18
1 2 4
1 2 8
1 2 39
1 2 4
1 2 28
1 2 12
1 2 52
1 2 15
1 2 1
1 2 95
1 2 13
1 2 38
1 2 52
1 2 11
1 2 47
1 2 20
1 2 73
1 2 40
1 2 49
1 2 24
1 2 26
1 2 97
1 2 84
6 2
1 3 1
3 6 1
54 34
41 52 88
15 19 56
30 32 77
8 12 25
30 38 58
45 50 16
12 36 21
11 14 74
7 32 86
17 40 31
10 40 60
30 39 89
12 37 97
10 12 32
22 47 38
28 43 86
8 17 37
17 52 44
9 15 51
14 32 16
14 49 82
25 41 29
20 31 100
12 54 98
9 11 49
15 33 54
26 51 61
17 34 100
19 52 62
7 25 81
13 48 32
7 42 94
39 54 40
25 42 19
71 50
28 29 35
44 69 29
3 68 99
2 47 51
30 52 63
23 56 81
1 3 74
6 31 28
15 49 8
32 48 44
33 48 64
52 62 99
39 52 31
8 66 46
21 22 85
13 51 8
25 43 3
35 54 62
8 51 63
9 33 39
27 68 7
11 40 28
29 47 3
12 71 57
15 70 15
61 71 14
6 28 68
35 49 51
17 69 34
8 68 21
36 47 28
45 51 73
17 46 10
2 70 69
42 43 75
6 15 10
38 40 38
20 67 35
40 52 65
41 45 17
17 24 55
48 55 7
60 65 45
19 56 91
52 70 19
21 23 88
38 65 55
19 45 34
64 66 25
62 66 41
100 100
12 43 1
61 69 88
56 66 4
7 43 59
70 73 12
13 40 11
3 15 26
62 77 49
65 67 70
23 36 16
60 100 44
74 95 48
6 49 21
1 8 52
14 31 79
53 98 26
24 27 32
10 40 96
57 60 75
18 33 6
94 97 30
81 89 61
85 91 13
17 42 69
54 77 11
13 25 32
23 50 6
11 36 74
20 30 77
1 5 17
72 95 65
24 48 37
3 26 72
79 83 86
15 41 86
63 97 94
60 75 89
10 40 41
32 47 57
67 74 41
52 77 8
59 71 4
66 94 1
7 8 73
71 86 98
52 54 7
54 87 39
64 97 45
3 33 58
4 21 72
57 88 76
71 99 46
62 63 46
36 39 6
6 45 72
53 60 93
12 48 46
34 48 48
10 34 8
11 16 55
62 63 24
87 89 29
24 30 40
58 70 60
58 64 13
75 81 98
35 44 40
74 91 40
37 47 78
5 27 39
17 25 65
5 13 45
3 39 70
57 61 52
1 18 88
62 66 32
57 97 22
15 31 87
62 76 32
70 82 96
57 60 38
22 45 62
68 70 69
68 71 52
1 7 1
76 96 47
31 39 28
26 36 52
6 27 74
53 87 26
75 77 65
97 99 3
12 48 69
52 98 66
87 94 1
5 35 7
39 41 64
63 100 56
18 39 16
16 18 53
28 83
5 7 64
1 28 16
8 24 69
15 24 70
7 13 21
10 21 19
13 23 26
22 24 8
26 28 66
10 17 87
6 20 32
11 13 47
16 27 89
14 19 52
18 28 16
20 23 90
22 27 64
4 5 93
18 28 65
8 17 94
14 28 37
2 13 8
13 15 90
12 25 6
6 9 83
7 18 65
2 19 70
3 13 36
16 22 81
22 27 1
7 14 9
2 14 80
1 23 46
13 26 53
13 14 1
2 8 27
5 10 3
1 25 56
18 24 13
4 19 90
11 18 92
3 23 100
1 22 23
2 27 72
5 24 96
1 13 52
11 14 12
7 26 94
8 25 70
13 15 55
24 26 97
14 21 70
5 7 21
10 24 28
9 26 87
15 26 3
9 27 24
7 11 13
7 10 23
4 24 3
8 26 99
6 10 97
17 22 14
17 18 40
3 13 17
10 18 55
16 26 55
6 26 20
19 22 86
13 23 100
8 18 66
16 20 43
2 10 46
17 28 21
9 23 90
27 28 37
3 20 55
12 24 91
8 24 40
11 14 25
4 8 99
3 8 16
10 13 47
23 91
7 11 36
6 18 71
2 9 48
5 20 99
4 13 77
1 22 24
1 8 99
2 23 82
5 8 100
9 22 58
15 19 60
15 16 53
10 15 42
15 22 68
15 19 14
2 6 20
6 11 97
6 21 53
2 21 60
20 21 96
11 23 68
2 16 96
2 20 13
7 14 40
7 11 19
13 17 6
15 23 3
20 23 48
7 23 99
8 18 16
9 13 95
17 20 62
1 15 76
6 18 87
2 18 83
10 11 72
2 6 37
7 23 3
8 23 50
12 17 1
2 13 20
4 20 15
12 16 12
18 20 21
3 16 44
22 23 15
17 20 29
10 23 40
4 6 32
16 21 5
7 21 83
7 9 97
5 22 79
14 20 52
1 15 3
5 10 77
3 11 3
2 11 39
1 16 60
2 8 10
4 22 18
3 20 93
5 11 59
8 19 64
10 19 37
4 10 83
1 22 90
3 11 64
14 18 52
20 23 48
1 15 97
20 22 58
8 16 73
2 21 24
2 5 97
7 9 63
9 23 9
6 20 71
5 7 100
12 16 16
8 12 41
9 16 44
3 18 73
4 17 42
2 9 81
3 5 51
1 13 45
1 13 100
6 21 3
4 23 96
2 14 13
