100
3 3
10 1 20 2 25 3
10 2 30 3 20 1
3 5
10 1 6 2 10 1
5 1 3 2 10 1 3 2 5 1
3 5
10 1 6 2 10 1
5 1 6 2 10 1 6 2 5 1
1 1
5000000 10
5000000 100
3 5
10000000000000000 1 6000000000000000 2 10000000000000000 1
5000000000000000 1 3000000000000000 2 10000000000000000 1 3000000000000000 2 5000000000000000 1
3 5
10000000000000000 1 6000000000000000 2 10000000000000000 1
5000000000000000 1 6000000000000000 2 10000000000000000 1 6000000000000000 2 5000000000000000 1
3 53
355879898722660 73 520853179372197 44 548501385274409 73
18577753930633 32 97688989976266 73 1 39 1 44 1 98 151892056842932 44 52499901113974 73 1 32 59426178315472 44 1 44 1 73 1 73 6166683546755 32 49854391148038 32 82457370599991 98 7630442678721 44 1 44 174665352153198 98 75526842831069 73 125331602932500 44 106905541175389 73 1 73 1 32 34010509190222 44 137238638987837 98 52523460225542 73 57596586401640 73 36842746016494 44 1 44 151806632556 98 1 44 1 98 1 73 58863808760077 73 96185348408549 73 19124096481343 44 1 73 1 98 1 44 82195816415646 73 1 44 5919737920171 39 1 44 142872916653685 73 101788571274574 98 63305746199923 44 73149006072752 73 29751576887177 73 9540647700842 73 195912707575268 73 65679139398296 44 33927586925463 44 1 44
3 89
7778664128219601 3 7842900998075701 45 7721140404536501 15
310759488233980 4 206761682071081 67 177278165212712 21 283370353338974 91 252225169019605 79 304390568373229 13 398856298279912 69 104029946498792 32 147033443372597 73 149322789160673 31 388602112485053 9 357919135905647 25 331760169489691 80 272174049730931 3 200478051890151 40 316803820255779 1 306181471564501 17 403817298528520 89 221643450257628 76 352339695890267 98 279032433484134 29 266743623149674 19 171988684893908 85 291238671548325 24 296673446888886 68 346023127698375 75 323267427946197 54 232119898610639 83 213589314915979 96 277564582133824 56 276734329122691 23 328926469557132 100 295907625811690 2 325889937634443 14 379887097411033 95 329476650024317 94 315642970705249 57 236531017025312 34 200391219892250 35 272667255810443 16 207545489418433 60 410559966720738 88 180971391669773 62 193616106364862 84 253478169912410 72 267247100927819 99 169750242149861 52 294897390624275 71 261967300614845 6 207759973723583 87 352641898054789 74 216273267294176 51 328015606260097 47 296276864919334 36 344115400748936 90 189347288371935 15 194214852907714 82 358532422989703 12 241013017463124 59 157674773295135 33 252922968343670 27 351872678190535 22 114535433867081 48 341737538360594 53 100201177402323 41 344468916498076 45 209182253736168 58 365910686157896 28 257946548624334 7 314623593124249 50 238936287316942 70 225803899517543 93 198824690525728 46 287760901626411 61 258275416875264 42 226327986511591 75 228856236126450 93 346264975055567 88 271554369375191 23 209241195963536 17 229068706861984 28 352364827484953 6 291669810242221 62 350138051719856 61 306515584414276 2 241991863703438 4 167363519685279 52 334074379232279 68 271487992484319 59
3 18
1234286314474455 37 1189788671726133 69 1168337452412250 37
196105529851303 69 217971255905564 37 213096373184036 37 181465568539573 69 275223241287684 37 210038484532447 37 147741096016968 37 290662072270947 69 253127471333569 69 222741121120188 69 189216150023484 69 212715538032807 37 231306430514112 69 291886533565246 37 244196073531531 69 189268198252482 69 155063069071779 69 178989249371184 37
3 28
2435790981627750 67 2298195432861617 55 2368799513346824 89
284813047435604 89 240240220299785 89 245733790055937 67 266540228039194 30 193252826603981 89 301769650895873 89 290971414440045 55 199668335961276 89 299423450194357 89 280692688611543 89 270223226336338 30 267985070320544 67 279192093979347 30 251201259633685 30 217955592340302 30 259598634715431 55 264718243876420 30 337778596315408 30 256664760130026 67 259612262229491 67 184151028051132 30 264997041722741 30 229016174572328 89 241221513712872 50 259972156941862 67 244814499243958 89 274315131782988 89 221723859456541 50
3 30
1468122263200070 44 1414243961100048 87 1459716102409754 32
19301526029370 78 138582562999663 37 138051902848679 16 1 72 36273854815046 87 175253460641905 56 88591304015906 88 188501177192721 25 142632479220949 61 256393473178733 23 208528303295935 53 147395793720099 3 151696085003148 50 187155258287826 28 276409548604239 38 208007004502942 44 57021301552183 64 255585162388926 32 89648795907816 74 313681547561596 71 91817450723328 33 206554313224960 82 176896204837650 71 154781465676399 87 84236034183101 37 234139189856401 44 86175573744449 28 82287484103824 23 58840736728022 72 251858692057909 38
3 95
2995765946537282 5 2856879817134561 100 2968633860021927 5
50629290820515 5 133419531559367 5 163580084961633 5 172828893480037 5 124043872692449 5 185243391285138 100 97152379600578 5 18617124913375 5 132088446501868 5 39699851483504 5 129675912784566 5 62145983579812 5 71414792357586 100 119881592723766 5 88585638347761 5 87237192699993 5 75439592516653 5 145422904289042 100 4243446329779 5 70247724640961 100 139318252583419 100 117730221601225 5 12637638173314 100 131928150244133 100 164162287692314 5 56290679679775 100 57059449337300 100 49910409545891 5 121643148466643 5 1 100 61468510902177 5 164769059890744 5 138346206095983 5 1 5 43627384354486 5 202120418520856 5 158966957364095 5 195953135212492 100 99449287380461 100 1 100 148075583228956 5 87461121401319 5 36554371845532 5 65381893945021 5 37967790491642 5 17545532472338 100 69091768989340 100 1 100 53968313423350 5 146664138364388 5 183791504176702 5 148507514472156 100 159101011415383 5 72606306857403 5 211135521280252 100 721729911175 5 153863715731706 5 116988746166055 5 76004572526828 5 70484462024892 5 119550258501391 100 59055063437669 5 13317382239122 5 79036754908089 5 28968228699298 5 18872373090851 5 115584796045958 5 96281017109342 5 167757946335423 100 147985680357174 5 117155572689467 5 114097016728591 100 78456273861984 5 19830112779599 5 225623525730009 5 179515257727480 100 1 100 133009519103196 5 130313857615464 100 110828875319012 100 62789554694178 100 38631759483597 100 141169799811266 100 58779545040554 5 1 5 51056765323206 5 94451051388221 5 184469888736250 5 105498494263825 5 57016241260196 5 109786633025502 100 112963311011774 100 169568636312918 5 82058649847524 100 1 100
3 29
552578002987999 70 562938116656487 70 483751071568018 70
103282553123270 12 83779185317981 85 34223499119186 12 22111431096909 20 2493743227337 85 40917102052015 12 21683387357274 20 52227575953523 20 71834340945879 70 78723819296770 12 1 12 50246262640887 12 68823612773225 12 64844986700504 85 40695505478782 85 1 12 67865288843386 99 116403883852749 85 30280743769539 20 67540754712663 70 51591272653632 12 95676858383514 70 33905981555245 20 65304702824363 70 56143524507364 70 11008919068990 12 58490622496797 70 76265924840282 70 57415997430703 70
3 82
7806909445254012 58 7828291866090548 58 7783886067610612 58
346223601119991 58 184729073548116 58 327839189276039 58 344797190373247 58 222413854571299 58 318894683690889 58 247459385964415 58 337474243317739 58 219564470850122 58 212695405176383 58 316171164480250 58 391174919166698 58 315950040341599 58 350167415357974 58 248743228238091 58 367426964341272 58 310984501837661 58 107296972517429 58 286185183410723 58 190246125611639 58 345696229532830 58 336955841623618 58 284997270201191 58 365627914490021 58 132243434622812 58 230277614739484 58 443399876260787 58 182817594555048 58 186445614687181 58 168711501724919 58 373125910293971 58 95569052112270 58 283978500112686 58 102241360724210 58 246864940104408 58 394071378211567 58 423092495480119 58 439627481039699 58 301664184689851 58 246232816091615 58 356117082969265 58 284103124334800 58 193344941210122 58 350668533784093 58 269920264106268 58 494360984678363 58 250162753392242 58 227104036208847 58 274464646034096 58 312084304444915 58 400584819562209 58 279203310803595 58 400342151325321 58 246577983810854 58 434254143580528 58 329189163319329 58 433309067748112 58 291288078391642 58 432117461309803 58 180015049814488 58 276392287828922 58 302223632545177 58 329526380284623 58 181263808976162 58 135071613244047 58 169344557007085 58 269811020059557 58 153101417052898 58 399367862844953 58 248387036268257 58 301815629518513 58 341473135299598 58 311396424649606 58 156372311660637 58 192794365562918 58 81042858581945 58 297092899852283 58 333452200681096 58 353493705295877 58 165130301472129 58 194293451839548 58 379769728158883 58
3 30
2878128194115720 68 2838424772740672 16 2970010586834379 68
414736586290850 68 236414010403543 68 370712202594705 68 466062887794324 68 189126645920812 68 225764606350176 68 459854632565575 68 317020856690658 68 179105182484524 68 369966463126386 68 316292387584351 68 150411745689096 68 215348852174547 16 400911156325923 68 224270847196648 16 282537119183383 68 453991501328546 68 289584033691888 68 289396387637440 68 269429566789282 68 416245358402287 68 203698444109552 68 217080281723819 16 246975297753065 68 352190269883894 68 236897179215077 68 183277768704236 68 373565816736449 68 140965001428075 16 1 16
3 13
1223472258293946 11 1216850886889887 40 1170565128198710 40
248597377603713 40 318757197626288 95 304761662679190 17 320912289423238 6 298246052376379 6 242966975314174 95 292860032144117 95 284178950828732 17 309043745903285 6 363271448968513 95 269774510056347 6 289014177366992 95 269886297827605 95
3 61
2148154077735365 33 2008019778792106 69 2118496958199547 11
89083511657567 32 129948156121812 50 73675806925430 76 81087552698010 61 29811420914338 100 96101376782591 2 60132942186490 31 1 17 94049220323320 4 190554854492160 65 1 34 170843129966568 22 142211167973332 16 74054290087511 33 110479285471267 53 25415187593659 84 1 86 153339424246283 45 132569456076185 73 1 79 66055696991645 54 99198912335654 40 228949029374378 90 164018344099803 63 303644720422358 44 106460737207399 24 1 30 132167193403821 43 52539179800910 99 198767897177191 57 112881054784587 60 130111045792077 56 210481805096191 66 71605067379166 64 177059510109958 62 1 52 49101909303782 85 102668882508638 93 208784600328129 28 69951510989291 11 162011095715784 69 1 52 271191783880089 32 1 85 103686170001949 16 205751087358081 100 102865889502945 60 187143068309619 69 28482446222566 57 114892019897078 90 233227409494137 33 165409021288759 11 136323429404390 84 101733703798653 43 83586504244727 44 1 30 111451609819220 53 1 50 38250218145559 24 95027016181895 65 131434705366977 17
3 94
4123209639251269 43 4122654890872106 60 3996927798566344 43
114593189711034 60 95943265418590 60 121061031146631 43 43167832984287 43 219373101834447 60 130974692340483 60 272281048202095 43 169855178266894 60 221520157919526 43 301715851924659 43 207749157175878 60 1 60 151616960054331 43 27444389288320 60 1 60 196741587194887 60 350485825695341 60 1 60 133312323044169 60 1 43 179296265501622 60 257022195300808 43 106840704154286 60 370297080610497 60 202100254098308 60 108965434045788 60 117979838454719 60 143185780995389 60 145544395050098 60 107195684925430 43 68516369579712 60 16355991819036 60 128697019982889 60 157636864025432 43 241747656534810 60 71150971790523 60 274799345064213 43 198726484792017 60 193193774831546 43 91549309359476 60 173797179505889 60 188026070858712 43 154755345573953 60 1 60 67010607472923 60 250950286688983 60 127539644501104 43 1 43 63644424388394 43 1 60 1 60 250967477917113 43 181308417300989 60 17364852978076 60 316693274117488 60 1 60 106851092807366 43 96766938587959 43 135008012395192 60 219481173375198 43 123287471166789 43 1 60 73033404548633 43 266467451087066 60 69967731532272 60 62951114174550 60 189633333690978 60 22394523292935 60 146556724163690 60 35206399982393 60 241798005973409 43 104736440296795 43 74517653739115 60 202470073003976 43 169667764016059 60 145166323408858 43 108140273992147 60 118596989921437 43 127969201650198 60 103066586929242 60 121620248543026 60 71340450390470 60 248491324728552 60 341119263076606 60 199739073285036 60 25128323014258 60 198586012915668 60 104402677930496 43 128741561315915 43 207851576693974 60 126321997862887 43 129741577384009 43 214508895922951 60 253675607337575 43
3 26
2009013422783725 36 2038939856643898 92 2108100197836458 92
266305057053191 92 352305775880917 61 273333802702085 13 394869560780596 15 149717766971384 92 317683159090296 61 228752223444110 13 164408870719436 15 207861546509998 92 304619920528068 92 213421163591996 61 224647504597070 15 304479278424176 15 217390714959016 15 188987366439602 92 205733741689151 36 326233150142912 92 314028378513696 15 268885510210447 15 357078831619828 15 260913067614181 15 195113528100203 92 183801186412972 61 254113011264876 15 252453360626058 61 213882727724935 15
3 8
527028624355857 13 450631765091772 61 403864565857596 12
241285825729207 22 145173479770500 67 225786705820981 98 124967419525200 96 220025635422100 34 165932987598171 30 155932093693999 72 154497011967315 6
3 30
2994617844378770 2 2971062506514361 50 2972760330918347 2
269910106961233 2 282834522102821 2 319411266811062 2 307692614855620 50 334274029693935 50 293673550335650 2 282556246224109 50 281565686901148 2 295334869310336 50 275502069228437 50 315391390746117 2 300334170670468 2 294878553071685 50 285673254797825 2 320840902567093 2 303259989495251 2 320085404806303 2 316807106177697 50 281719162379909 2 296260829038138 2 318444692141040 50 301011333353555 50 323609350146337 2 304703859838763 2 269647137814394 2 287510962988885 2 294532401748819 50 265383508398168 2 302214993831128 2 306223889600521 2
3 27
2116865846244122 91 2123628116969081 87 2103043805416128 67
240989838977497 57 226635457389386 91 206504472422452 87 326361815132178 67 208470972025727 91 116788465546601 91 175476179405525 87 242690178862798 87 265540516608874 57 155652065380573 67 290395767663259 91 159599136267708 91 183493675791424 67 214257041744932 57 226063261422726 91 291786471134237 87 183877433557861 87 254879450256824 57 185080415402626 67 202245877225648 87 191747493793916 31 270017792739489 67 228891345018701 91 266979042753126 87 239777587530336 67 210156014275888 87 297133890381251 91
3 53
4463865697528537 88 4468014755731627 66 4480135093749588 54
221138536427331 84 233108093675045 63 228886624439767 49 276053627396248 25 274260577023718 21 207283654658177 4 265545194020669 55 187434372810818 34 256689912094506 5 236550291887159 69 290932197583812 32 233086170727091 81 209460197294371 77 287765391425719 57 243201131770662 62 268166097088847 24 278148633127535 11 312791554087069 20 203304556768263 59 273758132750106 67 210908808036177 83 249470005258633 22 239631121401761 8 240709408931483 68 218408620184625 30 249501081118813 43 232542193489974 72 224121784249456 15 274361728750731 2 270655796544375 36 247500943819875 78 295483753582373 90 282846864642899 29 285576566030557 44 304824800647411 96 347313094853269 65 259311273262710 9 219602227776092 13 232586414234393 41 226398328860930 82 191310087493118 23 268145590660065 71 274245290269668 47 192002445978709 100 278925411008932 51 232096874316610 76 266106136864553 14 257337350814837 42 290052344979015 87 232987181913953 39 268549792377381 75 187581522977062 66 235240736941588 46
3 61
639674054201972 88 484343684193784 48 477356522338101 88
47677174877645 48 1 88 20426467291366 88 16160871407729 48 1 88 15906905972133 88 49789649687843 88 1 88 1 88 12120834474684 88 54302270566864 88 58706622602595 48 16508519067727 88 1 88 1 88 28381495126201 88 14138494394901 88 35236346810112 88 1 48 115969180631379 88 1 48 83466470919319 88 1 88 83329385109535 88 12356657348337 88 56283339004898 48 38223768875131 48 94257451802141 48 26707787791774 88 1 88 78331127422861 48 12409783733783 88 105900869508459 88 1 48 83300769054628 88 1 88 1 88 1 88 1 88 1 48 16450384039698 88 72745680868254 88 1 88 1 88 13750352035028 88 84667586313898 48 21852724283411 88 57947845419772 88 3221063340157 48 30180333536279 48 33230582228878 48 20664277651792 48 1 88 1 88 17924492951656 88 28427390122515 88 83856881190661 88 75054582556726 48 22469572123269 88 124074425486595 88 27552735674338 88
3 66
6600105527496739 32 6363160130287733 32 6508683465559170 95
250496203044029 95 160710013776295 32 389788258462286 92 380907394166238 92 205823450012445 54 322565940508664 77 434680891823650 77 237849069840737 77 253007909240229 92 343523885014582 92 293707370465132 32 358531451463947 77 220493414995512 92 173506939924714 95 433969088858347 92 152530351398496 95 372130475195452 95 261462656593256 92 234234110372384 92 295423695899809 54 248302959774038 54 144677917136495 32 335428576147305 92 332938391849523 92 318596354692372 92 311655261800034 92 342854921427693 92 277978511687773 32 225534954108728 32 236130558804621 77 372519052774029 92 287882603028567 77 360255947079443 32 252458370767465 32 442871060863884 77 352480461973217 77 457480354067340 32 394395926385611 92 265255084910090 77 330436307620386 92 334313576703835 77 150799196543777 92 372671992995344 92 340295835982409 95 315725606025292 77 214294430662931 92 268732296843662 92 364193210157903 32 292504140626060 92 376431959467598 95 374747549233949 95 283549009339379 95 229289311308165 92 367556896755298 77 241300996412402 54 161370214333094 32 394849959552254 92 338118095635606 95 407647636840131 92 342923086830375 32 497147616179034 92 317680554937039 92 357941074769036 92 296845499777026 54 358388405371382 92 227255140113151 92
3 11
106238875925744 24 96252072783363 19 101407146815955 12
30937827278152 89 28046574015442 12 25570843971396 63 23219891785364 19 29377911429735 76 28493093417785 48 29550425446587 39 29929050288017 24 29338963614946 3 25195499023118 27 30398124480688 19
3 22
1740657264183471 96 1829497427081430 30 1802441276219009 96
157775166853551 96 188243688522378 96 126673320453484 96 107563375251953 96 267297746311578 30 193555023966166 96 438453578674679 96 150382714089480 96 147631082553858 96 157573562880735 96 346824318901581 96 360898900421968 96 299481078962419 96 124948367469003 96 205995834546354 96 195168456608489 96 52646709080680 30 94432725722777 96 353428330743330 96 290928166687329 96 219839042069057 96 466116494734389 96
3 63
231422726897390 81 221958647273355 83 57618807096448 81
32287074433882 81 1 81 1 53 1 81 62746194823057 81 1 12 59406159833475 83 1 21 1 81 1 81 42256128602540 21 30335037416667 81 61115072927 83 1 81 45734105254155 53 1 81 1 81 31699099072534 12 15473095613131 81 19235705839949 53 24331758732687 53 38986826427812 53 78433924769314 81 39715988371050 12 91765275979123 83 1 53 1 21 22757836043618 81 1 53 12318623889335 12 89347150396931 53 25785722036510 53 13048786347529 21 24353516996400 21 1 12 1 83 8517330630459 81 64898009210174 21 40553022390719 53 1 81 1 81 41731990038914 81 1 12 27966342786384 12 33410910152770 53 8228808057752 83 43771626037720 12 1 83 21205817048812 21 1 83 7617127121832 83 11568326309395 83 1 81 1 81 1 81 1576975533161 81 1 83 1 81 1 12 1518592314839 81 59333207218357 83 91772053979752 21 12321184995127 83
3 92
4795402105603899 74 4796905975955553 98 4806048644420786 65
163814548388247 73 157293741026823 2 158169498299647 90 164630663363301 48 159435881679618 74 161067161544200 86 153106085619068 98 151480541614680 65 163155202021976 97 155676588327621 98 159451772614073 97 157345042608408 48 155096381156354 65 164494543848029 90 160010563042618 74 155897298970860 73 157300283486892 2 171620623285843 86 159757183954339 90 156984341028971 2 155437023778105 74 160966910894421 98 156173585939407 86 160233919583994 65 155273599038629 97 162694242315037 48 165865941888559 73 154692578399000 98 158398739466697 97 148956103760120 65 144675460486285 73 150711003741079 74 165213511727695 2 154318698209261 48 157769584134045 90 157889335486434 86 165531388444265 73 148455441842448 86 157562021917167 97 160554136684610 98 162554172136260 48 164024382407464 74 161817188777257 65 156771791235582 2 158424265941405 90 151918829829546 86 153249066843415 2 162150363420164 74 161208480860413 97 166954783617397 90 155678982792343 73 150867937645384 98 161267812933787 48 151515512894297 65 154037518158111 48 160186424089918 90 153723301487729 98 160694944070281 2 160568983636576 86 153867685172849 97 151085408937894 73 149394493144176 74 149441235559171 65 157132549428494 2 157324715944581 97 159821349545860 86 155036058452168 98 157659015065047 48 165425925400404 73 160415648726167 90 158486955916177 74 149121854121829 65 154210843837113 74 160278052043264 97 157991332359537 48 161354526169139 2 162673804689090 98 152317037395054 86 158245261607505 90 161087282481653 73 156949288552737 65 149126094659174 98 153844697566978 74 162454647740568 90 154903612519726 86 154955192578557 2 152789629583308 97 162193319342049 48 157672021415106 73 162834223104616 65 157439536555492 65 157737875657177 86
3 65
487678318285642 21 505602152813070 79 489236897119134 21
18617231855372 79 13917260573940 21 28406506589031 21 20572254638905 79 5323477370686 21 41537235534270 79 4623249003995 21 29437784354456 79 36887019985861 79 36919556867684 21 39935061917442 21 27459597567363 21 24561947299957 79 21295775383085 21 35315826589760 79 8189193429619 21 21946229712013 79 1 79 46281138740889 79 15533710597768 79 14991713998454 79 15805341639885 21 18237777494910 79 52908251594675 21 48577002276644 79 62052243231346 21 47511879524867 21 3138343459197 21 34065693880268 21 76501266772117 21 7521222185626 79 26984234470489 79 9911010039458 21 9784597469107 21 18382306888912 79 14697510432654 21 1 79 22590198726911 79 44901968948742 21 43667511437249 21 1 79 28149665026565 79 28004952085808 79 7298311233818 21 22797074867430 79 1 21 23825157820363 21 26278980830705 21 43302156953806 21 2585870892925 79 1 79 34622164366058 21 49989875710203 79 21402129781525 79 18600786833819 21 4234873275624 21 43009064713033 79 35757709967004 21 44473436057143 21 10099935193686 21 6971536894547 79 35854558857554 79 37609805636231 21 19017913221698 21 1083260188618 21
3 59
4837325558247196 83 4800040870484851 42 4838538950729365 83
202692911311063 83 306288932727889 42 202859304010272 83 239625948092047 73 237390333834508 31 214183821367539 83 217221648699937 31 294648574879795 73 229476884975917 66 261150058244724 31 287820600756367 83 292510755803002 31 253328504957066 83 282061871068454 31 227999813842014 42 280017305040005 31 228781344798269 83 205161412667459 83 253406664739896 73 232395197363227 83 245309024481083 73 243192593175537 66 279133373576167 83 260804032121779 31 221949959253345 83 290312450164127 83 246896175125398 66 280247007669435 31 251597638853638 31 249498069900363 83 262208232598498 83 200589449147063 31 288687871014390 31 201977397316467 31 222146592035377 66 231410635363915 66 264680336673620 42 226642298380699 31 238694414023340 83 230750808547115 31 223807845045422 66 242212785573594 83 239508432901515 31 237731750038175 66 218345069930276 83 244131045970837 83 249827945470748 42 224268133926892 66 228228069885834 66 207806652691334 73 225550165884179 73 236843817151258 31 227389795978440 66 211849108776879 83 262925864714266 83 247592817984950 73 252757735262142 83 214230353579826 83 231947735154070 83
3 77
7097347913144440 79 7033860160659925 36 6976719056041570 40
237007770978990 9 263578507725109 43 206235381932071 29 410713117626119 7 276982447783534 6 294244510956594 89 394966276355340 40 105577281829777 34 295782373122097 21 274417686035345 94 187081116513005 17 191105349074039 95 205605049398456 61 194598095774421 36 320915109823382 53 382042821165521 51 154112657107629 69 194074062475275 44 183693510794790 23 224897945735680 73 296222216261539 22 432386695205752 57 126331021454762 11 362451965507721 71 135500095166170 5 268678355322573 38 291375396029159 80 263714895748398 58 249149715431642 19 368521036800480 31 364287757531465 84 309977140840964 24 200214952623262 2 238356093870508 79 411956755041496 13 304567940260775 78 251224261427354 91 277628698597814 89 349029443263764 84 308612251785868 9 177588228585269 19 341991321782320 94 216615527783724 79 236059246655021 13 213376183866498 44 140061076686846 24 230857406492612 22 256767601369977 40 284363746618557 71 243289954304623 36 314929911413604 2 445549201431195 21 277800484619692 53 97806048016752 7 276872224988858 17 217239340304638 11 299004157919120 80 320128970429152 91 287791110337528 95 353283428566258 34 411836714354356 73 353425926602497 69 420890392437385 6 313061914355658 58 295522489616072 38 8213251886395 78 167446994741608 5 88641656511816 51 248072095120893 31 213555343046314 29 229492576045897 23 311505833318919 43 326043366384850 57 291898248247710 61 300235771071289 61 268397106896947 79 184636039935002 36
3 56
1195746778068045 43 1154645586618524 36 1208768098375435 43
20942329104253 36 72871340703591 43 64545673502793 36 66148025166342 43 79720317226641 43 58125541935012 43 23534693758568 36 39320344991049 43 124510324245742 43 40780743555260 36 50288075064404 43 80570007949146 43 87906335822834 43 41146540283127 43 19396798884519 43 36612860699393 36 52436659750418 43 58593803977707 36 96297580003548 36 45759201434070 43 91851940455491 43 63369454205784 36 76489697417534 36 81880542243852 43 139114144705052 43 42957154191459 43 41188512690218 36 16715927991415 36 64283622683845 43 30156739993012 36 53836282915530 36 61346816405457 43 45012300991873 43 46842716435311 36 84713883314939 43 13788423710798 36 30813767497233 43 56475330059211 43 77987577230836 36 17144999394859 43 84145204752404 36 82910101493821 36 20235275828153 36 50106370072784 36 96022131911532 43 61589621594069 36 39462808476673 36 50923227160569 43 76545615685113 43 52063519720148 43 77797802686769 43 95138251102941 36 83127739214109 43 23538121293400 36 104906997753451 36 32883648670516 43
3 84
4350653193812664 95 4388629143215281 3 4390569559861855 93
177553231295191 31 191437334570122 95 151998448233887 93 157172850699767 3 133334087949285 95 165481463105787 95 147044001719109 95 116408308787737 93 158172447731847 92 131337591627010 31 181454793480073 95 142044732837134 93 174502129320389 31 129495067230195 93 156677536969524 95 182773055872717 95 181528642158800 3 168219129249129 92 157161416115281 3 173996923131089 31 144800611979530 92 114399052049961 95 186405338280471 3 152741969707912 3 157831750707526 95 163350995261930 92 174411366155119 92 168189393769314 93 158750814518247 31 121132029728651 92 145339144071792 95 167363577470147 31 179222063129273 95 166314195847628 31 136482706490066 3 162616415246644 93 152739799045469 95 155882753282935 95 161820665167974 31 159239538799291 95 185021927919595 3 140365908673106 95 183148089338367 31 163034962003788 95 151722676482758 93 136924271834703 95 137558888927043 93 160997180848765 95 151734206165840 95 197340081370213 93 131019651811930 95 125523275195956 3 174452664664578 93 124836188079189 95 131883847249194 31 156363656273515 95 157351421523252 3 161147710507941 95 153797339495800 3 173170715637531 93 133102999564086 3 148076835773589 93 163141502127420 95 151417736336634 95 140768012651259 93 166025694390256 95 174875018808760 3 141095076736336 95 146643700555500 95 168634996275079 93 131966019828227 92 188326162241287 31 167260594507373 31 162127473191314 95 172157515046121 93 161286799165464 95 147286490028525 95 165965401008850 93 159324908189276 31 149527618312175 31 194327592528662 95 164049113410923 31 155267168292301 95 194610633968450 93
3 83
39929994392185 89 1 97 1 47
51107455460670 47 15986814556549 56 10405440592908 70 1 75 1 97 186418084160057 78 94973149590897 54 1 53 1 52 26144434765420 64 1 79 1 65 65427317808951 80 287769967291036 90 1 89 49692899531740 87 74112998631672 28 1 80 1 65 1 90 1 52 211795601879126 64 22209393080388 28 112385733070703 53 66532901901281 70 1 89 1 56 50023395403057 97 1 78 1 75 39571944734937 47 1 79 1 87 102267856047877 54 1 65 104981138911875 75 161153106178136 53 8194762935208 70 1 78 180638776278072 79 1 80 1 54 132025356873751 64 155715497403918 89 1 52 51297536003679 97 83253192856503 28 1 56 19684683635401 90 58646196877219 47 1 87 22750334075624 56 1 75 1 28 1 65 131413875832001 79 4388429814270 47 153932773564728 78 1 54 1 87 1 80 1 89 1 70 1 53 86762320266695 64 1 90 1 97 1 52 1 54 1 47 1 89 88564293034143 64 43158346058009 79 59624655639990 75 48194904854817 90 1 52 1 53 1 28 5422445801292 56 71811065770398 80 84431239550899 87 79920784933926 70 21323829999135 97
3 52
1259295905679583 51 1268571534228425 35 1215580496885154 51
77579066645627 51 97005325997160 51 3719386338752 51 96718310768237 51 62369919682170 51 106747809606268 51 137609607775584 51 181164004534042 51 92952007863095 51 34806012738006 51 131664384720718 51 84629322284839 51 196657426661064 51 107048260971859 51 85724979354666 51 53907447609619 35 30829787022004 51 25651107934826 51 187049564288146 51 89002856346921 51 62023700931351 51 1 51 120294395275314 35 62831670570758 51 1 51 23679337012410 51 62801881198885 35 1 35 68277613175406 51 162261368924195 35 82913232782828 51 155373770448865 51 1 35 16109908304497 51 101460772597228 51 1 51 59531091793841 51 44099845311523 51 55378611228161 51 69563404244307 51 109114444112661 51 1 51 52876129164631 51 1 51 110860556870496 51 107136756745564 51 87566817105645 51 1 35 20738113501824 35 174576334072844 35 220458659800773 51 55530363378585 51
3 98
6081182071594478 62 6164044644315270 16 6157665438031104 62
223545506682781 17 167337304738762 17 222629597170767 62 157932950392272 62 186105625270203 16 169213923710749 65 209891404558297 62 197709973814052 17 208991256187319 65 146131069405125 65 162967530643094 62 220643651728142 17 232951372054300 65 176221164750724 90 181050042162489 90 152690541635930 65 162689339605186 65 184934896638524 62 221372223957662 16 217724380302881 62 175897586866313 65 207308460265691 17 170050878209116 65 212901362841183 62 207903859912084 62 164869912101702 62 176520807826957 62 187621751909091 16 203990016341110 17 218306702763585 17 212806204043702 65 179508223429627 65 176317964157938 16 178684115328003 65 162036782399872 62 207779133248547 65 162185073275126 65 206407372849393 17 160072869302678 17 198034015941523 62 193896707108773 17 219770027306217 16 165338950152214 17 243987023652084 17 185185793616379 65 219491135914461 65 215308509484194 17 209067562846490 62 171015002619671 90 165828886487142 65 192226153524533 17 206970451728478 16 234202854276972 90 159475317256911 62 230250087436387 65 189793233980940 90 177134343501962 17 211687855148586 62 183036918518298 16 193959649516753 62 203585689637391 65 233859223261857 16 180132468729280 62 161400563500628 62 218560043208040 16 209228778955825 62 186976778310257 62 191077027501736 65 206767927904214 17 185294002856426 65 219982649545246 62 173935447077130 65 201062304882282 62 218194279838956 65 170622084411295 17 173715672714096 62 179426160998631 62 202760913448407 65 245253312642324 65 222719049806836 65 202587772064776 65 171036290624984 65 155247061438544 62 183371476090073 17 215550429084086 16 207731426263097 65 176815162380605 17 147309381668463 62 141751321493515 62 225039046894478 62 164658589471785 62 256743886655766 62 128317329100220 62 241498385693368 65 232445451213129 62 186838172033287 17 246987736463387 65 157106434537915 62
3 68
1774467213764777 51 1781600974572863 46 1611389182132045 4
175027268973972 42 29041454117913 11 1 73 1 32 1 39 1 12 146248478084505 13 111380996156114 10 103977268233713 23 59200458811731 58 64068402996013 18 113068164535216 62 131172802274016 87 131295496500459 20 85185744919463 8 116582213905932 68 133236637455832 70 309859106389377 21 1 78 84838303553169 15 180726017399234 88 48105466350358 85 205860067223075 16 70342634021029 44 99811737084478 63 123647653843084 1 1 45 121037317232196 37 57362631509761 83 33061750146978 71 66271808707767 17 87698729173760 31 72557776205637 75 1 81 10481454584494 6 37369776113692 84 1 74 93014618954521 34 136563035654041 19 166848505589763 4 97169653117302 40 156394277462793 67 1 57 165032021604416 14 122411511520782 97 125215332245681 26 32465396413497 7 1 80 80150178669950 48 110215431665319 30 73766129432710 46 78145795233213 49 94753829978475 41 45560755975210 90 53589918663888 5 7180354147493 3 147322754973112 51 92638944998340 92 13264843687940 25 45817966346768 66 131489439701754 54 69766026702887 24 13415315023522 59 1 29 193040228248203 74 86669979775160 54 18721212611718 97 48916728780129 81
3 97
8245075222966291 89 8343886512042034 6 8283318964388971 89
238214992709511 89 229781828973345 89 230802887776497 89 283867429421825 89 199721636352606 89 236748234503146 89 300452188134763 89 290828948325876 89 294076744966930 89 235990716110139 89 262925124859302 6 281131178302433 89 241615815616889 89 301917896947248 89 254271034990247 89 284294834215863 89 219231225035229 89 265992851303798 89 228438481557851 89 241402144575675 89 279408867088485 89 270122086103758 89 289973992203999 89 161487875085124 89 270997750728427 89 277153656814134 89 227593552355873 89 284942924387903 89 274222658802109 89 274869865906856 89 242385600371290 89 233281576314169 89 254320517003586 89 265158913591806 6 180320020247464 89 281344913697437 89 231708479081236 89 257892349390825 89 300601651579984 89 270347808373216 89 285541935762936 89 244274980164403 89 348862275156612 6 279829963205491 89 259070458475559 6 210673338789063 89 226412708757593 89 247859060418757 89 202406372805227 89 234271479147975 89 267343361132054 89 240080190512255 89 231723553254820 89 245570302604534 89 247590292328108 89 191573649324341 89 308734933625713 89 207261011715611 89 281780603404754 89 201719162152099 89 192147554950036 89 266729365437116 89 305416927764992 89 326836361164105 6 286710441960214 89 263488108093785 6 253236793166314 6 268327964616295 89 242730671185726 89 232470033955812 6 220379354197128 6 262615056148015 6 267428931608681 89 273074211485106 89 280964457274308 89 270761240264837 89 244456003605277 89 217718807776878 89 274928800973423 89 302838532435305 89 281320904035884 89 208564199296381 89 295923794742619 89 213844931668553 89 233008446200714 89 229004334292969 89 268264711336229 89 232411873114992 6 214701893333747 89 278289102153433 89 236648909600377 89 275071169852915 89 238402856472937 89 196407112643927 89 302989308771508 89 276549321222689 89 233788322859235 89
3 95
6466165246503077 79 6439408389538649 77 6451629582962998 64
236793470013346 79 141316553255595 77 190902157367797 77 123410470962347 23 204156565675453 59 217598654283541 64 179228060214491 77 230575978339409 79 163358775635697 64 264573706243961 77 184668072702214 79 231709896411156 77 254443843987069 79 182506148959264 77 191750611679251 77 181479433536833 79 193741837279722 79 266034855365086 77 178599937683134 23 245142510739124 77 242556624884674 77 127507983503731 59 240606883967531 77 158152094665079 77 241343593995418 79 222734779494480 79 229349375937683 23 181582488860481 77 232382094810476 79 267006625535609 79 204758934203048 79 248215558277628 79 186801306457470 77 207377402713938 77 192467736921719 77 208712205047944 79 197109660934110 77 175774159863217 77 213065713816076 23 247461838077151 23 181066736975880 64 213718848063403 79 198547561970039 23 169901011009972 23 160891459039760 77 198126143346400 64 168547248929046 77 212156255936320 23 241870064834201 79 235589478526133 59 201987402935021 77 210133607739915 59 211433058534656 77 234619394365560 23 163169789494221 77 219508508934505 77 254344077404049 77 189415887049411 79 237058844505680 77 297134138458027 64 239822053364692 79 213485208575576 23 219391663109945 77 149112604705247 64 193080590270715 79 159899991967901 59 174796347460525 77 161254308152087 77 229069095285651 77 264188109527635 64 225040445539467 77 159367994406309 77 143041618314794 79 235050352252641 79 187019726425802 23 160828530026105 64 223941245141897 64 196950687918650 59 188498346787468 23 218432545210724 77 186018729285551 64 236386273247623 77 190338762185783 77 108036730477156 59 216484949260235 59 209457202842559 77 252223558899426 79 172454442101251 64 210788438869284 64 177023010554608 23 258485997607867 77 207398712659447 77 171681377040011 64 206029043811384 23 215135880097880 64
3 90
7740469071349647 64 7662845626394193 33 7752003516692642 29
305781174130379 99 282480828049710 85 316399625875584 63 269780267784019 47 265108105794863 52 303047919152547 24 331549708232734 90 308950840291180 74 267839571042602 4 303610987107462 45 267048315666292 30 240437814187735 79 316406639570358 35 213307716700158 69 215497051372518 86 275417685071435 78 302502527878344 1 314462672830489 73 309927535481770 81 149115239642203 23 216917901438666 91 265079075744530 36 222525134943738 11 317836251191310 12 260791151272587 38 201329889475635 96 268256385300057 41 288366175766665 67 357825381741336 56 250959254004450 27 208830837675815 5 264141850073728 19 204799496558835 3 299885934367866 40 286464467887162 98 257136462323542 50 273535518487770 77 219061663611816 71 199980721702672 66 294750232876959 59 287801293744296 22 206157378990898 83 270251894760256 34 213596068538857 76 218141062705329 20 212258107292771 43 342234291139775 44 263801041325500 68 266220850483388 88 249931385221330 28 372661243213823 53 353399247824816 80 291560054540501 33 261093960245550 14 283793095576649 95 237726750068717 39 195741780321262 29 234487467556681 100 186425927534310 75 188113478221464 8 283169481126613 13 266356116697874 32 299402449681222 16 108762652165920 97 233294038555511 60 271208371436011 57 257594090379705 94 269318711831317 7 335983720655052 46 232439989463790 48 184464099053139 58 358039997024982 9 281246255162775 64 228712301054050 84 273039356882763 49 228252788111247 17 270973308711396 93 305182541584352 66 242364762378077 39 317778976384390 74 251319845550041 68 189830795621830 91 271588461156746 52 304814933165697 56 180569455512470 84 207107243694749 28 252008821236724 14 263123216820430 12 203952271623249 69 288733807688457 83
3 16
1494793388774331 60 1437577009757694 14 1392086755096751 60
295203720986320 60 288402520881283 14 287366360082204 14 270637404753786 14 298436226217574 60 264982596507965 14 239658998790410 14 269216747431935 14 321172509317078 60 281084313405479 14 296871570509911 14 298603033888004 14 262627068394411 14 243921845380135 60 247840082307749 14 277335014881905 60
3 61
117248793468046 30 140133820527942 30 207133489673748 30
136469577008760 30 21052573138958 50 82739352557424 30 16344821810497 86 20220739305174 30 1 50 5598589806614 30 1 50 1 30 1190838160732 50 104730000248695 30 1 30 1 33 43969387612291 50 1 50 27699899345391 33 1 30 56587329134894 59 149879570202141 30 1 86 13554551197451 59 39637505155399 86 1 30 29029969058997 59 66040007470439 86 1 86 108758976652634 30 1 86 1 30 1 86 108165583653808 30 1 30 59854970744492 86 1 33 7159096679205 50 19053248019844 86 44909246647152 30 6813028716515 33 1 86 1 50 1 33 5101778451496 30 1 30 71749682150851 86 82080218233748 59 54056713685208 30 1 86 1 59 1 86 12734439069330 86 1 59 1 86 37511660286584 59 1 33 1 59 12910426802043 50 1 30 54608054723257 59 1 30 1 33 1 33
3 28
293609164031392 36 344234485607499 90 435036567926511 43
59904278635803 58 229220217602492 44 5958948568562 54 1 49 1 74 8294325399094 75 47503203022511 65 39034595132161 1 43417560569514 40 1 19 1 63 1 2 1 51 1 85 1 27 39002184192920 50 375333792786 69 1 41 1 31 34481929378445 72 1 95 75685287105380 10 149242939264877 90 1 94 113246190557963 97 1 88 53935870964830 81 23032132406395 7
3 95
6379290771507455 72 6386211857784685 40 6388008837817271 72
212531339135362 72 196420638825440 40 210570244033791 72 202928497705930 72 190579739713895 72 200859392557321 40 201997129002141 72 195330207731006 40 208626916879073 72 191988827555480 40 218499255339610 72 210412652922067 40 196672894812104 40 202496806261476 72 191393961666394 72 207818167057351 72 197621099304573 72 224577704263012 40 214044160272032 40 196276803400134 72 214918636813794 40 207949237283959 72 215473055365811 72 195017503618517 72 202460926294156 72 203904773787344 40 200814656762946 40 194355818357940 72 203056836511483 72 196217582302922 40 199598454219890 72 199395013131920 72 192386519162791 72 207641329191452 40 200185331596028 72 202650442977617 72 200965056738047 40 203313195893409 72 204398870408104 72 214988842366122 40 203062244322135 40 199342542156219 72 206141601965314 72 202129204120352 40 194164708512978 72 209022464230955 40 212806777119254 40 205073302509637 72 212262953263243 40 200845664039091 72 192517726902448 72 207864169397919 72 191160897175505 72 200403860596482 40 198061482604861 72 204615032588777 40 199838469269943 40 204848627239361 72 194704767738798 72 206461386147526 72 202089974852929 72 199535997297602 40 204082863817321 72 194420523871514 72 200834370858503 40 206869405168225 40 197730025784610 72 190036250962376 72 210012387584139 40 210881945972414 72 204792588599356 72 223297277078348 72 202756614482249 40 187343565738652 72 199259302357088 72 190682738945704 72 212844286273841 72 195009153444937 72 195479284413209 40 199327560089839 72 195204162092024 72 200354484213276 72 193461440307554 72 204932337906603 72 206129812475869 40 198203914778716 72 199291278793192 72 197491424715753 72 204498684173618 72 190653216679612 72 208521043188370 40 208249894568553 72 191173554052601 72 195828709803188 40 203006797718953 40
3 72
2151965102623990 44 2141470180737427 3 2105057890518109 44
101193554399995 100 82041216340357 44 84512332870566 3 70419066703078 44 78260698042674 92 83502132230833 44 89458843469948 3 115741201768844 44 89252289879175 3 102219997253032 44 78140822196939 22 92459223078183 44 67647104008336 44 81016959812517 3 84213975421029 44 40633984892529 44 104570925977518 3 81584503017622 3 79059817451245 44 88429863631830 44 94053832912074 100 76826104659590 44 82813951269541 22 83471804908875 92 71187918833009 22 71708406135218 44 89935917125813 44 99130214806174 3 90350871362945 44 80298183471980 100 104735242853154 100 91082947261907 3 86161748077817 44 97453657415178 22 105029195007586 3 106854312095896 44 101887461832189 44 103790597757675 44 88234407739038 44 78771754765997 44 88739814100489 44 87101233755145 44 112055458373702 3 93800000268884 92 86194478195938 100 93850221055186 100 91591283990478 100 111414269053089 3 101772109616069 3 110147268277538 44 106676252142817 3 82737785559975 44 81853921659013 3 106000370928086 3 85467526226665 44 86479825025509 3 72850490760534 44 104698456832116 92 102055718911928 44 86507701129380 92 74133132427136 92 83549803363907 100 84103787763858 3 94162117464953 100 92198049981804 44 98157215838997 22 63545691000751 44 81886078294540 44 94763756529149 44 102118352588627 44 71461516690079 92 89217428831688 92
3 29
1568980239014401 65 1656562874452668 63 1653940130411882 77
165894309434232 48 135430393375509 97 204108457691292 45 213311400103807 1 172281341130958 28 120372037718058 4 158616874777450 34 189798133933447 79 184344288961242 71 198382863049781 74 115871922499017 30 160617679352504 27 142433133716187 87 124980020988961 21 195134047410066 61 148917612874913 14 121327127173769 35 184251986614963 58 173920531864960 39 141867429283609 67 203674162211501 42 189097612321095 25 106869280675291 60 215008113216673 54 144884302724218 26 186818468744282 22 150942962068942 57 208156977588667 40 138137160065924 95
3 59
5874270628763833 52 5898159511014136 88 5841645528136829 52
348535344299228 52 286901698148028 52 302785824388298 52 269046221364686 52 408530396428491 52 362646473456137 52 338947535540902 52 324603685968681 52 221413354700355 52 343397530636194 52 266684133591111 52 341469305310668 52 232584265045803 52 250336680016122 52 257366538944944 52 316332419837223 52 284001479364211 52 256590799289485 52 300133075607494 52 387626020832382 52 344423809811192 52 285868494224399 52 314589537224058 52 347792879383296 52 323304065867822 52 323416268724134 88 264221991012147 52 361797078206784 52 349887845852097 52 302785210907289 52 228678712478424 52 282928522840035 52 299459057982770 52 293171947128417 88 263942753261302 52 299337079647289 52 345878509424512 52 329393302889551 52 259083960324926 52 261426997065974 52 242046456353928 52 251296716508905 52 300407942820502 52 308663343287970 52 295264107380670 52 317203831691187 52 278762213142220 52 277254455569901 52 310182733870449 52 221323674819181 52 341645690397403 52 335750370648397 52 221766753392714 52 266392895160114 88 315791525509372 52 268712444832243 52 338322331662073 88 280315848908044 52 269822817676582 52
3 10
536503097832486 5 546223973637441 17 591217040911834 17
295885596605190 5 292845671580406 82 171132719002465 82 50027702388018 17 190301621395083 17 192769035571543 5 143009279530614 5 193534562122687 63 197603916798860 5 109434000481635 17
3 25
777658702668173 66 774388183211992 2 693665374081876 52
162346179081483 38 176586926741547 33 130626542363496 81 103820238427408 18 69040503892196 23 186687854539753 21 147236242939015 93 3532543965969 57 82127097068798 90 83250631690830 31 110389802003465 72 84184997332619 19 142487969151114 14 164414394409181 67 65389253688232 78 99875872834349 85 38834674159309 22 126192165390134 24 158008150627903 95 103284838692493 37 88729675843814 91 69595444546646 41 1 65 64082492136715 97 1 75
3 51
2473062483601238 72 2445549373686978 55 2555382562035502 72
166187703904261 55 217263241942845 72 106484909084613 72 171969540761984 55 181969506634372 55 175201950865397 72 129257197795901 55 282030894614475 72 179852625557519 72 149561656165024 72 61299164597620 72 243832066265307 55 151466466730159 55 157655669218235 72 221468425627268 72 151466474266623 55 27092888977578 72 174612685111787 72 114901352330067 72 165352151682745 55 227734163022938 72 138253665151894 72 238304433420354 55 352982778404799 72 86014903663970 72 1 72 154822567052393 72 76878501638810 55 112844686442028 55 125544205150696 55 42127916874023 55 142954093031900 55 35905863687444 72 255494806678918 72 67333206912509 55 244823135536687 72 159277213291003 55 135860560927809 72 16632807978427 72 233729941638396 72 39241459470120 72 210057860882337 72 137850855474966 72 239489766694615 72 101929396395785 72 167016983493110 72 281989869722488 55 211412271201959 55 83504923404916 72 56467729192296 72 88624873473026 72
3 24
1550008313096534 33 1560497435601065 37 1436046205223940 58
186144920773915 84 248247802626150 33 208112446091202 84 250414155102097 33 190322141743506 15 264036286264004 33 181156287779568 33 195250094205069 58 162511204366082 37 181209497548693 33 166424969264186 37 167700819994305 84 233779348527435 33 147079208056451 37 198197556395818 84 185782758868076 37 146598188001585 84 154061520757445 37 180495888641082 37 272932044214414 15 151258295517958 33 152577313219346 33 171637985800693 84 231759404960236 37
3 100
9863514073924164 30 9942212104790674 82 9848895932215758 71
313019354136576 15 291471491722245 54 321134836746168 77 303204351138705 19 276079886981272 73 305771821005074 43 303678928190727 40 316070055014428 12 224097057354596 13 293847109084886 59 282959087846485 37 326315232021177 71 310496156010089 80 330521443283840 16 314622840976041 44 305138395340688 64 263473422434337 50 295860475488727 68 323111736282002 20 256676650353745 34 314402594826684 70 251607063754036 60 317851050014188 31 322576324985940 51 301606401844708 9 280310456113244 55 293778007220794 29 243822193224510 17 330605318047170 85 292344278047073 48 277902866684052 74 260825342659445 45 297560816562492 83 328422795901882 7 276853144459782 69 275257915843338 24 299569533150336 95 317754666629520 28 318047936129610 91 283442584018190 4 267320878625586 99 300869131663230 33 305017556323175 66 320437272740244 58 318253595163415 46 312530017400484 63 264209512270312 14 292144942366177 87 321734102169598 78 269656203362249 27 294942626573592 56 280028209523424 1 335880993709041 5 257985183815207 90 287572255741253 22 293959128041042 49 326669253047086 8 306882199553001 100 296136581373440 84 301676905941485 47 262091307607763 3 247936181945184 93 294186430621953 81 309192272202401 57 300459604915988 23 312153324040106 97 290066834234112 30 283685532347122 11 257077139162452 88 269366790550013 79 333040863499658 35 306281158347256 82 288955516521926 75 314690468416929 32 291181773753131 2 311715224663087 42 324630958131052 10 297349124389236 76 278393554445785 65 295380972306069 39 316706738835442 89 318398973636156 53 310087962760049 62 312969765947896 18 325455470730245 86 308027345579005 67 288687394996144 25 293706091873552 21 284261689426719 96 288402400474738 72 278442372938932 94 261286919507401 33 268839494108390 45 306501056831974 83 299673765406187 13 255260048642392 94 318462746576074 32 335297504428523 44 340400426318398 15 229655309334741 100
3 19
222682475150125 90 168381942161830 37 227838224883686 90
1 90 143861689280221 90 1 90 1 90 118136240513147 37 1 37 13566639431561 90 122931413318113 37 1 37 76337562112867 90 1 90 20238051084181 37 179886418505638 37 35694496045993 37 1 37 1 37 1 37 1 90 223263442881702 37
3 76
4133731232901192 71 4229333218863902 71 4333123105104355 71
162940747062476 67 154852416589415 60 310029274000510 71 125833664221158 59 128986108766428 60 212169729108893 71 9076873077892 67 248670210181011 67 230388487308484 67 201134667665508 67 26166533330485 71 93699606199807 55 210353522579970 71 30489534951711 60 297717484558557 71 107631894195167 59 326008447635034 71 277024867571656 60 250697477083868 60 238341780376678 71 154784422122965 55 288884480071442 71 145060652703674 60 236669286478063 55 137472388688905 71 252810302674105 55 108350670410081 71 186096299896803 59 197615334127072 55 222219132568610 71 55949306210656 71 280549401054869 60 439886714976475 71 227764403520853 60 92280357084920 60 287552373273098 55 321668938494869 60 67399712368958 60 206151020982516 71 180635849071559 55 128714651885744 59 104086103866299 60 239546372896470 67 110052127128329 60 321983107115082 71 146421240935167 71 4821359756621 60 333291714803194 55 230449492715367 60 1 67 107149842469782 71 44890393118444 71 89432934145428 55 94690082944139 55 58565101571307 71 1 71 77776241101663 60 321707541401949 55 142125454039473 71 225627782533474 60 278379214872461 71 134072147360810 55 176056339490923 67 106835127926613 67 204061393686598 67 212214177817915 71 11841252160933 71 212870872566053 67 219274720000313 71 146421008243933 60 349367161840183 71 138715608541269 67 117843762891656 55 253739163696987 71 238338609487880 71 306852892535804 59
3 67
5578060059560564 56 5675120191314057 59 5711624741724356 98
407856929431524 79 218087936223340 35 254077073259126 12 313468140486470 33 132267901950507 100 222673210842948 20 268874106347221 43 313216140709158 60 185959745264077 27 313250126372005 94 242200230784077 93 282362003482597 38 255446834585307 46 349150786389337 80 241359531957268 83 316483021719697 34 360636778508721 59 333737339705240 4 282128476934376 90 298353496537752 18 284289842304754 21 235030671870715 63 229680526777809 74 332811195495856 75 276434893338021 89 205530422064933 69 321368756488618 88 250643582041316 19 271900583207317 42 315382741259656 39 142470250350652 68 179561736801750 99 184557973440592 49 143140924359991 77 85011195001988 45 235828122212533 8 236132069122492 28 222600430987212 30 170224373265772 70 165544621106024 56 265466551344822 58 354970925343116 22 200854015362998 48 356346833187427 82 240192797295511 55 367297357327152 24 311169582866142 7 149770628268904 64 151280101779574 16 311955636104955 36 227811743230008 54 342172896645571 65 53756618709800 1 321379707412167 31 264005099618802 15 229279866771684 53 320683008742980 73 177264973111361 76 327951252436674 37 175272579599508 50 313719767706428 23 324188672308649 2 254699119751519 98 275372989390274 61 258262468983895 84 262483229448302 11 290851432645286 26
3 62
5119280848918885 49 5074264436006662 88 5192639316691731 49
207512484864711 88 237116110508996 49 214343301862174 49 202943269233016 49 259947475469268 49 211007130378751 49 249212937582990 88 303451675815709 49 266812467246649 88 270889943046310 49 329370968641654 49 274291777227772 49 231967614625289 49 250893196297654 49 258499776106138 49 201679752011023 49 245461316126245 49 242983473871716 88 214686640870963 88 244982204448362 49 251827117640362 88 289196112551915 49 255088330694740 49 258203211100630 88 270651427085475 88 277614585620426 88 253610182337061 88 266251224098628 88 212091073962834 49 226924318334575 49 211435134050229 88 266368845277894 49 233781194861622 49 265540049799615 49 214336509626287 49 217472451626718 49 247483905616425 49 248539850063813 88 263951654333592 49 208398196322891 49 229851972026068 49 243006673809921 49 221144795267520 88 174085916768752 49 208500697581062 49 307943553015006 88 294917405040215 88 216702745639235 49 254618006994412 88 181438104144495 49 220326385244787 88 284381097734386 88 277418147649075 49 282401096146277 88 227023937214462 88 236811773194817 49 288616219566403 49 258164450794477 88 195249850637540 49 232774050197036 88 302086698968095 49 251947907891617 88
3 14
754953568257354 67 629769547615990 67 714715404098488 25
179803377645263 25 200128187929150 60 97739132510498 25 126941688652716 67 172312293706397 16 215327076289273 25 111807238500626 25 199289873274820 55 207278333592693 25 91348044899935 60 88656586487730 25 24391394020460 25 177807388008138 25 144288729403669 55
3 12
462776366296603 92 462864377206883 46 468059926991776 25
121311137958040 95 109008290530420 84 112545439521686 46 118050118716671 55 118880573120871 90 114910464588711 59 118415131116992 28 118949051271568 49 120593474077010 54 116459588391420 75 103499633936414 19 117422139659268 97
3 40
1905127157782413 100 1882991587364535 86 1925463360947840 100
110707548758196 100 146901503022070 86 131478162876345 86 210209024353457 100 174653373784124 100 139471242497531 100 134372662889013 86 104580712343150 86 131469554554575 100 101618296266226 86 148441191327671 86 121460581554203 100 197080927757514 100 131046382718022 100 78462163561864 100 120600101444618 86 157460659651275 86 102022587067285 86 137773057120489 100 157990654563432 86 125641712452478 86 147394065323494 86 148326338818232 86 127121254569777 86 146352055975979 100 122049363945704 86 191794608337900 86 197895350356125 86 151072187681651 100 105446377936935 100 157053929369437 86 135498125940182 86 81697323744215 100 162763463452326 86 172526099103574 86 171708281997892 100 136704170496269 86 119630896887203 100 142729225272176 100 175957795116521 86
3 79
1178496552037244 46 1051599068230758 25 1172864029252184 25
1 6 42226900385836 46 840225564477 25 120297723016180 6 85739439353786 6 134770187201072 46 1 32 254723981506842 25 49996309186170 6 1 46 1 6 56393122429124 25 19125328410181 25 1 6 1 6 85562655046080 46 113241069441176 46 86179700167418 32 138204133489801 25 86707821464198 24 98442317182776 46 10529694048859 25 1 46 160278593434729 46 131695325507108 6 56777513799910 46 13290671887950 25 1 46 43602593787614 6 105456494314621 46 1 32 156838721573654 25 1831619632452 25 1 32 35077298829125 25 127931905722153 6 1 32 66174772851074 6 76151098461848 24 198740115210460 46 72705846326563 46 156310025135120 6 108856693187267 6 1 6 1 6 1 25 75773649542987 24 51131872416095 25 282108086823376 32 1 32 1 46 1 6 1008001149083 46 93340213568838 46 1 24 52267408591882 6 112249304674530 25 88709733963641 6 1 46 1 46 1 46 1 32 53970617030335 25 275537558893223 6 163401419768232 46 33804972578653 25 29458695921154 24 26373643068538 46 143554367267379 46 1 6 211302719068553 24 27521835489590 6 46019040743074 24 130461495376735 46 128763505629084 32 34617019540500 25 225930445839009 25 148449803798219 6 191891002555341 46
3 88
5295498807845452 87 5337930592968170 52 5430919141634858 36
200023667467999 57 141709301086993 71 9547241999708 32 425897489069787 36 362519818555713 23 195250118610885 48 293527133250395 28 267897999188039 91 281453562244643 12 73518909032519 63 240623021728950 67 186841041392678 74 38379249092284 87 90045332151331 27 73194227748060 13 184605116804522 84 118909629620993 52 274597943728029 61 211229394101735 78 297541200234129 82 127322761678020 47 320819057316700 22 391714143598880 86 142748926433413 67 199550348795239 78 262894433335382 91 265542668875145 23 445053351026474 87 256816923657255 22 1 82 119623741693564 32 197603785736490 13 158612644592243 52 181327217925457 28 219045455144070 74 332706798155617 63 103811317615625 48 80564046092692 86 1 47 250879036864322 57 106374412068484 61 386825792171986 84 223954521243059 12 165760947860590 71 152841384993297 36 49176652861273 27 150114708182692 32 174156913479863 48 43454377634460 86 179973766732512 71 153295331802241 27 320740283281168 13 192835957145167 23 118054951946013 61 58138693315657 63 190959840719693 87 242243294186442 22 252611409225355 74 76681325831335 57 92732172658932 12 199605920966516 84 157237842433761 36 196452233270612 67 332024845259458 47 236367351348713 78 1 91 200328170181406 28 177786406299760 52 234777490653635 82 1 67 243770147034781 23 20313690008293 61 67729488642890 87 105294643419257 27 222766821922973 57 223218311075508 13 83716559336067 48 278457999508532 71 326464774125941 86 129907594477195 91 232257667034161 63 311774281406272 84 262479971560260 74 198325547404437 28 298827024320807 22 193808871563780 36 468275936560272 32 272341767615808 52
3 53
890098451657231 74 992643390524421 5 1082541241343438 74
32188112431000 74 109471570532186 74 1 5 6153204062724 74 1 74 1 74 92067736360216 5 23702595728625 5 21457993704173 5 9586804220763 5 83267276329412 74 68477182208503 5 1 5 1 5 139563497150441 74 110059283999030 74 60274299818713 74 58888384088228 74 29965744364857 5 20101400035628 74 199307023233103 74 46449904416220 5 159043684384829 74 64383130761814 5 168669015755494 74 97856868613863 74 1 74 1 5 97232046127301 5 38705913266349 74 1 74 1 74 103906164534560 74 21177199065200 74 2136283392487 5 82192329541793 5 85129717068360 74 112386236439341 74 159561959032796 74 1 5 17391413757853 74 67034463482513 74 126479390629223 74 1 74 114649831497070 74 81883428883305 5 1 5 1 74 17987134560059 5 1 5 120331177613182 74 93965036482151 74 59209503378895 74
3 35
205764802235531 74 214832098636922 60 385804557543596 56
30231190120763 56 1 60 1 56 5395516844510 60 42771409386649 74 19402759017483 60 1 56 100299779036881 56 18134559450283 36 40962113526546 60 27507511393535 50 26169814712022 60 62526993338361 74 1 60 1 60 1 36 82377801697293 60 103865557086506 60 19621692322402 50 19169284618526 60 65811754104438 74 8920648215289 36 1 36 16790786080804 50 43186977564127 60 1786250871542 36 36395504725502 36 72152134336601 74 10166141138283 50 1 74 44181731452667 74 1 36 1 36 1 60 1 36
3 16
1391952549029517 90 1136008704801275 95 1275175466410755 7
331430350762164 78 278715760115178 46 138592609886348 48 155175598046002 27 222456947262954 65 293053422157127 76 344239972815433 7 214401176377702 45 191920622950808 9 280705742085457 4 383180558836860 74 309232715406070 52 211353038620347 69 207456548263984 62 274672056561997 68 150730458390655 30
3 76
4521350982510211 24 4529130065564898 67 4524119684298642 24
177531443191542 24 176346412383405 24 173831664879486 67 178891730302969 67 169662351909304 24 176266442526092 24 184503197528638 67 176127105665666 67 180299955637551 67 176017710924732 24 179019669403988 67 179919329514220 24 180741598325677 24 180519798859345 67 177850279173682 67 180583959246305 24 181505099720364 24 175083161974473 24 175256677328063 67 179975073713587 67 180514098666863 67 184269238377966 24 179863072599619 67 182126300258583 24 185914123110054 24 180003733730875 67 174448545569127 24 176648209006828 67 176797620241900 24 177942925490499 67 178418856000668 67 171383361692744 67 180140861417657 67 173244551505788 24 171436271205646 24 179924421335899 67 178266034330453 24 177965840431353 67 180043330123903 67 179677891676545 24 174279464089972 24 181813147566168 67 178838547893059 67 183012505276590 24 180898387427145 24 181658819101524 67 173581819369396 24 172417001275098 67 179257345861759 67 184083191778882 24 180665912781354 24 172176973307859 67 181337236073307 24 181933879689122 67 183808416958738 67 171375078227449 67 180113245450660 24 180125785284649 24 189696931472592 24 179782152106791 67 184314622607169 67 180642552592606 67 174381402117155 67 184147358181372 67 176943147398605 67 172592314541717 67 177220878719401 67 182354876857982 24 176363456646992 67 180374554033309 24 174800120408473 67 182902274762826 67 175945767495660 67 181107550863642 67 180103556559228 67 186396444525678 67
3 76
1803174611433510 17 1797988654000055 69 1742360781050573 96
128525343428275 79 81815305761160 69 1 17 75552539651105 69 63573223534518 79 88798220051176 79 36154094508509 69 99836764631174 96 138065383209348 79 35417383574183 69 1 17 108070760860799 79 53479741886363 79 34002568412168 79 1 17 80156082978073 69 170152781217158 69 78384167010535 17 21914740093591 69 116100470463784 79 69428098366104 17 60449639083072 79 84109269857018 17 20582735212755 79 8444151116933 43 113712683160475 79 1 17 91761713429810 43 55365053951948 69 58152905940563 79 113036936142201 96 44383002815797 17 131140936680346 79 3403902699658 17 94752102460396 43 37442066235557 69 77058546548775 69 58016113871689 79 92465422136725 79 30965707207607 79 12228420007888 79 41182512717527 79 537472473456 17 178490495313078 43 68669967752511 79 104534260822515 17 67180206274975 79 123028528313904 79 43959904508314 17 4152992544909 69 104923469352142 79 47745117653988 69 60370577282125 79 1 79 42029467698616 69 135854969217839 43 41225790938948 79 1 79 32519237754784 69 147384530555279 79 63907281891895 79 1 69 101295855347241 69 95092424591989 96 120879162216616 79 35202935484540 79 123298037184362 96 10542893291000 79 147755572140291 69 126726646742444 79 105649178107500 79 108524190683818 79 54018430379841 69 114901909692151 69 45690734188588 17 38218444112075 79
3 76
1 37 68655775241758 5 88928990008218 27
10779434030459 37 21232182432763 97 1 27 7502308950059 42 5396867744110 36 1 59 1 5 1 10 1 77 364293838744 18 1 42 1 77 1 10 1 37 5350162201616 27 59972416309936 36 1 59 1 18 1 5 28161598435810 97 1 97 1 36 27592382061208 59 1 10 1 5 30823167421270 37 1 27 40021178409039 42 22373507177774 77 25479242667934 18 41017045769191 10 1 18 6467289089475 77 16568647256939 59 27077588263164 36 1 37 16748000218710 42 3301322307666 5 1 27 1 97 12937518294667 27 1 97 1 5 10661679650446 42 9270508732341 18 17641926546299 59 36946555060255 36 18319560322106 37 13944170507179 10 1 77 18903517030829 42 9166835867103 37 21403811767110 5 1 59 1 97 1 18 1 10 2572493436526 36 1 27 1 77 1 42 20412512410 5 1 37 20685156081740 36 1 27 32592528306886 77 20061459570974 59 1 97 1 18 58131324870263 10 15484351528839 42 1846280653094 77 1 37 1 36 29649732548918 97 89759308967639 27
3 4
29083580162021 47 87306536171593 78 164414702594555 47
64885385634399 78 143597041468535 47 1 47 87027578627142 47
3 85
8407593920040326 4 8404355094566035 75 8394875757361548 93
267876342723723 4 275042216265946 4 294612760277634 4 285461783645646 4 307520975457230 93 269433980786684 84 281024701869683 4 290547276355990 93 288359249412663 56 289490512630651 4 327937787611633 4 326051788619783 4 301179603846308 56 279228507279262 4 261434191187237 4 258628880132869 93 292390326565296 4 279401381725275 93 321952152757271 93 323870973527321 4 285676433314952 4 297334911255603 4 297485374889683 93 296520724758327 4 312228305985572 93 266681665930046 56 309956566776249 93 289560906905689 56 304684110376749 4 287067771446598 4 298032128402778 4 321347218750891 75 318517043565238 4 297310725800791 93 282091056952543 4 252681221887863 4 278601790622409 4 270000911198498 56 273867685007583 93 281682172199653 56 340317324258198 93 281794479392918 4 302981145217885 93 301182189411959 93 288368523686608 93 271953632929593 93 307356071313005 4 305932212478275 4 255319937569669 93 264937432642517 4 306664405270198 4 300761960522592 4 267759659885916 84 291031058996431 84 271046502925605 84 333753479546456 56 286077959092257 93 288939369323121 56 309412667945801 4 299136020177484 4 297028852657503 56 311802447023872 93 270998253472779 56 300090005233438 4 303622628917459 56 317154110301865 56 280597557786763 4 281731533287526 93 300207963421104 93 302107237013820 93 317012843723721 84 285682693772977 56 293286551162866 93 330803799985815 93 292777301912569 4 265346235283192 4 278344708397412 4 304024955794826 84 295166690271857 4 292761866481328 4 335790904200001 56 286100074713055 84 285741857211702 75 305009193622917 56 277963664930576 4
3 51
2969503991385314 85 2798428079212185 73 2784637597627480 90
280690521062734 81 180596679026813 17 111632575100834 60 122397903483800 50 182488397086462 67 103448077492208 16 119672124454766 65 214315983690862 83 126221748064998 68 132325626631296 77 139734366040854 85 235603234603869 44 1096843757027 90 167224636769392 38 154045844530311 76 184443769003764 39 185494850743726 57 268123703220699 84 89076835796382 12 92403703819555 73 301477362836390 47 263652226656719 39 186931896509045 17 423919136249372 12 210968159050097 57 357262050061755 68 11109991407344 47 146105651783744 84 201828567089433 50 223598255149349 65 172932524917150 38 308611488976678 90 15760870246116 60 277334030790150 67 249990296649964 44 132629607884722 77 217950635501675 83 274031897083570 73 159500188848055 16 106399192201496 76 189074475513111 81 114749474781729 85 94197315176666 83 119219620709317 12 87205358961483 85 92915705794626 76 323613807527955 17 147623933200748 44 205434603252951 38 191961300898443 16 178027370201983 81
3 85
3878223784729269 20 4075909298140757 67 4062745659702891 20
78003465588414 67 78425990161714 67 174475425531412 67 128842823038943 67 69346613459255 67 250907595018147 67 235105963882545 67 28174360015837 67 88736239760531 67 184589950279324 67 1 67 202826558480126 20 110984873004578 67 253910313922336 67 147538829073681 67 308914397450768 67 3227876563432 67 129305065311600 67 45644451025690 67 1 67 174551749801993 67 99522327609623 67 13147802266904 67 221650264391646 67 44440249850564 67 130164203407277 67 1 67 1 67 71412752863324 67 269274724017514 67 174770621981455 20 247908957446210 67 1 67 275529786534305 67 313789924409089 67 322336303733306 67 1 67 138883750437007 67 209607783199560 67 106788338873327 67 138387638563271 67 159689955443063 67 352620935278900 67 186719232843349 67 224387914365053 67 4873498701877 67 136661279813280 20 140976030910094 67 127670612417701 67 1 67 106592656871445 67 254415647118740 67 97179334183086 67 255009431400889 67 184329357234539 20 1 20 140625179917749 67 165998277097998 67 179574329074162 67 73977960203472 67 211840528670306 67 263304677808606 67 175367597638198 67 143804568336155 67 175211830518148 67 254419490716749 67 87202787207876 67 85989598200051 67 217463140507047 67 71418108791306 67 182143483624537 67 176082851266286 67 97322476370428 67 33056863256941 67 86034108002492 67 261436493105954 67 167612738287173 67 296628676245587 67 278020601837992 67 196280648761218 67 74761116989745 67 1 67 232345210151546 67 61031881214874 67 75809615462210 67
3 72
282426685988931 58 274983362545123 5 253510628577330 5
7752440818524 58 1 5 5841192802534 58 1 21 36050047643996 21 11723592535700 58 17434014512081 58 48681701100154 58 12651113021906 5 14403514192928 58 1 58 1 97 29344575244683 21 63732650136434 58 32740771501293 5 1 21 9757904616881 21 3688430148283 5 9015159961527 21 29952038548606 69 37071370335440 58 8063473793293 21 1 21 1 5 18437814184791 21 1 58 6211612912498 58 1130934563370 58 1 58 1 5 1 58 8103325857770 5 1522880314690 5 1 58 43393853798005 21 14017420999049 58 1 5 1 58 20251065880991 58 1 5 4855915945904 5 60732416041326 21 34351268992968 58 1 5 14790933608966 21 9919688863375 5 33130446298930 58 33272221637760 58 37542721943555 5 13352216978881 5 3148479967025 58 43719397851008 21 1 69 31904495683064 5 50732894056167 21 1 58 65613771209919 58 4659697278457 5 50533404817263 21 1 58 51642129909327 58 1 5 1 58 60334318775313 5 16931572226681 69 12231782627043 5 1 58 1 58 1 5 1 21 44691343569828 5 60005819119857 97
3 34
3031494969301779 64 3094181283996434 50 3000245054121475 42
296765965273689 4 200469674229416 57 307486226625849 65 238804394752669 12 190210566569822 67 329360854064377 28 186941956525372 93 359377258353208 35 452155364151837 42 198145073996448 49 313845460119149 50 232960811068162 63 345991636270590 2 304912003257828 59 368583786544340 32 272261781863060 6 216736888739271 98 228900342283518 81 255227607792959 45 355145386615498 96 234012414624811 72 160728449406426 46 328489381128336 100 311830405256336 31 352127709760312 97 211957519229287 80 182197256934584 36 134635221733011 48 204200340503569 9 347058360780048 95 250436929063570 84 294772488667820 76 72787369113883 30 292491747740696 34
3 54
2954103954666095 38 2698537997513187 36 3136008925361169 38
114489801630020 38 162300202189199 38 333884290701477 38 188110302752246 38 124783310785795 38 33475132422884 38 94915472854633 38 108775805004036 38 72999270650141 38 186532930649955 38 114618703927913 38 83008445212585 38 220565972564632 38 116284769530550 38 219927909136488 38 215695427447603 38 206049141435926 38 204542823287218 38 317019824938817 38 135791895115692 38 228103497533942 38 205674063310203 38 214677921904663 38 170938086511147 38 223639874505645 38 59330244625277 38 150634121851735 38 267228943496632 38 127650264290356 38 128913903928847 38 1 38 173913159783188 36 14516147229338 38 72978495729851 38 181416814985754 38 102091144061858 38 70788845262184 38 260912672802101 38 230714568168712 36 210711856416584 36 192996383528487 38 296902781383008 38 232343637071777 36 187070918350321 36 202453985104932 38 105331670404542 38 239422160940064 36 114061148363032 38 251029068815606 38 202625468014592 38 128744929423147 38 122454330499813 38 265339019634965 36 171677076776753 38
3 75
5926807884856247 58 5928165320923982 56 5904916022881335 86
219126771906762 86 219067219181923 56 213058454853083 86 218619280128766 86 226941002906718 86 234035274973887 86 233700738163258 56 241535879954005 19 276952706982153 4 251819148567522 56 220090978967603 86 243292099980739 56 213464415070472 86 269816689977493 56 244062064294098 56 239691620082415 56 260410338336790 86 253249135365422 19 256459404141374 4 255898545254015 58 213192184550495 4 237587328068876 56 240136045918808 58 253177432173688 86 237452129545923 4 210447534223179 4 241656277986706 56 225967785111923 56 193958766487811 86 265305804060201 56 239896746928389 19 228119233228682 56 257165753888355 86 250288778892833 56 234544518906209 19 251452965330360 56 215222800551086 58 233657252390752 19 235590603853952 86 236920079232394 4 244025366819672 86 242617536276008 86 232519355118275 86 220723285736293 56 227369473638634 56 255616256508716 56 243437331127092 58 245205772932892 19 243815697834427 86 249315093186708 4 234404080189220 86 233942890138163 56 256834368001864 4 247937509718795 56 240387436022774 56 192073855654712 56 230047984510865 4 240981733198212 56 254537364792673 86 234091496463231 4 268295911813150 56 265218954761554 56 220256468978491 4 218135707836505 56 259950541411352 4 215623731410614 86 193393536931520 86 240385454109587 4 233171517211394 58 223699269836966 86 233852898724099 58 269076056981235 56 247577197692077 56 207034796274069 58 247759982668972 86
3 55
1343160330081882 33 1320713913322672 25 1306947378557830 68
106296846263905 9 102518269510896 93 78022415736072 46 103301491425253 26 61471953405406 96 29257600766788 32 101985195313788 62 34837514239164 51 89927427467366 25 83732245815652 24 28716890627766 74 109594126983318 90 102666664667868 16 35070587865364 8 54239724256734 76 46272746696177 13 88984802503788 36 76542121290617 19 97826425772508 12 56122547863291 79 112012742283038 78 129528735876287 38 96321147918142 92 95683682324519 52 120261145387234 69 50456625063226 23 18265351922818 4 91773939507252 91 71743318994340 37 81662505870403 43 78426220510219 33 84393500619623 86 57542055028918 73 104738813273360 80 51059074321441 97 57133888086381 99 57707745849947 70 45137857671774 17 116204336017733 95 42006268336077 77 89325874360234 85 38045462683853 20 99827521823048 57 25163960626540 14 52300895344542 68 69616752183442 56 107890743886623 2 31088273569591 30 88023856867875 35 49766929480845 72 76251666851859 81 43200414101465 83 72927128528085 45 66545065799622 71 13471395284933 50
3 28
2093070763150969 73 2045335003425490 82 2080230878894048 73
235672292906387 73 212796270973285 73 168851664424816 73 194878748243011 73 254174695092862 73 210901590188630 73 169897120325473 73 255478782064811 73 216989838722179 73 252252788008891 73 201790722950317 73 266545957917776 73 215796129919556 73 235524397235969 73 228986377077776 73 167165662876450 82 288070605625833 73 312528607202642 82 279217301408757 82 251418868773111 73 237588339758279 73 237763968012715 73 218453714837752 73 226644772545960 73 237528291232405 73 292513715267104 73 216393650677722 73 192161176617229 73
3 62
751166832783322 85 705246491476265 85 639929993369545 85
125905858951818 85 29881213241709 85 42391901703225 85 1 85 31142804812428 46 1 85 1 85 50583036136597 46 23485758316707 46 1 77 36642484240942 93 34134785224110 85 29575551799917 93 1 77 1 85 53956843267850 93 49945919804227 46 16009085812905 46 71983562320832 85 41613385819918 93 14193686429390 85 1 93 27141224608197 46 3517155891168 32 53624920104808 85 70234346903263 46 1 46 36272493132218 93 51628474358612 85 8385961017204 85 56843145722092 93 57512719503343 77 65032461363963 77 94913771754138 77 49143315880616 77 115151883874624 93 1 85 65679150967754 93 39357434018882 93 1 77 12722783843354 93 1 85 110270035382130 46 73760453104360 93 64136427479139 32 48800244340410 93 40696472560274 85 18428307756890 93 20120031877157 46 82561925632164 93 80198926753626 77 51299575560446 46 97741270877513 46 1 85 39956405414086 46 95837450523004 46 29404954543084 93 33633732569668 85 60340416275347 85 41455426134322 77 1 32 55200914323566 46
3 79
4033005043719873 24 4026203116062252 8 4007589991798853 35
153417060090542 45 144513748276956 91 154757591026882 44 162933112976030 89 160625149502565 16 161682484239501 3 140144005484997 65 125578430354300 60 138463694466041 94 161643558585707 100 151519971094852 79 151086350610291 37 145694531090063 80 155323258788949 85 155950687335246 76 180137064868381 19 156988770976749 50 138416349161771 86 148762408467664 84 162795290811196 2 136344207938005 11 162931135862763 56 152228300941987 54 126043957110549 30 164238370033107 78 164366248913413 13 174692025933352 36 181085565518822 25 150590495508262 24 145019704387816 10 140999188898256 9 154707528963666 18 159514097940046 62 147349811830613 74 155137421039504 23 146569422241886 20 162887854482912 58 147526829521164 53 140399402098809 81 141399188309657 35 147968921666141 14 151968915414860 8 145642988505441 66 145814338777190 40 162526562486408 48 137024313128580 5 148839958982345 83 151772066538479 34 161643409281737 51 159028720433902 95 173963896762326 15 150469160986117 39 165138618969051 71 152191712185384 16 154141142585647 9 118172331203446 45 142413812856308 2 155188685208259 20 141687068205226 58 123343635852656 56 148302570692036 10 169511436515156 14 153002796016491 50 153546244144544 30 151526503746909 18 151180968764458 54 151176012702257 34 144960992119236 80 140099773520920 23 154303938291315 39 149319659995634 100 145192174407365 11 132175450836896 89 168740922817869 76 172011119488052 79 168623026615305 85 142780669963308 5 141199041389248 74 147998346349098 60
3 54
860588101048509 85 881725705199435 31 786830895055929 85
91837673169365 85 1 85 1 85 36114766162228 85 1 85 1 85 60690458620820 85 112651446564809 85 118776273597145 85 4751523496387 85 1 85 35677589089638 85 103751568519218 85 38497531219698 85 6271985713767 85 1 85 1 85 12568789975628 85 151422669574179 85 1318218315592 85 6934343061409 85 88969710580107 31 1 85 80739666999890 85 1 85 1 85 124709683121013 85 40038806398254 85 1 85 10357474849774 85 1 85 1 85 187059985526112 85 146266974308060 85 49957912670261 85 116865942935127 85 160990801221614 85 1 85 141093790900089 85 1 85 188293407105404 85 59742358263805 85 67746832138772 85 128389177256493 85 42354141436883 85 99334671814871 85 59756632913851 85 71493525777830 85 136931662716336 85 93743749226935 85 28140683483882 85 45783030489873 85 1 85 1 85
3 98
933356767629022 68 1019890809595307 13 944049837436203 13
1 13 1 13 1 86 1 86 1 13 1 86 1 20 235944151959111 13 1 68 103579018422818 13 43677579311555 20 18772124999280 86 110499460565946 68 70487220144537 20 1 86 1 25 125794052783690 25 1 86 1 13 111745641938384 68 1 68 1 13 1 86 57405345232095 86 42678111762931 68 1 20 136355418150810 20 1 13 1 25 73101938110710 25 104262016336956 25 1 13 1 13 1 68 27837697403233 86 82444727670317 13 1 13 41670304779825 25 78920159262483 86 11064312859133 13 34122689463025 68 63836709018962 68 117541310598844 13 1 13 20440691257160 13 4232907175414 68 1 13 102362964571935 13 77390083165005 68 1 13 25796370441331 20 25378853204997 20 1 13 1 13 1 86 18353735986253 86 74434650545028 13 1393243194482 68 116445145648051 86 1 13 36798398760217 68 1 20 84564979015763 68 1 13 94334289323924 25 1 86 1 13 1 25 48306082596980 13 1 20 1 68 130320173267863 13 58485368579069 86 1 68 35837502630373 13 85049022657834 13 34627061082830 68 9364678521257 68 15404823173654 86 1 68 1 25 125991301244973 13 2980409612336 86 143120034974829 13 62621083041206 68 1 20 107019253152431 86 176599292858076 13 253735129043018 13 1 13 71295587326537 13 30231802129111 13 1 68 28360000691219 13 165584614795716 68 1 25 58119349896750 13 33810574897987 13
3 34
2063514753407641 63 2176915814774163 61 2019612283524724 95
223569858724943 81 100352209669137 49 117816463902160 35 102586310354305 52 242324141186521 2 307177311353005 80 243617662200186 3 235702125709283 77 172039811213735 73 107841444719440 69 280131323623469 46 99650460451718 95 6438597070817 16 169987993616839 24 168049222458533 70 145727068765474 61 74344303814514 39 5197277434402 67 221618100369854 19 223354290893849 87 111012645593357 37 251974448822123 20 187512581794890 63 295383897084315 17 204702344003032 97 359057504863637 25 100126740541002 9 283889318452837 36 271663171080409 43 162736749048583 6 251088647724404 75 64151547706896 94 1 92 126506379256789 100
3 14
569017510378952 17 507633511790465 77 492645345415193 17
99524695452713 77 124042413753453 77 101117143389956 77 100956253515836 77 139762821222850 77 66563912437608 17 125423438390099 77 91525787862201 77 80247256915339 77 149030763356990 77 98071160581227 77 92380539369611 77 96525373283642 77 127861919627538 77
3 17
51239540562226 39 1 39 1 95
1 95 1 95 14447347385872 95 68902093042275 31 1 95 1 95 57046026547435 84 24218007725968 39 11502046779700 95 126013107227119 95 1 86 37942802482672 39 1539183517026 95 54758576590862 31 15783692490709 39 1 39 1 86
3 72
3372154644122361 13 3321992051699416 84 3405796354572234 32
88638194952735 8 207733312963141 3 224231986715483 72 34577545892008 100 248951807589074 62 1 85 93249620671667 73 181266904266567 18 123212181549787 56 222991320599027 13 70381873171487 46 201423099735381 2 192934326111958 30 206126620645968 74 95552286820627 60 90453411848530 57 132631491980092 84 241886596839609 36 159551554788275 65 112912935766338 69 71163683213953 86 176789922120629 27 108891326172470 68 67386724630325 78 155774244782545 63 147661634013444 24 174607110172055 89 208613711461201 82 219529220296444 91 131397472415017 77 112687269888209 96 95244001711977 33 177384947199464 19 147165188570728 95 109167910359445 54 53860130505011 35 129522126560958 42 165866355751367 7 92265887459367 59 162163662877483 43 100579426010044 83 147192248743353 92 210409749692174 4 106455914774620 88 44809924203584 98 102400107990570 10 62312864185637 28 183719306047882 15 196643756513933 90 117085700857284 93 101353529183335 44 164488946711502 23 305960825992390 17 201322589306387 94 254269603514053 52 77369780649631 34 236348128815324 9 225583639666189 22 119240921199651 99 52152093528218 61 193000173815749 87 141886072120506 48 149471068553650 75 64384296551890 53 106821412430394 37 112040937975268 38 110848166428341 76 151595414935970 20 154483984854687 32 103083466003497 66 194516608771174 47 55871953057769 81
3 17
1250561789909476 47 1263801553443158 14 1255916200805677 47
227442457086351 47 220406559504367 47 214429555378954 47 236655900221720 47 204477051835335 47 242712982851999 14 221567122377571 47 228244804118921 14 220912600082080 14 205221131429947 47 224105579502743 47 223381945865998 47 214001636155641 14 215285419322815 47 218924758799666 47 216618574483233 47 211859711182505 47
3 53
3787843173472547 74 3819942906747786 11 3769566592111916 89
173128545540125 25 321592890876289 11 150098485632807 74 191267035990321 11 215141316983418 89 154365755361256 11 249288823614980 11 268441864840268 11 132027727538656 89 407266949151297 25 114205254286794 11 206252406196776 89 196913645187985 25 153201546674268 8 286213280539555 89 202072129921021 11 327941922426231 11 159822410554543 89 124085815094356 11 292638079359438 25 235989896744024 25 268859206232705 11 308612607140267 11 183550401204207 11 214560132091254 25 163141035568310 11 275334859957839 25 240432760921767 74 194408899925260 25 274868136832039 89 323694677158019 74 330518121905373 89 6209959760434 89 140022003952753 11 257818190020004 74 390098552883783 11 166221398383276 11 188082604719681 11 126251198256310 74 282294264596880 74 183012578491195 25 112640044980283 11 140223673506158 74 215087263853032 89 179687271829549 74 325836889054649 25 176779368331064 89 241774925455522 25 295889071975012 25 126618857976015 89 181168640413961 89 162584861077805 11 91756020662747 11
3 25
1850962959670224 23 1859938223071963 10 1852108067997174 66
232017085035683 18 332372574758565 40 137428978943607 2 210336145436714 75 295273147442132 78 128699071672595 59 331104669453999 81 270552511399727 86 248664826037579 47 232372192602497 79 187906940952729 76 37267927999842 55 181306428815768 77 299130089890938 26 81307668553799 4 139546865883852 46 324738497220677 3 143678767055875 14 264969213458237 72 235358131272423 27 176208838287774 30 118346570654273 19 254714770409189 67 241851393524162 66 254178933703587 68
3 76
4283152362747132 17 4350106162082608 24 4436710990071823 17
234100996419390 17 173393301691653 17 211060193220996 17 173059891857866 24 117240835876704 17 229954761322233 17 249548279939866 24 209907137336556 17 221100055441793 17 111414288858514 24 98252535625724 17 220597358083464 17 94113473816372 17 182310216922926 24 217239010534068 17 188813099071278 24 178226704987320 24 184460212889184 17 103729088270903 17 118422399334035 17 177819841658910 17 184057127677650 24 147447336605227 17 259351129084070 17 106634171578864 24 204606824299456 24 87487905901617 24 167441158050424 17 205602536843633 17 279693262552444 24 145956987465053 17 138313737882435 17 214273875668186 17 108185415100319 24 73360068414509 17 84310559145071 17 282709508675998 17 213730150220239 24 130982252849507 17 269715530752946 17 221098282735426 24 49701939890215 24 51465663586962 24 103468703101237 17 121128391961404 17 227714149397351 17 140704840362087 17 219484393551435 17 225573961490782 24 132186702627894 17 129603992562253 17 143752024822097 17 208159699230766 17 183127607721794 17 154237215632267 17 141814224748344 17 82933171247380 17 148889754459046 24 164961491660572 17 33298769596748 17 189174896416995 17 173044632890958 17 113275132104327 24 170317033764728 17 208235960614030 24 131119772081161 17 184600807626248 17 146140544937514 17 201749748750692 17 132673467314949 17 164671627103317 17 196081808232299 24 107379093547906 17 192400962453245 24 28173549017121 24 133771963925135 17
3 63
3916380068771847 63 3812361894084253 63 3837484867564360 2
71938046079388 63 224597994237603 63 54873824975249 99 99069055574475 99 210735333729747 22 199719679382240 63 181432276790036 2 261621434235999 2 243672354946265 99 112462103878724 22 156551770246793 22 203650952658233 63 319316589374336 2 115950315136825 22 190883618832541 63 160226278474625 22 203921198529426 63 269716662357636 99 173520612822799 2 200739970888264 63 160511342134241 63 28849285415532 63 108381461180775 63 113939159023755 2 214318459465509 2 320244666698348 2 277662221806110 63 331520506659641 63 224634952335150 2 121075479400242 63 95230825302301 63 235429663535744 2 334614580669847 63 113197155498282 63 237791852305653 99 69035480380124 22 332366822594805 63 97926486290692 63 193796141960039 2 175627992175566 22 146199067358712 22 308767622965467 63 57496827786437 2 204546082395989 63 231025981451977 2 108101060846902 2 144656583418446 99 291410161068786 63 181404114722785 2 231039988473869 99 175759805150655 2 201556504657607 22 128968335081481 2 237113914351751 2 231472063066648 2 123482520365321 22 206575694857050 2 197705642786977 63 229218726757915 99 231779244743691 63 69236523943006 2 172137833107901 63 214580222567912 10
3 10
149522391551405 14 281293126031038 66 142538928659388 67
6023723546932 67 121265971605460 8 1 14 90787046853601 77 10866061157286 94 74267078251795 72 71330753094149 89 13944826057629 10 24757497213924 71 4591096265755 50
3 57
163497294476523 27 96880272861065 34 155189758187429 27
48331232098355 34 1 27 32181533067513 34 10868342718320 27 4452202689767 34 1 27 1 34 33755441491556 27 12735010944857 27 1 34 1 34 10822404560215 27 57770857729115 34 1 34 1 34 47263412220389 27 1 27 5036353251119 27 1541803561080 27 12788722298965 27 1 27 1 27 58392909738090 34 45873393192291 34 1 34 55151947415534 27 46593642650562 34 1 27 94456903090858 27 4379328186216 27 32684472946488 34 1726132923505 34 8575065588692 34 6539501128714 27 1 27 20498479620212 27 29307340581178 27 1 27 1 34 21043952481166 27 41098703336198 27 1 27 17552372016298 34 6744155667654 34 1 27 960078080802 34 12041247868380 27 1 34 1 34 5929703286518 34 5857382689381 27 1 34 1 27 13201490173378 27 29188122361905 27 14796293190370 27 6043135801619 27
3 60
4704062553876163 40 4400774419316681 39 4397907038952332 39
392277619059220 92 207604879430906 39 250970472311030 40 308527636742480 40 200814511248140 40 150075563599985 35 238785721030545 39 243385213236209 40 177424233775002 39 242794065276315 92 363306134556564 92 232732746376196 40 114062697661563 92 177444620005396 98 106822986028806 92 98821806712605 40 182672756844896 39 279951849871114 39 271562039645166 39 175742888934157 40 194908167640370 40 251412821349285 39 271609773619960 40 291572732948510 35 319425655215817 92 283186335083657 40 117798361503511 39 188744117308237 40 352650709869261 39 62120564297413 39 99172516946559 92 317999400715393 39 267059728498801 98 155862343836754 39 143533646172265 39 135188941418461 39 284424531706216 92 324813023568126 98 249514770430084 39 458910338986108 39 183043301048879 92 209914875499955 39 257312704053154 39 220042609934979 92 289503019178664 92 131499335292519 92 250455919732437 40 132473134325082 39 177808138706960 35 210464215754477 39 282782231202846 39 294625750553977 92 268315147993531 40 227653896176936 40 273161501459853 98 89710573770239 40 208837174071330 92 305790093035567 39 213737688035003 39 152337039839655 98
3 27
1225095075924362 92 1250784053131286 13 1227810964246561 38
100976146060336 35 116642419044786 18 146041349206479 77 200332177090710 5 155003656163116 90 76290395683262 97 152835684768843 69 194717529932938 36 159187620656253 39 120331488086411 34 90716708664720 67 160918053239542 76 196036563466531 70 186163734283590 55 176473086274685 59 91425074104990 22 152904016793382 40 166429456420290 98 177890623066449 92 165972318977438 78 118238637553655 68 166660826245673 89 192806095568111 41 105174842027395 46 97858070670355 15 119328911823736 38 170318733120757 85
3 82
6247547241754882 99 6275894221516974 48 6259077728680442 99
245023741330525 48 202831232185911 48 216106657490069 48 215796030212456 48 206229768851597 99 196785337500759 99 226029219102637 99 216108996699532 48 232064837845556 48 229187779399573 99 231780276284659 99 245840488042922 99 222146420846926 48 251928141988832 48 210383221692259 99 215259498834984 48 223070179734494 48 224359447098072 99 194802984049582 99 239210537249894 48 232071155815214 99 235854818711117 99 263702864940244 48 256642433000185 48 230697110951253 99 221562928328260 48 224928115470510 99 216917637223336 99 200069321037288 48 209924569372765 48 214599499780960 99 284725093651899 48 202204840861700 48 243852513753418 99 233938939624835 99 231431137404160 99 233482173474789 99 228782847295362 48 250115059490670 99 207333225798897 99 234383191144051 48 213137789311087 48 207395925767446 99 202427110702639 48 247616066351471 99 225874409092462 99 247564485482889 48 239133777621541 99 264530281303258 48 254324768109313 48 250416413310171 99 209293508014518 99 238781608981724 48 223153779888000 48 243956591514121 99 215386121456384 48 218124434164440 99 228948132196764 48 226839782999148 48 242044436503826 99 239064948305397 48 214626134121118 48 260934131204906 48 261467596797891 99 197520509145842 99 192825395482707 99 223440175995884 48 230421315955502 99 217283115955631 99 239853702197462 99 199564028574023 99 267810152479550 48 224121867898452 99 234896355940516 48 220939179907488 99 215896911863216 48 231953377041712 99 240613472067276 48 195037269218194 99 239839577124569 99 208842588399395 99 238828418546067 99
3 62
87121736027494 77 96813233493892 72 128329063055657 21
76678420031033 73 1 72 1 77 1 21 8046272036674 77 38224188142549 21 1 43 1 77 110348640192801 72 1 77 1 21 1 21 147668649585799 77 174648206076116 21 120883183816130 77 19433426318536 21 23846043239408 72 1 77 68815967214579 77 1 77 69880899164710 21 1 77 15231596776405 21 48386761276707 21 1 21 1 73 1 21 1 72 84250661561708 77 57740740291116 77 136790772405810 77 1 77 22045906261626 21 1 72 1 21 1 77 1 21 1 77 1788329916595 77 1 21 19387703761846 72 1 77 1 72 89162800818660 77 1 72 136390015176383 72 35916094455385 77 1 77 49827485042019 77 71532512399484 77 17705417186493 72 1 77 1 43 54934071498456 21 111271033327909 72 91958769820417 73 8070322026099 72 57446724913540 43 100691856594660 21 45299113232333 21 2333632148948 21 127970235492653 73
3 28
2684963686572220 15 2739839662505662 71 2781222179529371 66
222032715510639 95 338675729905159 38 345915325974893 71 339156596967565 17 312026409483683 87 288289534510164 81 324948559489697 39 246980602270672 26 209275445092483 9 307147712531233 2 230844023076113 46 300811797095939 34 240313509728442 57 305401311253698 93 322798139509461 91 269588646846492 83 365662778032349 63 287828108153939 35 368819203748801 92 230176127141875 15 234162517226056 66 316067155550049 24 243950941535589 53 230244841852255 39 251044520718508 92 332262827774454 63 357605847752549 26 318723138843137 24
3 10
547271918714028 8 363026851840592 70 464238135069767 8
102805248790680 8 178576084642882 8 167849960444232 70 141921422694885 8 60237176510225 8 135217916861612 8 175877658924456 8 65020072644613 8 86187226554918 8 123945200227351 8
3 48
3582192526143553 16 3648785343514788 62 3530772809001688 97
385107124125618 63 218886878481574 16 146862390635452 16 127547089467458 18 249229992435669 62 142262462567816 97 185934692860678 63 367216611208011 63 219849414717591 16 261745495945067 16 410513712411320 63 281167431190268 63 254056290078069 62 307579987547978 97 248215003184091 62 250926491270069 18 198471699515621 16 272320844008545 62 37819093444441 62 321416616659189 62 243151902070777 63 165629934198467 62 189053300208230 97 263689293771988 16 294676700650867 63 202755283041370 97 172386012830013 63 296696616914877 63 153710980890966 63 286940625548593 97 156246064326055 63 192242011578545 16 152223311525131 63 143821025567230 63 246346850643061 16 291406630902545 16 306807552171319 16 117918141834013 16 214910326804731 97 175990304125477 63 247705798139381 18 339500027781714 16 232000126211462 16 129049166339698 16 412185430640485 63 226698392135154 16 172812654540827 16 206472932968918 62
