100
2 2
0.50 0.50
4 2
0.00 0.00 1.00 1.00
3 2
0.50 0.75 1.00
4 2
1.00 0.98 0.00 1.00
16 10
0.01 0.02 0.01 0.01 0.02 0.00 0.01 0.01 0.02 0.01 0.01 0.01 0.01 0.01 0.00 0.01
3 2
0.10 0.80 0.50
3 2
0.00 1.00 0.00
16 8
0.06 0.02 0.84 0.96 0.00 0.92 0.58 0.01 0.01 0.70 0.34 0.42 0.01 0.03 0.03 0.07
12 2
0.50 0.50 0.65 0.22 0.86 0.26 0.97 0.30 0.41 0.92 0.41 0.76
2 2
0.00 1.00
16 8
0.01 0.03 0.94 0.04 0.94 0.99 0.92 0.02 0.90 0.97 0.04 0.92 0.09 0.99 0.06 0.00
16 14
0.63 0.07 0.60 0.06 0.01 0.00 0.03 0.06 0.04 0.00 0.06 0.00 0.70 0.66 0.02 0.04
16 8
0.03 0.70 0.68 0.04 0.08 0.10 0.10 0.66 0.02 0.02 0.04 0.10 0.09 0.10 0.07 0.68
16 8
0.36 0.46 0.47 0.41 0.53 0.57 0.36 0.61 0.42 0.33 0.35 0.36 0.31 0.57 0.37 0.57
8 6
1.00 0.00 0.00 1.00 1.00 1.00 0.00 1.00
16 12
0.67 0.60 0.69 0.64 0.70 0.05 0.05 0.68 0.65 0.67 0.63 0.62 0.64 0.67 0.02 0.08
16 8
0.67 0.63 0.66 0.59 0.48 0.90 0.84 0.45 0.85 0.67 0.45 0.42 0.59 0.57 0.55 0.75
16 8
0.53 0.51 0.00 0.01 0.02 0.57 0.02 0.02 0.02 0.01 0.55 0.59 0.50 0.82 0.93 0.02
8 4
1.00 0.00 1.00 0.00 1.00 0.00 1.00 0.00
16 12
0.06 0.04 0.64 0.07 0.62 0.08 0.07 0.00 0.06 0.08 0.10 0.60 0.08 0.66 0.01 0.08
16 10
0.51 0.51 0.51 0.51 0.51 0.51 0.51 0.51 0.51 0.51 0.50 0.50 0.51 0.50 0.50 0.51
16 8
1.00 0.99 0.99 0.49 0.07 0.98 0.02 1.00 0.31 0.99 1.00 0.33 0.99 0.21 0.28 0.05
16 8
0.50 0.49 0.37 0.67 0.83 0.35 0.49 0.68 0.55 0.51 0.57 0.73 0.75 0.62 0.49 0.58
2 2
0.05 0.45
16 8
0.00 0.05 0.04 0.97 1.00 0.96 0.92 0.96 0.00 0.00 0.90 0.06 0.94 0.00 0.97 0.03
3 2
0.50 0.80 0.30
16 10
0.51 0.50 0.51 0.51 0.51 0.51 0.51 0.51 0.50 0.51 0.50 0.51 0.51 0.51 0.50 0.50
3 2
0.04 0.01 0.02
4 2
1.00 0.00 0.00 0.00
4 2
0.99 0.01 0.98 0.01
16 10
0.59 0.45 0.50 0.73 0.47 0.49 0.57 0.53 0.48 0.52 0.49 0.71 0.73 0.60 0.66 0.74
16 14
0.51 0.51 0.49 0.49 0.49 0.51 0.50 0.49 0.51 0.50 0.50 0.49 0.51 0.50 0.49 0.50
8 6
1.00 0.00 0.00 1.00 1.00 0.00 1.00 0.00
12 10
0.64 0.90 1.00 0.16 0.45 0.45 0.19 0.15 0.37 0.09 0.79 0.96
16 8
0.01 0.99 0.98 0.93 0.02 0.06 0.10 0.93 0.98 0.97 0.06 0.07 0.96 0.91 0.06 0.09
8 4
1.00 1.00 1.00 1.00 1.00 1.00 1.00 1.00
16 14
0.02 0.01 0.00 0.02 0.02 0.01 0.02 0.02 0.00 0.01 0.01 0.00 0.00 0.00 0.00 0.00
8 2
1.00 1.00 1.00 1.00 1.00 1.00 1.00 1.00
16 8
0.00 0.00 0.00 0.82 0.54 0.77 0.01 0.60 0.91 0.02 0.59 1.00 0.01 0.01 0.01 0.78
16 10
0.45 0.74 0.49 0.47 0.73 0.52 0.59 0.51 0.57 0.71 0.48 0.49 0.66 0.60 0.53 0.73
4 2
0.00 1.00 0.02 0.00
4 2
0.00 0.00 0.00 0.00
16 2
0.51 0.50 0.50 0.51 0.50 0.50 0.50 0.51 0.51 0.50 0.51 0.49 0.50 0.51 0.49 0.51
16 6
0.01 0.01 0.02 0.01 0.02 0.02 0.00 0.01 0.02 0.02 0.00 0.01 0.02 0.01 0.01 0.01
3 2
0.50 0.50 0.50
16 10
0.50 0.49 0.49 0.49 0.50 0.49 0.50 0.50 0.49 0.50 0.49 0.51 0.50 0.49 0.51 0.51
8 2
1.00 1.00 1.00 1.00 0.00 1.00 1.00 1.00
16 4
0.02 0.63 0.68 0.64 0.61 0.63 0.70 0.61 0.64 0.70 0.65 0.60 0.01 0.06 0.68 0.08
4 2
1.00 1.00 0.00 1.00
16 6
0.53 0.35 0.38 0.68 0.40 0.42 0.57 0.42 0.49 0.65 0.65 0.39 0.33 0.51 0.36 0.69
16 2
0.99 0.98 1.00 1.00 1.00 1.00 1.00 0.98 1.00 1.00 0.98 1.00 1.00 1.00 1.00 0.98
16 14
0.37 0.41 0.53 0.63 0.65 0.56 0.55 0.66 0.68 0.55 0.31 0.63 0.70 0.32 0.42 0.53
8 4
1.00 1.00 1.00 0.00 1.00 1.00 1.00 1.00
16 6
0.60 0.63 0.68 0.64 0.60 0.60 0.05 0.65 0.00 0.00 0.62 0.62 0.68 0.63 0.05 0.68
8 6
0.00 1.00 1.00 1.00 1.00 1.00 1.00 1.00
16 8
0.62 0.49 0.49 0.36 0.37 0.50 0.49 0.83 0.73 0.51 0.75 0.58 0.68 0.67 0.57 0.55
4 4
1.00 1.00 0.00 0.00
16 14
0.68 0.64 0.65 0.65 0.60 0.02 0.60 0.67 0.03 0.66 0.65 0.69 0.04 0.69 0.05 0.64
16 2
0.44 0.60 0.49 0.60 0.55 0.47 0.32 0.32 0.55 0.30 0.62 0.35 0.37 0.58 0.40 0.50
16 2
0.06 0.09 0.09 0.07 0.10 0.07 0.09 0.01 0.04 0.09 0.66 0.70 0.61 0.64 0.10 0.00
8 6
1.00 1.00 1.00 1.00 1.00 1.00 1.00 1.00
8 2
0.00 0.00 1.00 1.00 1.00 1.00 0.00 0.00
16 14
0.47 0.57 0.21 0.43 0.11 0.23 0.79 0.60 0.89 0.60 0.72 0.06 0.83 0.63 0.14 0.52
16 8
0.98 0.99 1.00 0.99 0.83 0.98 0.89 0.99 0.83 0.98 0.99 0.98 0.99 0.99 0.70 0.86
4 2
0.00 0.00 0.02 0.00
16 8
0.03 0.07 0.26 0.62 0.77 0.13 0.05 0.37 0.01 0.02 0.20 0.47 0.08 0.58 0.05 0.03
4 4
0.50 0.50 0.50 0.50
16 6
0.51 0.49 0.51 0.49 0.49 0.50 0.49 0.50 0.50 0.51 0.51 0.51 0.51 0.50 0.51 0.51
16 10
0.61 0.60 0.69 0.03 0.62 0.00 0.70 0.64 0.06 0.61 0.65 0.60 0.64 0.10 0.65 0.66
8 4
1.00 1.00 0.00 1.00 0.00 1.00 1.00 0.00
3 2
0.60 0.40 0.50
16 8
0.66 0.67 0.59 0.90 0.75 0.59 0.42 0.85 0.45 0.55 0.84 0.45 0.67 0.47 0.63 0.57
8 2
0.00 1.00 1.00 0.00 1.00 1.00 1.00 1.00
4 4
0.01 0.99 0.01 0.98
16 2
0.01 0.01 0.00 0.01 0.02 0.00 0.00 0.00 0.02 0.00 0.00 0.02 0.01 0.02 0.01 0.02
16 8
0.99 1.00 0.98 0.99 0.99 0.43 1.00 0.33 0.29 0.41 0.43 0.39 0.98 0.98 0.20 0.16
2 2
0.00 0.00
16 8
1.00 0.52 0.84 0.98 0.50 1.00 0.52 0.98 0.98 0.86 0.57 0.99 0.98 0.62 0.99 0.98
16 8
0.08 0.04 0.63 0.60 0.06 0.63 0.08 0.61 0.63 0.70 0.69 0.60 0.70 0.64 0.63 0.65
12 12
0.13 0.27 0.98 0.62 0.70 0.07 0.45 0.14 0.52 0.08 0.81 0.44
16 8
0.02 0.02 0.02 0.11 0.39 0.37 0.00 0.37 0.32 0.02 0.01 0.00 0.37 0.26 0.02 0.24
16 14
1.00 0.98 1.00 1.00 0.98 1.00 1.00 0.99 0.98 0.99 0.99 0.98 1.00 0.98 0.99 0.99
16 6
0.08 0.62 0.61 0.10 0.03 0.66 0.66 0.01 0.05 0.09 0.10 0.07 0.04 0.10 0.05 0.09
16 6
1.00 0.98 0.99 0.99 0.99 0.98 0.99 0.98 0.99 0.98 0.98 1.00 0.99 1.00 0.98 1.00
16 10
0.98 0.02 0.67 0.80 0.34 0.76 0.25 0.17 0.40 0.27 0.38 0.56 0.15 0.23 0.13 0.70
16 2
0.66 0.03 0.67 0.69 0.69 0.05 0.62 0.67 0.03 0.03 0.63 0.70 0.68 0.70 0.61 0.66
16 6
0.75 0.72 0.23 0.57 0.23 0.54 0.89 0.02 0.47 0.70 0.52 0.09 0.98 0.35 0.29 0.20
8 2
1.00 1.00 0.00 1.00 0.00 1.00 0.00 1.00
16 8
0.02 0.02 0.45 0.01 0.23 0.14 0.00 0.25 0.02 0.29 0.02 0.15 0.01 0.00 0.03 0.15
16 10
0.41 0.37 0.70 0.43 0.63 0.54 0.45 0.32 0.49 0.49 0.57 0.57 0.56 0.46 0.60 0.64
16 8
0.37 0.62 0.42 0.36 0.36 0.41 0.31 0.47 0.57 0.57 0.33 0.57 0.35 0.36 0.46 0.53
2 2
1.00 1.00
16 10
0.67 0.68 0.07 0.65 0.03 0.05 0.07 0.06 0.08 0.05 0.03 0.01 0.06 0.60 0.10 0.05
16 8
0.41 0.05 0.33 0.06 0.09 0.30 0.05 0.06 0.47 0.51 0.03 0.65 0.07 0.04 0.07 0.71
16 4
0.07 0.02 0.63 0.10 0.06 0.66 0.09 0.04 0.09 0.00 0.01 0.09 0.03 0.68 0.09 0.66
8 4
1.00 0.00 1.00 1.00 1.00 1.00 0.00 1.00
16 10
0.98 1.00 0.99 0.98 0.99 0.99 1.00 0.99 0.98 0.99 0.99 0.98 0.98 0.98 1.00 0.98
2 2
0.50 0.00
8 6
1.00 1.00 1.00 0.00 1.00 1.00 0.00 1.00
16 2
0.48 0.67 0.03 0.02 0.66 0.69 0.83 0.65 0.66 0.26 0.54 1.00 0.54 0.48 0.68 0.73
