100
1 2
00
10
6 7
0010010 1101000 1101001 1110111 1110110 0010011
1110110 0001101 1110111 0001100 0010011 0010010
10 10
1000010010 1101110101 0110001111 0111101001 0101001011 1001110111 1100100100 1010001100 0010110010 0011011000
0011011010 1000010000 1001110101 1100100110 0101001001 0111101011 0010110000 1101110111 1010001110 0110001101
6 7
0001110 1001101 0010101 0111000 0001011 1100010
1111101 1000001 1001010 1011100 0101010 1110001
8 8
00001000 00111110 01110011 01100010 10010000 01110101 11110110 00110001
01010101 01101111 10010000 11111001 11001101 00000101 01011011 00111110
10 10
1101011001 0011110000 1010011111 1110000100 0001011010 1000100011 1001101100 0111000111 0110111110 0100100001
0111010110 0101101010 0001110001 1011010100 1001001011 1000110010 1110101111 0010101100 1100000101 0110011001
1 8
10100111
10010100
5 8
00101101 00101100 00011110 01011110 10001111
10100011 11100011 00110010 10010001 10010000
6 8
01110000 10100110 10100000 01110110 01111010 10101010
01010100 10001000 01011000 10000100 10000010 01010010
3 10
1001110110 1000011011 0111011001
0101111000 0000001111 0101100101
6 6
111001 100110 110111 001101 111000 011111
111110 110000 110001 101111 010110 000100
6 8
11110100 11111111 11110111 00000011 00001011 00000000
00001001 00001010 11111101 11110101 00000001 11111110
10 10
1101101010 1010010111 1100100101 0000001000 1011011110 0010110000 0010110001 0101011110 1101001001 0111100111
0110001100 1001110101 1110011011 0111100000 1100100010 1011001101 1001110100 0001010010 0110101111 0000011011
10 10
1101011011 1010010000 1001001100 1101011000 0111100011 0000101101 0000110010 0110111111 1111100101 0010000110
0001100111 1000011001 1111001000 1110010100 0101110000 1000000110 1010101101 0010111011 0111001110 0101110011
2 8
11111010 11010100
11010010 11111100
10 10
0111110100 0111000001 1110000111 0110001101 1100101011 1001011110 1001110000 0000101010 0000111011 1011010100
0100111110 1010010011 1101100100 0100101111 0011010101 1000111111 1101001010 1111000000 0010011001 0011100000
6 10
0100101001 0101101001 1000001110 1001001110 1010000110 0110100001
0111101001 0100100001 0101100001 1011001110 1001000110 1000000110
10 10
0000010110 1110110101 1111111001 1000011011 0111100111 0001101010 0011000000 1110011010 0100000100 1001101101
0100001001 1101110100 1101011011 1100010111 0010000100 1010000011 0011111000 0000101110 1011110101 0111101010
10 10
1100100001 0011101110 1100001100 0001100100 0101011011 1111100100 0011110101 1010010011 1100011010 0010011011
0111010101 0001111011 1011000100 1000111010 0111001110 1110110011 0101000100 0110111011 1000000001 1000101100
10 10
0010100100 1000111110 1010101001 1001111001 1100011011 0111010010 0101001100 0111010101 0110100110 1001000011
0001111011 1100001001 1110010000 0000111100 1110010111 0101011110 0000000110 1011100001 1111100011 0011101100
10 10
0011111110 0010000011 1110011101 0111001111 0001010010 1110110011 1000101101 0101111100 1100100000 1001000000
1111011010 1010010110 1101101001 0110100110 1001000111 0000111000 0100110101 0110001000 0001010101 1011101011
6 7
0000110 1011100 0010110 1100110 1100101 1000100
0011011 1111011 0100001 0011000 1101011 0111001
10 10
0010000011 0110110101 1001010100 1100111011 0010101010 0011110010 0101101100 1101001100 1100011111 1011000001
0100110000 0011001010 1010100001 1010001000 0100010100 0001011111 1101100111 0101000111 1110111110 1011111001
5 7
0110000 1100101 1010000 1110011 1011001
0100000 1110101 1001101 0001100 0101010
6 6
100000 011110 000010 111110 111100 100010
100001 011111 000011 111101 011101 000001
10 10
1000010011 0110011101 0001010100 0110101010 0101110001 1011100000 1000101111 1111110110 0000001011 1111001100
0010011001 0001101010 0001010110 1001110010 0110110101 1111100100 1000101101 1111010011 0110001111 1100001000
10 10
1110101101 1110110010 0000011001 0001010100 1011110010 0100101111 1100000001 0001101110 1111001010 0011010101
0111010011 0010101000 1101110101 0101010010 0110011110 0111101001 1010000110 1000110101 1000101010 1001001101
10 10
0010011111 1100110101 0011001110 1100110100 0111010100 0000000010 0111001011 1001101011 1000100000 1111111001
1001010100 1000000101 0100110010 0111111110 0010100000 1100000000 1100011111 0011101011 0111111111 1011001001
7 10
1011001001 1110001011 0101101010 0100110111 1010000000 0100010101 1011011101
1110000101 0000100110 0000110010 0001101111 1111011000 1111111010 0101100100
8 10
0110010001 1110000101 1000000011 0010001011 0101100010 0011110001 1010110011 1000011011
0011100101 0010011111 0111111111 1111101011 0100001100 1001101101 1001110101 1011011101
4 7
0010100 0001100 1001101 1010101
0101011 0110011 1110010 1101010
10 10
1000001110 1111110101 1000100011 0011111101 1101111111 0000101010 0111001000 0001000000 1110010111 0110010000
1110100100 1011001001 0110100011 1000011110 0000111010 1111111100 0000010111 0111000001 1001110100 0101001011
6 4
1101 0000 0111 1100 1000 1110
0000 1111 1001 1010 0111 1011
7 6
101011 000110 001010 101100 111000 011011 110111
100101 111010 010000 011001 001001 000010 111110
10 10
1001101000 1010110101 0001000010 0111111001 1100011110 0001111011 1110101011 0111000101 0110010100 1000000110
1100001101 0111000011 1011100010 1100110100 0100011110 0101110000 0011011101 1010001111 0001101000 1010110011
10 10
0001111101 1110101001 1001101110 0010101111 0100000000 0001010110 1011111011 1110010011 0101010000 1110000100
0101110101 1010100111 0000100011 0110001100 1101001101 1111011000 1010110000 1010001010 0101011110 0001110011
1 9
111111101
101000000
6 4
1111 1000 1010 0001 1101 0011
1101 0001 1111 0110 0100 0011
3 6
000001 101101 111000
111111 000110 010011
7 10
0010001010 1000101110 0011011111 0101101100 0011001100 0110011101 1011110000
0000010110 1000100000 0100111000 1101110100 1101001101 0010000110 1111100001
10 10
1010110010 0001011100 0101100111 0011010101 0010101010 0100010100 1001000001 1110101110 1111011011 1100101001
0110111110 0011010110 0001010001 1011101011 0101001101 1010011000 1100101010 0000100100 1101010101 1110100011
10 10
0000000011 0001001101 1101110010 1110000001 0111101100 1010011011 1000101000 1001010111 0111110110 0110111100
0101110111 1100010010 1110100001 0011010110 0100111001 1101101101 1010111011 0011001100 1001001000 0010000110
10 10
0101011111 1110100101 0101010011 1000101110 0110111100 1001000010 0010011101 0111000000 1000101000 1011110011
1111000000 0101110011 0000101110 1111000110 0001010010 1110101100 1001001011 0010110001 0010111101 1100011101
7 10
1100001000 0011010011 0101111101 1101011000 1000101011 1001110000 1110110010
1110001100 1010101111 1111011100 1100110110 0111111001 1011110100 0001010111
4 9
110111111 011101001 100011011 011001010
001011000 001100011 111010101 011000100
2 3
000 111
101 110
10 10
1010101011 1100010011 0011000111 1000000100 0110011000 0110111111 1011000000 0101110100 1001101010 0101111101
1100111111 1001000110 0011001101 1111111110 0011101010 0110010010 0000100001 1101010001 0000101000 1110010101
10 9
010000011 010011101 000100010 000111010 011011011 000111100 010010001 000110000 010011011 001111010
110011011 100111010 101111010 111011011 110010001 110011101 100110000 110000011 100111100 100100010
2 5
00101 01100
00011 01001
1 8
00100111
10100110
5 7
1011000 1000010 0001001 1011100 0111101
0100100 1011011 1000001 1000101 0010000
7 8
01000100 01011011 10100001 10101001 10000100 11111011 10010101
01111010 01000110 01101011 10110100 01001110 10101011 00010100
1 8
01001101
11101110
1 5
10010
01000
2 9
111011001 111111010
101100110 101000101
4 7
1000010 1011110 0100011 1001011
1110101 1010101 1001011 1101110
4 5
01011 00010 10100 11101
01111 00110 10000 11001
2 5
00111 00011
10100 10000
1 4
0100
0111
9 7
0010001 1111101 0101000 0100100 0101001 1101001 1011010 1011011 0011000
1010100 1101101 0010101 1010101 0100110 1011000 0100111 0000001 1100100
3 8
01101010 10100111 01011010
01010001 10101100 10011100
4 7
1000000 0111010 0101010 1010000
1000000 0101010 1010000 0111010
10 10
0000110000 1110011110 0000011110 1101001001 0111001101 1111100010 1011110110 0000101001 0000100011 1111010101
0001110010 0110001111 1000100001 1001011101 0110010110 1101001001 1011110110 0110011100 0110100001 1001101010
4 3
110 100 000 010
100 000 010 110
1 4
0111
1101
10 10
1000011010 0100011101 0111100000 1110111111 0010000010 0101010100 1111101111 1011100011 1001010100 0000101001
1100010011 1111101010 1110100100 1000011111 0010100100 0000010000 0011101101 1001001111 0111011001 0101110010
9 9
001000000 110110101 000111110 011011000 101100001 100101010 001101000 110011011 011001010
010000110 111001110 110001111 111000101 001011111 111011011 110110011 001110111 001001101
7 9
010001100 000000100 000000010 001000001 111001101 010011010 101101100
011000011 000001110 000011000 101001111 111101110 010000110 010000000
10 10
1111110001 1000011000 1111110111 0101001111 1010000001 1000011110 0001100110 0110111000 0010000001 0101101110
1110011111 1001110000 0000001000 0011101111 0100000000 1110011001 1011101111 0100100001 0111010110 1001110110
10 10
0100011010 1000010101 0011111101 1111010110 1011011110 0000001000 1111101010 0100100001 1010100001 0101100111
0011000100 1000001111 1111110000 0111101101 1100111011 1101000100 0011111111 0100011000 1000110011 0010000010
10 10
1101100111 0010001110 0010111101 1101010111 0010101000 0111010010 1110100111 0100110000 1001001000 1001011001
0011011001 1100010110 1001101100 0111110110 1100110000 0000011001 0111100111 0011101001 1010001110 1100000011
6 6
110110 101110 001011 001101 010011 010101
110100 110010 001111 101010 101100 010111
2 10
0111001011 0101101110
1010110010 1000010111
8 9
001110000 001110010 011110010 000111110 111010001 110011101 010111110 000111100
011010011 010011101 001010001 000011101 100111110 010011111 011010001 101110010
4 6
001001 001000 100001 110011
001101 101110 001100 011101
10 10
1111010010 1011110111 0001001100 0000110001 0100001110 1010100011 1101101000 0110010111 0101111000 1010001101
0010110100 0010011010 1001110101 1000001000 0101010001 0011001110 1110101110 1100110111 0111101011 1101000001
7 9
110110001 011001101 011010101 101101100 010001001 010000010 010011011
010000001 011000101 010001010 110111001 010010011 011011101 101100100
10 10
1110110110 0100101111 0011100010 0011000101 1101010001 1011100001 0100011011 1110011110 0000101000 1001011100
0010111101 0000000000 1101000111 1010111110 0111000010 1001110100 1010011001 0111101010 0100001101 1101110011
2 6
110111 110010
010011 010110
1 7
1000001
0000010
10 10
1000000110 1011010010 0001101011 0111011100 1010101111 0111011001 1111110001 0100100010 0100100100 1000011101
0000110110 0101101000 0111011010 1000011110 0100010101 0111000001 1011100011 1000011011 1110101100 1011100101
10 6
000110 001011 101001 101100 001110 100011 100010 001100 101000 100001
001010 101101 000101 101010 001110 000111 000100 100000 101000 001111
1 10
1101001010
1111100111
9 5
00000 00010 10101 01010 01000 11111 10011 11110 00011
01011 11000 11011 01101 00110 00111 10000 10010 11010
7 6
101000 111010 101111 001110 010010 111001 100110
001111 011100 100110 000111 111111 010100 100000
3 5
01011 10001 11010
10011 00010 01001
10 10
0011010000 1010101001 1010000000 1101011100 0010101011 0101101110 1101110111 1101100111 0110010101 0000011010
1000110110 0000101111 0111110001 0000000100 0111011000 1101000010 1111110011 0000111111 1110001000 1011001101
10 10
0100011010 1001110010 0101101000 0010000001 1000100111 0001111101 1110110010 1110000111 1011011100 0111001101
1100000110 0110101110 1010010011 0111011100 0011001001 1001101000 1100110011 0000110101 1011000110 0101111001
5 9
111010110 101001000 110010100 001101001 100111000
011011100 100100001 010011110 001110000 000000000
9 9
000101001 111110111 111101000 011100010 010010110 011000100 110011011 011110011 011111000
011110110 100100001 011000100 000111101 001001001 000111001 110001010 111011110 010110101
4 4
0101 1001 1000 0111
1011 1110 1100 0001
4 4
1111 1101 0100 0110
0111 1110 0101 1100
10 10
1001001011 0000100110 0100011111 0111101001 0010010000 1111000110 1111101111 1011111101 1100010000 0000110000
1101110011 0001010011 0100001000 1111010011 0010101100 1101100101 1010101010 1001011100 0010000101 0110111110
10 10
1100100111 0101111011 1101111001 1011011100 0111010011 1011001100 0010010000 0100100100 1000101110 0010000011
0100011110 0101000000 0011100101 1101000010 1010101001 0000010111 1111101010 1010111010 0011110101 1100011101
3 8
10100011 11111001 10101111
11000000 10011010 11001100
10 10
1010100100 1100110010 0000010000 1001111111 1111111001 0100000100 0111101100 1000001011 0111000111 0011011011
0010101011 0111100110 1100010011 0001110000 1100111000 1011000100 1111010000 0011011111 1000001111 0100101101
4 8
00001010 10000011 01101000 11100001
01001000 11000001 10100011 00101010
4 5
00100 00000 01010 01011
01011 00101 00001 01010
6 10
1101100000 1110100010 1110100000 0110111100 1101100010 0110111110
0001010000 1010001110 0001010010 0010010010 0010010000 1010001100
9 8
01110100 00010010 00100111 01010100 11011110 11110101 00101110 11011011 10111000
10100111 10011111 11111101 11000110 11111110 00111101 10000110 00110101 11010100
