20
100 181 326 50 362 228 278 264 379 358 53 144 234 369 311 177 105 257 136 342 34 72 165 395 110 65 232 249 307 267 376 358 1 302 360 363 82 238 227 14 196 233 158 30 154 69 207 259 327 295 201 313 367 318 260 29 335 92 231 243 312 207 153 313 62 113 228 96 351 56 110 99 241 269 81 395 290 289 254 169 136 8 82 104 326 295 133 214 387 364 57 251 124 210 164 138 323 393 234 226 1
80 79 171 180 243 95 149 24 88 154 136 69 232 219 210 123 30 183 163 87 29 94 149 249 101 89 214 242 80 86 15 99 165 186 131 11 134 133 137 222 37 23 143 19 242 104 244 124 139 9 63 168 103 212 19 205 154 233 49 234 69 65 185 87 103 169 200 237 52 87 62 89 110 205 210 204 161 57 79 153 66
25 10 13 14 10 3 19 11 29 16 9 3 13 18 20 25 26 26 14 0 10 14 6 12 6 7
8 0 6 2 6 1 8 7 9
2 1 2
2 1 1
80 75 34 178 47 13 133 115 60 131 14 185 147 100 97 158 79 99 63 129 134 66 164 85 25 15 236 180 126 142 116 129 69 2 159 116 15 145 83 178 26 97 113 26 50 62 36 129 13 100 8 147 166 25 232 44 40 70 76 18 65 44 249 134 46 158 103 62 53 186 92 182 34 57 60 84 119 96 65 234 196
80 115 247 171 26 19 218 201 203 153 183 157 209 228 56 47 220 84 58 84 198 241 126 148 215 52 171 189 59 6 10 16 224 109 39 0 128 109 53 81 114 88 239 176 67 147 223 37 231 32 122 31 125 100 179 90 4 100 131 63 107 244 181 81 103 220 183 232 181 237 165 46 75 154 222 142 51 47 32 134 181
4 2 2 2 2
25 2 12 14 7 27 15 4 8 11 2 18 29 3 16 8 10 22 11 10 15 1 1 0 28 5
100 130 22 34 85 108 94 180 108 244 2 345 184 122 287 125 157 135 202 92 148 296 186 330 40 49 251 112 156 389 54 48 72 28 82 157 88 176 337 197 20 339 94 205 14 382 282 123 69 36 215 217 284 353 99 324 354 350 36 110 292 42 158 364 23 241 121 111 369 10 260 390 302 355 147 316 289 381 39 358 17 206 175 301 111 274 178 65 177 166 176 69 161 334 33 136 127 106 199 97 116
50 81 9 90 25 96 67 77 34 90 26 24 57 14 68 5 58 12 86 0 46 26 94 16 52 78 29 46 90 47 70 51 80 31 93 57 27 12 86 14 55 12 90 12 79 10 69 89 74 55 41
3 0 0 0
50 22 94 73 47 31 62 82 90 92 91 57 15 21 57 74 91 47 51 31 21 37 40 54 30 98 25 81 16 16 2 31 39 96 4 38 80 18 21 70 62 12 79 77 85 36 4 76 83 7 59
100 324 182 65 251 116 161 143 237 187 261 202 381 160 88 279 220 341 93 124 228 335 108 362 142 270 396 163 266 211 100 115 87 234 132 290 350 293 33 139 80 294 293 13 54 382 244 275 323 338 351 151 273 11 65 368 281 13 83 99 177 135 214 264 369 346 107 272 191 140 11 223 387 257 236 393 239 81 220 114 371 171 218 196 134 283 164 367 297 200 67 74 335 233 290 257 132 349 129 323 90
50 45 56 79 18 87 12 48 72 59 9 36 10 42 87 6 1 13 72 21 55 19 99 21 4 39 11 40 67 5 28 27 50 84 58 20 24 22 69 96 81 30 84 92 72 72 50 25 85 22 99
100 358 386 398 355 363 394 380 371 397 357 358 350 378 379 357 358 353 379 357 372 375 360 352 354 358 390 376 352 386 385 356 396 373 354 351 387 351 383 360 398 392 369 350 371 350 358 381 356 387 388 378 362 351 383 368 359 373 395 364 361 382 372 357 357 379 361 394 380 394 357 378 387 376 378 360 378 386 391 384 375 382 365 389 383 398 358 394 373 355 360 385 389 383 394 396 362 355 393 392 350
50 40 42 98 13 98 90 24 90 9 81 19 36 32 55 94 4 79 69 73 76 50 55 60 42 79 84 93 5 21 67 4 13 61 54 26 59 44 2 2 6 84 21 42 68 28 89 72 8 58 98
50 57 44 99 11 27 50 36 60 18 5 63 49 44 11 5 34 91 75 55 14 89 68 93 18 5 82 22 82 17 30 93 74 26 93 86 53 43 74 14 13 79 77 62 75 88 19 10 32 94 17
25 11 17 28 5 17 24 1 8 25 29 7 15 13 8 8 3 21 18 9 26 4 13 13 23 8
