100
10
701 453 382 275 166 234 326 442 662 837
6
712729306 610731251 460188744 267050239 452486328 970369059
9
8658 2401 770 849 1532 159 1204 4581 4714
5
495270772 697358762 143983193 491775339 140110691
10
300 351 429 996 977 976 862 804 656 552
10
157 167 484 504 581 622 888 941 960 990
10
1995 3655 6657 4256 3405 1869 4736 5499 1067 9485
10
211890381 706407746 400698232 433419495 250826749 339757917 685164068 110943756 603901984 197318511
8
8159 3025 8139 496 5014 6657 55 7238
10
81291716 869968851 774582553 744260108 126614152 379527028 334917375 4579839 4298468 852163119
10
569334264 304005009 703637396 316162586 667860824 884500313 673378386 345636407 460830893 97679592
10
6773 5541 6040 6796 6650 2336 7651 5022 1486 8087
4
819216236 253201906 703207579 128479396
9
8588 1228 7537 8301 9820 5372 1313 7068 446
10
3600 6305 4868 3 106 8883 5022 2319 7855 9245
4
1238430 9936283 9611920 6671676
10
22066469 440472698 614210249 792640210 674577115 564342765 658899406 325901543 774979196 111992143
8
778 645 249 50 218 592 671 823
10
873 765 599 332 202 275 382 635 851 996
9
8460 11 6380 1182 2808 4144 1650 4512 4109
7
640 484 387 232 320 430 552
8
9450 2761 8262 6489 9442 5093 6299 9007
10
183 247 313 314 343 395 608 780 830 786
7
22 68 209 259 350 860 740
6
475489935 464788556 257225463 72317443 944638304 166955097
10
9210 624 7834 3359 1975 1633 3624 2119 6292 6107
4
458163239 710479342 278894220 408599582
8
9081 874 6471 264 5833 421 2886 3948
10
740 620 329 241 42 114 272 349 676 774
9
420 359 259 161 76 158 184 351 397
3
653 289 358
8
2709592 2593283 6406713 1968176 8727054 1764077 8233657 8621259
10
6939 157 2016 4965 4946 42 7013 8571 1402 7765
9
8049739 7701115 376047 1301051 3731931 3331629 2769893 1579799 3204213
8
8292 992 9603 1062 26 302 1686 2867
6
771 477 68 425 515 818
8
8669 7447 2040 2393 5664 8207 7356 2935
9
212 360 425 433 990 964 739 571 468
9
8142 366 186 2558 5993 4284 249 3113 7479
4
784985393 29166524 704390802 444166711
9
9474 3591 213 833 7007 6766 7485 750 9730
5
827440077 809059116 296963732 949926747 954460003
8
1577382 292111424 237569158 814264932 274657456 709717990 906885325 473386969
7
284258904 103183911 304289099 898867853 991698984 803155947 465559750
5
1 8 10 3 7
5
510206020 835125982 209267912 128396012 369204511
10
945 785 611 501 2 420 523 753 795 964
10
896406213 707879136 942348120 283334018 708376236 446295659 483758024 428787941 402222943 592446416
9
2104 6773 326 5461 2687 4978 2624 1048 9758
6
466 273 139 201 464 755
10
9490 3987 727 6225 3753 8961 1386 6236 7385 1264
9
255 9904 7578 8154 5983 64 5084 492 8737
3
533319575 160328555 81393116
7
997 791 669 70 265 789 837
9
768355843 192443777 51262315 749827547 798733268 220365880 973920199 385818894 632748982
3
765 146 635
8
9695725 122052 750694 4779957 331343 1025980 1661288 1407850
8
6348 6504 2344 1213 1294 7034 1139 9895
8
785 548 197 143 170 519 752 922
10
7833 1164 4582 7574 6876 4555 7388 4814 3566 9942
10
839442524 238543085 941981290 517017097 331859466 493729934 450800138 931923761 651974496 581266845
3
943541996 27789175 992462103
10
916787130 179164152 614110743 610085362 697393288 721758702 606118320 248451385 118661599 737012423
8
512007672 586016673 324468725 943259902 333937037 440669344 183032468 78660832
10
890 859 683 385 200 294 465 825 866 937
10
888 776 638 418 19 157 494 724 837 989
8
161739713 261997026 519308352 359162573 312213274 710918599 423419393 728651913
1
770933685
10
754205585 513444133 273869847 206747458 984871945 850858227 424042777 320016595 442737836 3280781
8
61 204 326 469 881 699 681 668
3
847 569 623
10
9327 284 324 1230 6014 8039 1384 1646 8080 8543
8
4128 808 1375 1455 3610 222 4244 263
9
397 1947 335 4206 9588 7775 1871 444 9408
10
2 170 217 306 354 777 760 666 626 436
3
1 2 3
10
893 635 520 266 83 196 427 633 765 978
9
9819 635 305 84 9926 7582 401 7270 2902
4
894 150 247 913
10
711 429 309 71 22 63 197 384 632 790
10
899 812 282 166 57 111 209 521 826 904
8
2321 4407 6871 5902 7159 2033 8117 8939
8
946 830 819 553 397 259 213 62
8
4637 8323 5093 4974 8792 786 8013 8767
10
301770060 584289171 735663401 987758668 881461384 281426727 568082009 856043931 9304676 663828115
10
856 429 406 149 9 131 373 425 756 917
10
941379865 447509748 181823196 376417178 801117666 529623991 622878009 215756490 751571603 344433345
9
8705 957 7648 3375 360 3936 244 308 8661
4
863481629 238993450 593739328 552178878
8
6679477 4114120 7927982 2069343 9209842 8593545 6654794 8952910
8
185264669 658338989 734161397 248723040 286253780 68343747 752371540 658394572
3
372 998 981
10
7426 564 2401 58 5944 487 1058 1865 772 5580
10
7436 6209 1610 8692 5228 2529 2335 1328 7899 9312
10
128282915 73281041 436489887 278163748 386993676 684724965 718173333 669946282 874131736 820485132
6
946900690 662649892 583413700 796679309 449554674 696924736
10
7128944 716282 7074507 5568560 1623975 4208842 5717595 1563322 3718299 9588930
9
4731 2656 8471 1096 331 1914 765 4686 9075
4
943712291 619205467 466927970 659079267
10
828 724 497 415 24 73 486 664 814 992
