100
10
9155 7067 4423 8206 4792 4171 7304 5075 3637 8900
9
1713 901 9792 1836 104 5848 5952 550 6776
10
824 752 556 360 236 281 552 603 784 987
8
9807 606 5940 8827 7938 3479 5761 2484
9
7056 4340 52 6935 144 456 4367 5008 7252
6
967361188 436336238 796663868 359460030 616203001 697936502
8
6681 426 1732 3537 138 5254 2876 7548
6
776 601 536 593 703 925
10
443714425 759879712 197375048 776297515 316003745 936315511 575600837 185187531 940595704 751797633
3
193356192 210087997 768720958
10
51 928 893 764 665 595 422 410 90 81
10
265646484 300053297 190362397 552391463 400910086 690570730 812190453 735214664 883454459 489846265
10
909 880 434 204 65 185 257 611 897 999
9
8160 293 7634 2101 9921 7633 7689 2223 5174
10
115 189 338 359 391 764 813 871 929 934
9
149575683 779135579 654538095 228011394 612365863 704817770 573996661 508195376 987889994
6
5 551 811 941 848 840
10
799 497 342 107 62 83 181 477 788 966
8
8166 603 3049 3828 8249 1378 1657 3952
10
177 401 590 673 689 936 810 735 724 707
10
993 570 368 145 1 67 146 399 923 999
5
398438402 493725205 520805873 168326979 39320187
10
933 783 625 243 8 201 549 651 881 952
10
528437825 320473745 157375492 740420595 684242574 299681815 705581328 421335434 966788657 427326368
6
394 246 135 201 335 405
8
6386 5466 5217 2405 7969 2955 797 8523
10
48 233 420 471 570 764 823 928 973 968
4
922862761 962058559 229053865 926053331
8
4981 8936 9385 2927 6366 1025 4729 9539
5
1 8 10 3 7
5
40 869 689 377 191
8
7744 1041 5433 432 230 3843 8839 6519
3
657 289 480
10
68749181 27635975 340882494 862803873 639719129 439399008 737082730 205803372 537864038 762981086
10
975658522 315693093 280251947 303143551 52138641 661799984 488702473 745473534 614729766 548028937
10
587 441 313 197 103 135 223 370 485 926
7
801 798 677 442 293 119 64
8
233285639 774784714 794379009 142533425 363562632 58203049 545975942 348567926
8
883 752 417 171 393 672 793 938
8
8955033 234956 2030383 6739142 1567465 3309547 6658662 5194425
10
1043 3164 8917 7433 8483 7539 2953 5927 685 9190
10
751 669 647 501 62 379 552 662 732 887
10
650492374 692783004 455438512 255189955 455524025 176084812 779332680 408163836 305829018 983427564
10
955 781 554 282 73 133 546 631 882 969
10
669885473 689403765 102164879 937241260 851824208 397139612 863688129 649152252 231753807 41148270
3
1 2 3
10
674 463 321 193 47 177 277 438 660 905
4
927513960 746334905 647428177 883050189
8
6693 1045 311 5348 1442 3237 163 5799
8
895796006 906583736 840120656 735440281 347163133 504922448 779816783 435131069
8
9009 4455 1992 5200 8399 5973 7722 8017
9
984640527 575947619 657281930 544781652 685399538 325729998 885643568 147135990 979557665
10
5805 1943 4483 6184 3517 6313 1973 2167 1291 6470
10
5089 4592 5489 9716 79 6345 4134 246 6082 9582
10
3191 3533 8046 4390 4858 1582 102 4690 89 6398
9
824 366 325 121 38 61 273 332 447
4
196718040 146299216 935576341 462442762
9
433957885 413225884 181071910 753234766 817687292 130616524 262867938 502776309 457928416
10
9583751 343529 5897084 5447439 2819418 3771457 5629355 767069 3640028 9643987
8
7192 2645 6972 8134 7154 3917 5777 5951
8
5639 66 5965 9999 318 6352 1174 6757
8
5440 7439 7695 939 4661 4037 781 9573
8
7830 450 1410 6891 7958 241 7731 5968
8
953835397 371089909 182035870 950012333 542493621 286317101 962263167 464409202
9
885 524 416 150 36 49 339 436 832
8
2018563 1630586 2266518 1609447 9623048 159053 4633408 8929824
1
799597478
10
502499503 899910916 267516417 485293389 356251865 717398917 922834799 602838901 580606017 172924805
10
6960 6100 6760 872 5765 2248 1759 3199 9390 3358
9
89 4450 211 7563 4223 380 8092 3501 8451
10
894 794 607 127 55 74 450 683 838 941
10
746436222 474703218 111199804 384522257 97154541 119681385 863776624 713726756 680363421 691164327
10
8559 5676 2243 4925 4946 5829 3976 2583 2939 5912
10
586729066 918745327 786435032 911995769 919736230 433949551 734016491 714040877 313433160 24276476
9
941 837 532 257 71 143 386 572 866
9
8479 581 319 6425 125 4968 4263 3149 492
5
732244405 900769438 762644781 437570458 951546670
10
932 583 514 284 213 227 509 575 621 941
10
288838381 493811312 517460483 841300134 745475375 531569467 988109226 471578916 838258645 944111068
10
894 673 604 270 2 181 524 607 852 911
10
3831 2627 3702 6631 4897 2951 7699 1234 662 8628
9
9595452 9120468 889085 1337236 6309559 4865565 2914516 2812465 3895076
9
8655 9745 730 2083 251 1754 5073 7149 8402
6
654089910 700482642 655996813 893336275 394819310 986343426
10
940 763 478 157 28 96 438 500 894 953
8
16 112 990 921 900 566 217 143
8
8632 4224 5293 6590 4069 8540 2731 9790
9
2 44 241 976 885 740 606 327 262
8
4831946 1977901 5234063 944696 9233221 7022284 2563516 9043408
4
2339350 6528893 5956990 2631465
10
693201384 856304982 802057159 971749690 761973280 300263358 487696493 824044997 998190484 801944817
10
377678226 331416869 364347959 211068638 403242649 432672556 202221314 386975884 270725839 260518356
9
672 626 515 412 248 310 498 607 648
9
9539 2479 5359 250 91 9528 9487 5009 266
6
148667509 304834161 911267408 923906359 33949742 552603787
8
5091 279 5012 4667 8710 3972 124 5507
10
9014 107 961 4676 6054 3024 261 1879 5824 1356
7
947 723 502 111 368 613 838
10
994078441 517161662 369169499 831642556 180885746 499708771 786906457 250131486 950019258 231089410
10
725849343 264736633 1521538 636673366 567389460 940433576 691073564 691071473 625806492 526969587
