100
10
598428035 257513722 258068458 52065290 169597955 638583490 941692285 782697058 856962614 129518417
10
935 675 510 217 67 176 328 554 836 984
10
9390 3119 8345 2182 2954 2157 1946 4073 4797 5888
10
967 495 436 132 27 115 315 491 764 986
10
840 574 350 66 37 47 135 402 638 953
10
399 362 276 123 29 75 194 347 384 806
10
938196191 674547340 990968723 11062420 161472644 564508345 165774248 626247409 504160822 145558984
9
6670 820 4498 3817 113 343 44 1625 5444
5
1 8 10 3 7
9
953906370 514675729 488379022 274046092 514880177 697554197 274572680 33529113 575170686
3
1 2 3
9
197 5118 9490 7448 1821 1692 363 220 8117
8
2961917 1127600 3194551 536047 9216358 4007557 2677554 4340962
3
421638001 939454873 18712516
10
8783 7958 6250 1022 6117 3738 1266 5712 1160 3224
10
320793814 618469740 156321823 201811453 745747647 342965499 648023965 90072219 565355601 770873935
9
179 2580 7726 7682 7976 231 462 2487 9124
3
985 299 421
6
786 424 23 65 612 976
10
9927 7782 2111 2999 2228 5482 1938 5322 8857 9712
8
193163081 460580783 978444206 968869327 504583156 514495829 275850479 797933304
8
239971251 56918125 13658564 949421166 89154867 141347629 835832429 892252297
10
9238 1936 2890 5700 5420 8134 3716 7634 8258 3902
10
104237149 362710667 982428751 257905429 563139410 711225029 866313440 184856846 548764621 593039677
9
4637 4622 4905 2854 5762 266 9980 2094 8074
10
206218489 273398229 872862771 696551498 836185821 183527820 611694076 137064774 732229038 183474838
10
8315097 1496381 7304638 3759276 1918334 3748426 4166756 1518226 3678971 9261949
10
9332 8107 7396 1834 5574 2568 4172 5254 5611 6207
7
963 450 366 99 130 370 672
10
8672 4187 3256 1924 3055 6879 2248 2390 2157 2397
10
2161 450 463 1958 4288 6128 7395 1322 5054 9477
3
357728428 484701231 433454024
3
382961133 322362000 253047581
9
3335 725 287 1064 42 8981 1836 2427 416
9
8454 1452 5095 9740 291 7666 6175 282 74
10
550462806 581058615 998831180 944553959 295499005 613894802 733776433 446590791 48894397 689126247
9
9517 5464 1202 5368 9053 420 4399 1572 7053
10
957 736 406 277 63 207 310 550 790 987
5
166 556 499 491 395
10
193613573 408668635 112847483 241232935 206600376 484491088 49961198 411857774 732779812 951339801
8
9755 943 198 3234 6129 458 5011 7297
8
6639 5262 2805 9471 3739 7745 3273 4600
6
467510014 765023476 140479597 308635367 485443414 42960067
10
948474242 612080772 990106185 500317237 816670772 499240373 237960131 926893120 667134376 658296470
4
1698852 8880639 4741858 2482695
10
844 702 693 609 546 476 244 92 76 20
9
8899 149 4568 924 2570 6267 6525 2135 9632
10
789 650 295 149 11 53 271 570 726 989
5
969 471 143 226 754
9
9655 5838 5521 385 5426 243 2388 390 8758
10
704729480 707486229 656970009 450647242 423326389 993423543 176109094 956266738 889274599 459887185
6
667 325 24 262 483 912
9
943 727 539 373 34 159 421 713 915
10
18 90 132 210 216 381 607 654 886 934
10
102220284 906908483 829319110 252980196 262469568 525960265 7453914 395802291 294428340 920973985
10
698 596 342 180 2 123 242 490 685 749
10
615880580 242847601 710806947 332636432 169960557 459553290 843445952 659144541 908418754 103990806
7
220 849 835 535 421 332 310
3
732 485 688
6
377622716 313649627 169831042 912087516 8833670 491080589
8
4483815 1889573 5671317 1786064 9856807 448495 6592647 9028388
9
338 410 4571 8897 5798 6341 369 3569 7807
8
8868 412 1842 25 6310 2299 3386 7801
1
821720540
9
151 468 959 881 823 683 666 610 547
8
5886 7226 5077 4139 5874 4499 2798 7633
4
742453937 512615891 315751987 245997846
10
175 325 448 914 805 691 660 638 637 627
6
877 399 46 336 462 930
10
547784905 618969707 280263425 992253766 843143359 685653381 32630637 888614119 334884726 146474998
8
912122395 680437929 469342199 214646543 203147402 942816894 969750336 253542894
10
106 108 141 385 996 899 863 522 517 410
10
636906185 508633451 949542736 208182463 950686183 779828142 789323731 924099830 790807612 984290876
4
125 775 707 471
10
907 749 521 212 136 178 376 691 803 990
8
810 572 153 128 147 320 694 993
10
965 793 665 296 196 291 637 699 803 969
10
153108780 980010197 965805660 849319700 261519708 704125124 731551592 530699586 723149926 436469713
8
8001 5768 736 4694 3335 8082 6144 6666
9
9940 2426 6007 7990 312 5873 7682 8955 5556
10
713 608 383 159 28 66 274 534 683 936
5
886132690 583145810 556045554 161227764 993556619
10
4846 6752 1588 6628 4208 6696 5949 1051 8119 8965
4
675454519 137225605 494199288 320665577
3
527 821 695
10
8323 6116 1214 1468 1359 4143 9017 4394 6076 9494
10
850 661 399 248 13 69 296 652 846 911
7
594517245 318204569 28733235 280823268 576809513 343849180 79665097
9
9830522 8813151 115738 372998 8291421 4915400 2732407 590959 4361967
7
905 612 469 34 116 593 777
10
701711202 710906758 19605778 731409186 613600935 280010280 201255979 406329262 491361473 587136261
10
329808603 901587123 487767063 618740668 540121581 928920155 840749307 704569602 392762191 342831588
6
349405111 724685505 869685244 569806002 790338789 197415227
8
5787 3047 2868 5105 3349 3569 1766 10000
10
819 791 754 560 245 381 587 785 801 829
9
8248 317 1946 1400 1957 2859 5481 9375 4186
10
1913 3011 4167 4901 2780 6547 1113 9221 5985 7207
8
9227 1435 5573 8768 5037 233 237 7028
8
9512410 20029 2850074 8805585 2314023 4760493 5552905 4903878
8
8387 5 1502 88 3458 9457 1844 7533
