100
493.29998 1.02878 1915.91543
42.36621 3.46791 1554.89909
464.69104 3.65643 84.09680
497.43937 1.25970 1945.75543
490.33928 1.14225 1973.97144
498.40408 1.22643 1974.80951
224.75141 4.0000 238.89
351.3800 3.680 1997.78622
492.48919 1.36974 1939.53437
116.1 2.5640 3.9262
219.0 3.0 1983.0
1.25184 3.99036 1.93783
236.0 3.0 302.0
491.80449 1.37183 1954.29485
147.0 1.0 1983.0
397.0 2.0 340.0
296.63435 3.63074 732.21339
493.91191 1.36661 1902.90068
494.56724 1.13014 1916.44923
327.00000 2.00000 654.00000
458.0 4.0 562.0
495.27318 1.21788 1908.61451
99.43182 1.06024 737.63582
316.59 1.7 426.2975
351.04 2.657 1.0
491.92137 1.12399 1982.53566
493.02598 1.27403 1977.76148
327.00000 2.00000 654.00000
200.57241 2.61278 1430.83043
496.14076 1.09352 1900.61683
496.46033 1.20428 1975.76779
490.62937 1.41604 1923.26752
491.99965 1.25326 1964.89937
379.6810 1.23 105.05566
490.42909 1.05693 1930.56748
327.00000 4.00000 374.00000
198.600 3.91641 1684.44
492.77925 1.18919 1950.99948
303.73039 1.83365 1740.75135
338.0 3.0 1764.0
1.03309 3.97463 1999.72541
500.0 1.0 241.0
188.52875 2.59209 366.21972
29.96932 1.40203 1614.69107
494.99461 1.45348 1982.86955
71.0 1.0 1095.0
268.05688 3.36600 1295.57342
452.00000 3.00000 453.00000
157.0 1.1 2000.0000
6.00000 2.00000 12.00000
407.18196 3.27788 208.03846
70.0 1.0 418.0
123.09595 3.04144 1224.78205
1.00000 2.0 1278.0
492.81361 1.21747 1932.35024
1.09741 3.41949 1999.95407
492.53422 1.29054 1982.80177
419.66937 2.31312 1358.75315
495.99042 1.36918 1942.40996
364.0 1.0 1226.0
87.95575 1.74575 1667.16974
492.94848 1.12958 1986.35455
498.46496 1.35705 1916.40744
496.16340 1.39709 1927.48476
448.6263 3.62344 1327.8334
168.8 1.31642 1746.61510
495.55237 1.16091 1996.22813
491.03233 1.18868 1919.49506
412.32171 1.0 40.2422
281.00000 3.00000 308.00000
391.56483 2.69191 857.91678
270.7 3.0 257.709
493.08058 1.26759 1916.85837
443.27200 2.97106 704.45949
321.00000 2.00000 355.00000
496.61176 1.12822 1920.25143
143.35933 2.63877 1931.53675
1.00917 3.08437 1999.49428
251.0 1.0 1725.0
188.4 1.0 358.0
445.87253 3.43663 185.34275
232.00000 2.00000 464.00000
497.21760 1.27452 1991.64009
1.03111 3.43288 1999.62964
125.12886 2.18881 766.90879
493.78135 1.35891 1976.28226
431.28 1.1965 57.76
413.96061 1.967 1902.79265
498.36896 1.08847 1971.50836
498.80902 1.10937 1941.20252
266.4041 1.0 853.54531
223.0 2.0 580.0
271.44891 2.34785 1424.24472
340.0 4.0 722.0
490.33197 1.07481 1993.29029
273.31429 3.18121 1832.96081
494.43798 1.27424 1978.37217
129.65581 3.0270 829.23631
491.30842 1.14524 1922.52345
340.0 2.0 1478.0
