100
1.18980 3.88629 2.56779
493.23361 1.23994 1966.83049
496.83284 1.14319 1955.66312
475.6122 4.0 1588.46874
238.12567 1.03824 1820.73251
460.37714 2.15273 551.57539
237.847 3.6 335.39019
370.0 2.0 675.0
408.0 1.00000 1662.0
342.0 4.0 940.0
121.86630 1.09159 1439.43474
87.5977 1.151 1527.0
1.09444 3.90126 1999.46611
444.0 2.6241 927.0
498.84472 1.47592 1999.77024
497.74844 1.30236 1958.19671
449.34883 1.2 119.197
293.0 2.306 1.00
1.01195 3.65660 1999.48277
490.71578 1.34220 1933.31687
498.44902 1.11835 1994.49733
497.13587 1.23505 1954.58449
75.9222 2.370 389.41
265.00000 4.00000 303.00000
492.01585 1.20769 1934.96708
397.81345 1.73506 1980.08314
493.47243 1.49513 1965.14494
494.06992 1.16093 1935.61973
436.0 4.0 2000.0
493.00000 2.00000 986.00000
490.65367 1.09581 1956.51019
154.0 2.0 1157.0
209.0 4.0 264.0
495.73255 1.13969 220.17642
150.0 3.0 1833.0
493.46749 1.03772 1945.91683
430.0 1.0 287.0
136.0 2.0 1215.0
109.00000 2.00000 218.00000
54.69225 1.42094 362.36962
357.02597 3.96475 1120.52839
498.07229 1.11481 1967.31991
102.0 2.0 1322.0
449.2434 1.3 1894.955
332.0 3.0 1879.0
495.92777 1.07657 1905.10782
492.45938 1.31649 1921.43532
67.00000 2.00000 134.00000
490.19471 1.27153 1997.72362
250.528 3.4301 2000.000
473.630 2.9 1800.8188
492.50359 1.39831 1926.47292
146.3 1.2 298.0
496.74365 1.47794 1954.42617
409.54408 1.05172 1056.23821
49.9 3.399 832.8186
173.66875 1.04909 1490.41753
382.00000 2.00000 764.00000
491.20069 1.38795 1927.10106
170.03740 1.1376 505.2593
490.09022 1.10294 1928.68434
494.99314 1.00093 1906.18766
481.00000 2.00000 509.00000
498.44151 1.44489 1972.25607
498.65822 1.45379 1928.91291
133.27899 2.0 137.45
493.38190 1.02563 1987.89652
402.43088 2.80668 1091.05407
442.59502 3.97881 279.87596
496.68010 1.25423 1976.52306
385.29174 2.85331 1594.03267
1.0 1.33272 1402.32054
483.00000 3.00000 515.00000
1.01222 3.03999 1999.84627
498.10293 1.02828 1936.68779
206.61432 2.341 886.42094
498.18370 1.10344 1987.84977
493.85446 1.07822 1936.83436
493.04340 1.05969 1943.56782
497.68373 1.14011 1956.79618
493.00000 3.00000 505.00000
1.09644 3.68472 1999.90028
490.07208 1.41990 1941.10777
19.0 1.0 810.0
135.89723 1.90399 1091.83851
70.29092 3.67783 1438.53075
500.0000 2.4643 757.48485
63.22117 2.76028 1260.00083
140.81441 2.11696 148.53719
55.63870 3.09105 1873.11800
491.41922 1.27345 1997.79262
42.0 1.0 1709.0
490.76535 1.26205 1911.73784
409.91593 2.66263 1621.21788
238.29521 2.62130 262.43126
494.65693 1.15247 1903.04664
350.11450 2.30100 1359.37799
493.72351 1.37407 1954.25974
328.0 2.0 686.0
30.91 1.8 615.75
