39
4
200
250
700
700
4
400
400
400
400
2
500
400
2
300
400
49
249
250
250
250
250
250
250
250
250
250
250
250
249
253
250
250
250
250
250
250
250
250
250
250
250
250
250
250
250
250
250
250
250
250
250
250
250
250
250
250
250
250
250
250
250
250
250
250
249
49
250
250
250
250
250
250
250
250
250
250
250
250
250
250
250
250
250
250
250
250
250
250
250
250
250
250
250
250
250
250
250
250
250
250
250
250
250
250
250
250
250
250
250
250
250
250
250
250
250
4
400
400
400
401
4
400
400
400
400
4
200
300
250
400
4
200
400
640
245
4
400
400
400
401
4
400
400
400
400
7
400
400
400
400
400
400
401
7
400
400
400
400
400
400
400
2
400
400
2
400
400
3
300
300
300
3
300
302
305
3
400
400
401
3
400
400
400
7
400
400
400
400
400
400
401
7
400
400
400
400
400
400
400
7
400
400
400
400
400
400
401
7
400
400
400
400
400
400
400
1
293
1
799
2
400
400
2
400
401
7
400
400
400
400
400
400
401
7
400
400
400
400
400
400
400
3
200
200
800
3
200
200
800
3
300
300
300
3
300
302
305
3
200
200
201
3
200
200
200
1
200
1
200
5
201
200
200
200
200
5
200
200
200
200
200
2
200
201
2
200
200
2
200
201
2
200
201
3
200
200
201
3
200
200
200
7
400
400
400
400
400
400
401
7
400
400
400
400
400
400
400
3
551
440
400
3
410
440
400
3
300
500
500
3
300
500
500
5
201
200
200
200
200
5
200
200
200
200
200
3
551
440
400
3
410
440
400
2
300
301
2
300
300
3
200
200
201
3
200
200
200
3
200
200
201
3
200
200
200
7
400
400
400
400
400
400
401
7
400
400
400
400
400
400
400
3
400
600
800
3
400
600
800
50
707
707
707
707
707
707
707
707
707
707
707
707
707
707
707
707
707
707
707
707
707
707
707
707
707
707
707
707
707
707
707
707
707
707
707
707
707
707
707
707
707
707
707
707
707
707
707
707
707
707
50
707
707
707
707
707
707
707
707
707
707
707
707
707
707
707
707
707
707
707
707
707
707
707
707
707
707
707
707
707
707
707
707
707
707
707
707
707
707
707
707
707
707
707
707
707
707
707
707
707
707
50
707
707
707
707
707
707
707
707
707
707
707
707
707
707
707
707
707
707
707
707
707
707
707
707
707
707
707
707
707
707
707
707
707
707
707
707
707
707
707
707
707
707
707
707
707
707
707
707
707
707
50
707
707
707
707
707
707
707
707
707
707
707
707
707
707
707
707
708
707
707
707
707
707
707
707
707
707
707
707
707
707
707
707
707
707
707
707
707
707
707
707
707
707
707
707
707
707
707
707
707
707
50
707
707
707
707
707
707
707
707
707
707
707
707
707
707
707
707
707
707
706
707
707
707
707
707
707
707
707
707
707
707
707
707
707
707
707
707
707
707
707
707
707
707
707
707
707
707
707
707
707
707
50
707
707
707
707
707
707
707
707
707
707
707
707
707
707
707
707
707
707
707
707
707
707
707
707
707
707
707
707
707
707
707
707
707
707
707
707
707
707
707
707
707
707
707
707
707
707
707
707
707
707
3
800
300
799
3
800
800
800
3
350
350
450
3
350
450
450
3
350
351
450
3
350
448
450
