100
1
17053
6
2914 827 10302 53631 785 90230
48011 51567 32350 85307 63339 28929
99216 6479 14703 70699 80090 20440
83926 1032 43329 83682 5764 71615
97961 79273 61275 84038 44923 60540
17443 47837 61368 27746 1469 78505
5
34328 49480 46424 66678 51139
9763 11959 66707 16242 26663
53759 96332 63455 37685 13716
23136 37720 35832 94751 35681
15106 72379 19719 76381 32919
5
37163 24219 10639 81261 42040
89144 31941 7872 35569 14972
75364 61684 26931 58423 77927
53594 12182 90611 33401 49868
20680 56538 3940 56512 51289
2
39621 87970
23668 75693
2
64352 72940
29208 88571
4
83579 26821 46963 72724
58762 71187 24645 90086
46551 86329 17018 4975
80608 86964 17157 87572
8
20366 83377 8252 76904 87317 64764 44545 43291
52735 68214 35336 33439 41154 64544 38362 41085
7717 85325 30161 82831 56512 54806 72918 19416
57488 89936 24391 54448 93252 57900 42020 13618
57630 50272 90522 44947 31389 35068 4590 476
19634 39926 50267 77140 20822 88629 18225 44891
73954 48387 27723 46818 19545 641 66234 93385
6929 6977 47834 181 64878 6206 13800 22508
7
56479 20674 83807 4220 72094 4750 21048
8080 61028 71315 1572 81851 59944 19798
43094 50250 84537 70817 13420 20434 87810
79655 13820 94739 2984 78006 11273 84214
84212 41425 23074 57043 62099 6882 61263
50546 27984 98663 58626 89012 86330 76551
87215 62626 12701 30310 12876 97238 1127
13
26297 34024 5290 22304 64196 16381 25288 42202 27654 25855 26415 69079 48929
83458 47531 72163 61074 98077 147 59737 73055 89160 46068 49606 76375 25046
78659 6685 37923 92249 24165 80572 26274 45807 19228 90470 62188 60868 32673
89843 86723 59088 58922 35653 42546 6453 7816 19972 20882 7964 79710 10290
97124 42130 76248 89851 67176 54908 12889 21451 47157 53406 18375 73431 99213
37603 80254 61401 14824 12927 51244 1547 88367 26519 37200 47265 49324 61369
67238 70207 69333 63300 96849 82809 21782 73097 89012 5310 44357 1901 43114
91515 55307 61489 81298 54520 15445 77904 32274 30269 7183 83518 48168 95550
26389 1721 59168 75714 63090 42758 62273 48775 6058 59122 47936 44192 48571
53300 49502 92929 55202 92616 796 26861 70458 98446 97734 2255 76351 30008
48876 83534 29878 97044 95437 56268 15117 54605 31982 94559 13715 94255 59686
36125 69729 7622 80317 18300 60923 29819 27581 32477 38788 28377 75690 25598
26824 73424 27853 19527 19784 76729 3061 49663 90125 14850 22283 21595 85807
3
54265 16154 99522
64872 75841 35647
34601 99815 15964
13
52901 77090 62136 80483 25919 17276 25212 1610 42874 52036 75034 87079 87915
94819 80160 90977 60834 86637 22179 83117 8232 7987 53734 40739 7509 18606
16580 59509 53207 32747 91825 22460 9838 70313 19295 35757 87589 44508 37367
46815 12896 28754 50246 812 39925 46758 8141 759 33396 30320 228 57980
38307 53962 98719 62169 72568 31651 21678 42127 64399 29855 64587 74237 169
83883 26346 87758 28391 63714 50926 57639 92468 1172 58451 48745 64283 66592
49504 97679 96913 49732 55659 51572 3694 70731 13741 92614 2382 51771 34741
66781 81627 15680 41018 81796 99563 67365 85906 44306 47431 36832 1946 56251
54357 60397 4996 18640 43342 70852 32671 40255 20584 4682 8179 40630 75413
21921 49596 77796 90044 84337 44577 71671 17 1948 69819 15933 85665 55726
76591 49448 8910 78537 5699 79619 55287 27047 14611 98629 97899 63634 55236
34835 68317 63415 91817 43730 1688 41413 37878 8085 42102 82456 96108 58471
756 65928 90756 2773 38006 67348 52221 63268 45885 74272 59240 17524 1319
5
73851 32505 15570 37486 87741
66757 22155 67509 58574 65885
85549 16339 3764 93634 74793
2572 6095 33264 19680 72023
24021 22453 26381 7721 74674
9
89649 69958 48946 65241 87483 66617 39093 19988 82187
92931 24082 48944 15086 7943 23870 97323 93492 40209
17439 3479 31354 20011 25926 64618 56043 97949 4991
78496 40682 29064 69522 46683 99023 34820 11925 86506
1437 67370 22846 99976 60301 46928 65272 91739 71223
89142 89062 81068 45703 6502 84547 77057 42865 10473
58028 98909 24774 79371 93757 81808 8436 63280 28491
23811 98100 40416 10317 15890 24138 49515 32218 84439
12796 97491 76178 84019 2985 81593 65087 65041 4447
2
65986 58450
47312 92811
6
32830 62573 17585 12202 56331 15745
36990 19611 44237 60801 34063 1005
87470 66305 25144 53337 98524 25935
66133 12367 18466 66505 31704 59
31592 96745 4506 97579 55196 68170
6742 4378 30744 40680 16580 87075
12
56425 69922 23038 17014 47075 73453 18020 50897 39759 59516 4235 54635
85451 70368 67002 3917 36873 98706 20328 84818 95452 41186 98749 67000
9357 5491 71378 40101 46171 4311 27176 2597 90585 66566 35963 37661
40019 53983 88558 79778 13499 92793 34413 15303 79514 17767 35572 32739
16474 55901 17557 28278 97087 32658 11630 22796 38150 99360 62897 673
20023 6425 19622 10609 72991 55586 64622 29363 9569 53180 25493 39421
62326 76259 71076 58192 94026 23000 90931 26852 78901 24841 71482 92341
57499 83112 31489 95649 98825 94387 12675 18848 812 32297 45809 90156
87883 10431 19519 13805 79964 61364 69578 58642 37623 57006 16834 31650
80006 7765 74854 75260 32606 46337 83953 6458 45801 15442 18459 44626
26181 31134 79827 43346 79784 25636 33502 84019 52420 69373 14176 32384
30737 106 91026 84713 57112 7860 16363 53471 31977 91217 28731 80936
13
53906 29036 3746 99708 44478 22205 44334 87012 69692 40513 30358 49476 66150
63860 33495 34922 49585 47672 67306 96674 47778 74684 81387 21243 98896 14102
91066 47225 21672 19797 44513 75578 65185 48259 75286 26015 70465 35973 13027
40157 76486 43385 89633 58988 23597 39480 93910 73182 3504 77568 86209 67635
68604 67596 88878 83852 98051 79944 31078 19723 16093 75591 95301 97630 23851
86940 23645 10668 39265 36673 50825 32103 80058 56810 91092 20008 12642 1354
93190 16147 95275 95751 83782 80231 79700 89012 64084 77751 85308 95162 97474
17753 87105 9127 15383 27308 12419 39028 37976 51684 75701 5153 83788 72112
78315 91232 92120 90958 8938 1662 7105 20565 97414 7239 797 93466 96251
64881 71217 97911 76395 85043 15664 79852 10522 31047 7161 22942 70075 61489
90978 62129 82995 91118 34241 61310 82350 42713 68620 91289 60727 92077 28206
74493 99316 29003 67959 11919 10236 55528 9830 86631 40571 25494 82836 67446
72893 6349 6740 42969 67838 97718 21450 67185 88837 72043 28496 87539 14756
3
13468 95180 75483
5546 23387 49977
4862 52390 34288
8
33134 62627 89817 42964 65610 46740 84811 48446
14186 57704 54795 20926 17025 38986 34997 38475
6171 23834 10518 51019 27725 41626 64488 22906
33462 70034 46293 99791 91248 15035 34079 24382
94014 40248 83699 59625 86989 84862 24423 17527
42566 95571 38454 59592 50909 73451 14419 73432
13637 41290 24452 41362 82916 5292 80620 32730
91678 26913 32521 82926 41949 82953 23661 52315
9
23201 23712 11940 10190 8574 52716 27718 67492 64639
82524 43436 31900 72327 57856 5332 2316 15498 29784
60030 98414 35076 40651 31145 26754 83916 80018 26033
25865 62971 66046 94533 86173 89758 22825 12715 14684
75541 56785 82176 56532 39309 25613 88432 27988 99821
93765 30304 15319 39901 90335 30085 74978 47338 77582
18084 31254 57601 60469 73472 36924 26515 68005 39449
32625 90830 52165 47309 82724 25302 45838 39256 80964
87803 44041 8952 87624 37806 55609 19295 77707 62296
2
49380 69037
9634 26963
4
3474 40888 916 63943
14360 37840 6811 82365
77290 55788 89548 45807
3098 72272 87461 65288
7
11528 68425 53091 55569 77378 57067 9727
49339 76362 3787 11635 42094 72824 21269
69057 92650 78509 86325 72946 92870 40518
79757 91587 17808 35545 81135 79967 54995
69759 67428 20283 81288 52206 89726 53209
45936 46793 79289 95275 39507 83076 6910
81602 72252 44531 67011 64903 23040 53337
13
37849 15910 93855 33958 23850 28015 69503 21337 24334 40851 91097 8114 61134
72385 60320 67213 41946 6256 14006 21235 1531 69866 20663 24793 51468 92916
69324 18479 57819 92365 71816 95668 24627 82023 29626 64829 10038 15481 86167
34372 56332 77264 42487 33819 66001 2807 1032 7947 25416 31390 45535 43299
1256 66198 84445 69076 59114 53769 87556 33285 62486 75724 45305 3466 57748
91283 68295 67786 6765 54462 18511 79449 31726 60998 29620 14079 80157 30652
38379 21925 78395 83914 65225 96003 66464 49670 65080 41931 19791 52636 91568
98630 28360 36874 2096 2460 28157 86743 70247 51274 41206 5110 47076 89284
82460 76696 19716 62617 23701 58095 895 18448 58361 82472 14451 24825 48494
79531 83108 84637 48519 74677 83267 93232 27903 1715 95692 72412 88459 82291
23687 46017 87401 87115 51653 69861 63811 71369 48831 3864 29464 66078 22312
87825 48550 36764 29003 97044 32647 28463 81681 97519 19492 81301 90751 47395
83016 2795 19808 87827 85087 59847 33844 88840 46962 1850 58702 27125 73219
5
23885 47342 19036 89963 69654
6861 54865 22770 52216 51909
71770 97032 49942 69289 16524
31243 76392 63920 30612 79187
80 18439 64274 59927 68636
11
69467 23241 70486 28169 66718 43705 68406 30412 62741 74721 16419
85955 29586 39189 54523 81495 27311 51555 47789 12952 84432 95385
89344 64704 25997 84884 64784 60788 49158 41063 29424 34977 80656
99910 63146 63726 59968 47904 94139 39061 22625 10558 41368 52211
66099 95892 50058 93411 63799 14200 6363 48231 9585 12060 29287
35582 96944 94071 96370 62454 51486 42147 97432 32142 58409 76930
95869 18377 41187 6360 73791 63812 16918 15159 32376 83017 27403
98786 92780 7555 12986 15496 55786 38923 27556 1426 90857 40852
95497 3580 3306 46984 45727 17090 95478 4136 94021 7699 38866
35208 14059 12657 15372 30977 27816 47748 30347 55220 62887 23127
62775 92225 54975 34913 31149 82531 36339 22006 23383 48189 25586
8
43042 11525 71313 60132 7003 91802 70505 31055
30668 22065 45114 43325 37438 92444 71141 1538
22791 42713 64425 62270 21840 73003 17246 73106
4152 16129 9445 42510 55865 73986 68097 98907
85511 55762 75391 8867 47564 62249 39922 94584
84314 1388 37909 21752 93832 25403 39643 16623
68116 20420 95246 6309 93423 12492 79415 97575
28621 5212 40086 84486 79199 24535 99745 81062
13
80297 91489 6281 44214 53738 62555 38798 38052 63944 93060 76157 57776 18463
15800 90752 2931 36220 85998 9240 29644 98490 5007 43571 43463 10220 9
44302 5771 24544 44047 3185 21194 35536 9467 81760 89274 72022 36910 43679
35966 29970 19836 10095 64785 35636 847 67717 88208 86845 93309 17852 85335
98317 77776 45150 24889 77785 89452 30660 18682 33500 33845 56228 85388 59664
37988 91015 48039 91250 34694 84005 21221 70882 10452 2358 22870 11299 70075
11078 98144 63385 45283 99831 78054 39411 44982 2943 17196 50786 49955 52230
638 152 8458 86027 59817 62798 93394 7856 70401 28088 8213 91622 15322
18666 93980 38192 46317 80408 65622 44462 60145 10905 60645 54551 50316 21979
57494 83865 72766 23801 52447 73404 23953 77258 75783 83770 40056 69177 7978
26809 13617 32544 18431 28939 67562 28764 83483 13879 25524 49106 74693 2021
76363 51691 56572 26680 73670 14066 26897 62788 37867 79344 52545 78172 56602
28328 61943 13011 13858 86273 39820 27475 35169 74604 72767 2731 19720 56250
7
32963 61596 5356 24008 63617 81720 75699
20189 24752 65722 34255 68001 44862 88474
47345 13759 66646 20300 42088 44941 49663
72298 47567 89483 99773 82736 80439 88892
1820 159 45143 51135 78107 66851 75143
41724 48571 67195 61913 89675 49269 12520
57676 10483 994 5022 24243 83993 41674
8
82683 45286 91337 54981 92853 97172 71106 91942
77612 59999 93762 94123 5142 44897 72231 71993
36392 13955 36917 3587 75869 26592 69208 88389
84269 79692 5736 5643 3935 6081 63669 86618
51367 55006 41599 60573 52178 29057 52515 46142
89056 62629 40266 94198 7526 28849 82544 60270
42804 19461 63858 35025 62405 49418 39767 63026
29110 61855 68669 33045 84288 48690 36015 35655
8
3696 93966 12580 72227 23024 81447 18369 28432
44076 74987 22631 67954 3836 21527 28225 62993
57340 8435 98018 19745 57853 54137 82772 3316
15992 67793 52713 280 16484 88729 52288 36532
99047 64868 8759 22071 46316 43481 50504 6744
18468 89487 74699 22305 27366 2924 85298 84706
27711 83316 20803 85564 53806 19927 5232 69798
4073 57946 86431 36909 46675 55071 73441 45722
12
36291 98553 84146 98959 42034 51002 5704 60502 56841 96755 82807 84207
99679 84457 85265 43742 84126 6068 45658 37932 42348 50891 24082 46421
8837 26865 83330 55512 81936 73123 17586 18228 71676 18084 33539 30062
85438 39243 90565 42279 35998 89724 42838 52029 74182 44455 95771 58308
50524 41430 96240 9224 8673 20322 55645 17510 47188 55327 89374 45476
28450 23312 63704 16479 41397 97244 46541 26835 52839 37106 85467 5190
26831 28305 57219 17365 72761 69343 75673 39637 27125 88265 65213 35798
8587 20858 53308 72127 76185 59034 17604 20987 82346 97660 37466 23743
11256 84008 66931 80448 37466 68750 85638 80649 13407 59209 98014 2520
28552 73687 42157 72029 61952 23722 7827 86892 44580 77487 75371 37117
52873 9327 74457 35220 23340 11923 75315 50948 12283 58598 31396 49750
27348 33386 46751 40756 92596 44766 43276 37500 34805 1786 9530 96758
12
25508 33709 2 86441 27549 75373 23558 80422 1053 14367 31994 24393
26291 7310 75341 54926 65908 23090 21028 9609 56476 67780 50365 65424
12546 93641 2925 47351 95427 28807 60461 37288 62516 60463 23729 6417
52189 63639 3192 53242 78007 35186 93987 20650 58848 69328 75576 41109
92418 96605 50718 65247 64385 17435 30671 93283 11076 33596 56986 22856
62403 17448 76496 41272 94263 225 64041 62804 63864 67233 32398 41871
2420 26385 62521 77620 12066 54450 18729 20836 51055 85799 86083 31792
3234 16755 41427 30663 66703 98413 69871 45459 32213 46367 3083 42829
46592 67124 5633 26808 50710 38032 85032 69482 64417 63905 47102 76483
18355 82184 97320 85762 67983 99755 33906 87570 32862 75333 34585 15918
90099 4456 77729 22312 50823 80812 65141 13767 64288 70775 40575 14998
25159 41959 84480 5928 5865 47935 98764 40572 30119 12436 42687 14454
5
12191 76593 18376 45054 51927
52961 77324 42026 57417 55053
80690 24592 52217 45832 38359
16505 32959 95287 47856 74470
37246 48688 80398 59463 96623
9
79162 36 26742 91598 42723 57549 20142 35668 75925
81548 87595 45239 58872 45973 2656 30277 43016 27249
82494 5200 81960 15351 38159 77247 63207 28981 30846
11896 9379 90309 8519 4894 6697 51614 12844 65772
25515 49338 1441 1440 30886 89036 46679 6110 51362
65688 36387 10730 9289 18881 15930 91249 50585 70441
84849 13792 99422 32047 42040 25153 22356 50560 30047
45406 18526 59244 11178 44041 8582 12619 61833 55821
18008 24865 61931 85722 90553 98319 96452 99842 33552
9
12382 7443 84137 82823 8644 14282 98597 40691 56322
23750 79400 23234 70150 24806 41760 29394 35984 85801
54328 48604 63987 10149 82964 88852 72081 68686 79405
86752 65138 95599 36656 77520 19394 37146 76695 28039
51428 75292 85082 7750 15394 64482 30985 1896 5640
89097 47642 41625 74899 1971 6581 38886 28472 89545
27738 553 58231 23495 3657 39721 35446 40314 17241
54840 93812 10288 99231 45240 1932 666 52990 17326
65148 327 35575 70789 89425 83217 28766 80676 85188
11
51699 35914 13661 41244 80004 30566 15827 3499 50576 55548 38945
7242 89141 10137 1054 15781 25721 46294 17713 26387 15636 51391
91535 32316 86966 78676 38093 70184 23794 18769 71724 91845 54683
1737 49441 51039 48656 65268 54538 15584 37168 9835 22826 42661
36324 40232 58442 62045 2878 76155 88432 18514 43899 96320 67182
30865 91348 5275 17401 31495 40396 5478 23340 11431 7215 72782
62470 72223 38050 33360 87807 91571 59547 26985 34232 95872 67217
92675 57917 70095 85182 62702 4962 29081 59022 72144 76299 66722
93772 10052 98217 34168 15530 21558 61952 39098 94340 24422 27673
48742 74135 15481 40313 33682 42466 90898 29554 9684 99925 3824
96131 85107 66526 1093 30541 41900 73238 23192 8622 83362 33244
4
6840 33882 65127 28398
95834 20577 39090 36609
48250 87832 10744 80083
44498 44426 38902 35396
3
90333 64938 35321
10509 61069 36780
93387 62163 83673
2
35287 51753
6865 43909
9
51467 56462 67101 85349 21589 11851 81184 58518 50941
34145 23120 55126 44889 3204 15976 5667 58458 51372
12352 23396 3045 22861 817 56177 16248 79332 39851
67887 47437 63068 28149 98904 19530 95250 84254 57471
23454 81790 15989 90747 15935 39110 45873 77176 58666
61849 99195 33476 29573 11548 56872 48970 50761 74041
21500 67010 53374 77703 51249 17163 40771 79398 16068
60302 91001 16674 17773 14455 14816 50115 5202 47103
89225 67428 40631 64243 45629 39826 97719 91555 51374
10
70943 56877 2136 44984 78377 85498 14710 56080 36747 48226
96852 32498 80646 73506 23499 13672 7631 37954 28488 57746
59508 91943 63323 26936 32574 27566 88918 88752 41637 80473
40127 12580 37350 58615 73917 32080 60465 4979 4512 13564
53205 17716 46062 33851 91222 69561 47523 98854 23867 92363
72952 83376 84306 36276 26664 33232 80194 15582 21985 21832
12407 78464 34412 66110 53431 24681 98190 30248 29661 19054
43812 99218 36771 6227 33070 44345 92140 96945 59551 16008
5661 32504 99384 6319 68780 42400 39552 65326 57983 77889
87158 86742 72705 37923 52852 42488 62604 67394 72736 8617
7
86449 32900 7836 23220 39127 57258 83917
31268 70555 43469 63628 76216 75973 63012
82536 61105 21764 38440 26431 79747 32681
13590 66490 5386 67865 35694 47874 30469
3089 36962 39087 89538 69862 46923 29110
25342 20533 13027 72962 91088 56496 36590
67305 48821 15954 66193 26278 37718 4633
4
52710 33818 37314 82652
16660 59052 50517 52354
6926 80986 55443 43888
36425 61333 30102 99700
10
90443 55444 20233 19823 44758 27674 92671 81348 11331 41493
13654 77524 67771 67725 82157 36833 1543 35823 19485 18203
94875 86354 86909 18153 83693 42353 78393 20118 3686 24847
36171 10482 96644 72756 46657 41402 430 39328 39103 11761
97173 52757 5637 81297 36834 4146 18130 38377 39969 53968
72932 51196 40322 59842 85701 40367 2195 80446 76838 22233
5294 13009 49067 1938 2117 95724 43340 2548 51405 98795
30661 48578 67905 36299 29875 4739 40445 64358 43117 96767
34678 32401 64315 75000 92243 50017 31720 10790 30463 8558
49376 35757 37919 98443 54047 40036 10520 13740 58936 61925
5
12535 89598 10503 80440 42249
56731 85180 82694 21089 44649
95813 55767 93402 60129 47119
85646 10146 95191 12788 56961
3749 78516 9071 41668 93312
13
63118 98057 3832 93210 56993 82109 5746 62943 92612 2538 5192 65695 4070
4239 3136 48719 52 75255 58474 60181 38727 44120 86679 33918 73260 43641
54020 51777 69064 12040 45089 32182 10097 65273 25393 67091 47382 47491 30034
56346 50029 51579 38394 54100 55818 41530 19171 55870 33138 77645 32404 71865
38117 19083 5783 27730 79076 76155 79507 48140 88196 40948 96675 98293 22573
38420 81736 86307 85911 28123 42653 52292 79702 81047 6392 35520 38930 41916
7742 72068 35913 40146 60285 74031 75582 82420 18113 71010 58576 97620 19151
46772 54920 32178 45065 93845 70598 43154 80152 72861 71277 39157 25153 50979
36557 31546 2851 75487 89814 10593 63907 25727 67092 24192 16110 59026 6612
34223 30036 65188 48195 65539 28312 19467 97717 89730 13312 84667 32884 9816
57528 4161 48974 82682 71492 85531 30580 74343 77370 36746 84936 41277 62473
68380 65469 94936 27406 88433 29159 73795 53622 93707 55686 81934 13174 53404
71664 42839 54423 20900 52655 11952 25061 17981 10986 96553 3512 41566 87248
14
80882 78312 72185 22159 57137 56917 3980 68425 676 92414 97585 74471 62388 7644
30157 60674 20818 99913 48691 80009 54337 69591 49017 82641 11005 66998 9979 7558
70511 67897 94807 67745 62561 83344 89905 19698 56613 10237 88124 57289 2651 2061
31760 81391 9705 78270 42066 46875 78183 7109 43237 48872 76700 92254 47865 87705
59252 57844 11616 46115 25741 22775 13861 88302 6119 20118 24353 62732 30355 12477
20022 49359 30890 68134 30750 56947 46404 89168 20174 40940 96277 63411 6164 89330
55665 54030 77035 31270 11874 88651 77385 53968 11426 91246 42270 33897 11364 66623
12982 58072 95452 49356 7431 42694 17490 54533 99641 80247 60054 19816 21187 72683
99579 43703 62013 55245 97733 39049 2867 25960 44052 80252 79928 71831 87851 38550
22080 15567 21526 35062 73639 33330 84418 97422 76025 18261 51956 92018 98508 12010
28186 36047 84693 27766 96102 63059 99363 93836 2108 2230 36148 62512 98834 16076
50695 86685 70978 72776 2253 92504 7838 92244 42187 8609 89667 34564 26870 57975
26582 41730 86337 71121 94129 87382 15239 90231 50441 14602 419 68901 33184 36567
31414 32018 68995 82109 18704 39974 71237 37309 48830 95428 29553 91017 4037 35572
14
25581 47259 93547 52164 5341 79884 39637 15822 67267 54876 6053 17708 69478 22825
86610 19014 59392 34376 51032 28388 32837 69736 84714 4075 23397 33544 99503 69303
24562 19892 4875 50143 67151 98423 18659 88844 78307 58296 4666 45574 29524 27071
79635 15354 49896 82597 34368 25641 16973 85401 54029 66162 71489 55095 70237 94887
88639 86092 64190 13201 22336 69065 79697 89487 83840 98356 78331 62148 73005 99349
24074 2529 26421 3709 17884 76317 86306 52252 1958 19631 54005 72339 85794 25495
27434 72383 36734 32426 74828 17276 61979 97164 86341 41676 3004 86534 56385 97687
48682 29390 97037 89108 48271 23458 92818 82507 16127 95476 34760 34438 31460 88765
6777 33606 30612 50564 5989 67346 99342 97169 84622 61321 10686 87316 2998 13690
73850 59383 27729 38884 5125 24766 27992 69748 64576 37162 52256 80704 48991 87016
15142 80451 92133 38271 14057 39098 5187 36398 6444 4529 49920 7419 82203 60606
11087 85201 74296 1289 60936 2025 40173 82413 43144 84517 52161 7720 21680 4417
4776 87023 7785 36270 67474 16271 90894 97883 55369 12433 50633 78165 33315 553
1936 15518 61159 13023 17071 51807 14312 94359 70185 70837 76772 29681 55355 45285
14
37401 93387 49703 58530 80410 73840 94800 64236 6463 85694 78471 78184 98128 29104
72702 31443 46010 74638 63313 23521 4014 80384 75329 18326 74743 61866 89164 67867
91547 60871 13152 45300 54258 79207 3830 51020 53048 98631 15256 75863 677 93727
54048 15157 39183 26750 62952 85193 17740 26265 8715 21754 23001 396 56433 97744
62262 61949 65611 53809 22820 78764 99109 93430 74323 19292 44450 27371 34275 59706
19587 34952 69785 73635 66462 8968 16737 45766 94162 34477 72032 2877 72584 95033
19625 29017 9130 81887 90966 91093 52048 30138 69857 67509 23568 44181 86801 68018
87904 21076 44076 23843 72381 13861 13830 38843 22829 30567 961 33343 81397 72993
52572 53981 84379 72197 99350 9861 70436 6668 954 22484 36806 87164 89994 76726
47697 76795 44744 35601 14224 5172 75797 86605 19033 89627 41800 58214 20195 42761
91558 17944 32107 60482 88277 32838 32680 87627 42699 19468 10647 43653 41953 47453
30817 31947 24179 78514 25094 85275 30468 55670 90447 6265 42275 25832 12244 427
84046 48791 59541 91956 66735 91648 68791 71364 40838 17823 75343 83537 37291 85990
27190 79244 49795 74360 27543 73974 69226 68990 75601 99694 24660 82400 22311 83288
14
8232 34556 67 8631 83347 59608 16939 66435 67608 85730 37799 8446 19905 13143
91983 57197 99133 35526 52793 48929 26238 80337 39255 95464 65679 31209 11511 90339
13609 50174 89979 38194 84730 90047 63177 84430 49655 80116 50865 33616 82199 5016
42062 2104 18159 50398 75653 33645 85924 28447 82574 28514 8784 38181 23978 90815
85742 51841 81154 15704 2016 87486 53898 86746 77533 17075 87528 43540 13543 54745
77156 95742 59762 35571 14199 77921 85969 89852 11566 71893 18299 10492 407 43435
65026 40737 34250 50768 92579 31757 66472 94595 19243 36722 97693 13128 70149 1574
56668 83693 56319 50177 95787 16081 85748 9986 94003 71717 16191 21921 59962 50842
48766 76721 94278 30144 33810 44880 80912 42741 92989 63737 37336 12232 16811 51382
41712 86961 52956 14733 87006 9275 64910 82793 41709 67010 9132 52064 55079 25323
73985 31393 76165 39103 24466 86795 69247 58276 31676 66512 1018 24665 30249 54706
53250 63412 22440 11314 50373 75396 26047 37379 1024 7309 36525 42733 74319 45657
94797 45750 87332 85134 77143 79849 24238 1609 66645 9837 76238 14673 76349 77256
55690 22950 48314 25292 86363 70755 36607 36736 46151 79006 90468 63527 86316 26993
14
22612 60635 72650 33761 6386 76334 18896 99881 56183 59486 1491 39180 69323 77729
70205 45673 71337 42248 68623 19651 83892 71338 90406 36851 8075 52910 15858 98543
16437 2174 25536 55402 79161 14538 89163 1899 90872 8059 1781 63407 83897 19624
2588 53221 13705 89145 15246 85042 31393 221 21045 15286 71560 11452 52137 95987
80714 67995 10882 13503 86521 36418 68905 65683 67308 58069 67582 58180 82480 85715
21587 66378 21691 40527 35951 35396 29673 67549 36790 61066 67770 57836 92704 55682
85640 61194 51669 66354 29189 62551 96209 32063 15321 65115 97746 82629 39536 81680
57161 22016 83748 95101 4746 5439 51980 40697 40836 81653 8246 77626 59072 92369
51814 68128 48051 37454 29322 16073 20160 58512 78624 32722 90575 10298 97837 4673
9279 53725 2705 66441 92093 86453 77894 96840 91893 29874 53889 49081 27880 78488
43059 86952 70857 94874 55080 35260 48680 84403 51333 85193 59267 46310 17915 66194
72960 15752 87219 82239 85829 89924 48680 77922 92730 26574 74762 84623 72801 45004
50056 681 23492 93115 3985 94349 4341 59065 45961 53022 59820 13647 38215 35439
59957 56130 17985 32917 88234 5204 31508 90415 11481 80189 68337 4211 23115 59452
14
5186 95916 4456 55242 12949 27948 64709 16934 38649 85403 92352 84610 38425 52172
14609 92992 3964 90918 65474 38301 23835 70060 59858 71696 60475 71339 51885 28812
91902 91352 88264 13440 3621 9072 85034 16570 37020 49743 33505 92021 35146 42209
92984 89923 94381 7593 99267 14697 98512 64741 52999 38699 51153 12857 10395 11628
548 78632 56793 8802 69985 45057 22242 89958 70482 7276 6528 7502 73371 56385
15876 24870 98594 8860 14793 9328 16453 30413 40377 31317 95154 9728 70017 62660
22585 80412 74288 39485 59045 31081 48287 45382 92491 86881 35340 62973 94157 58220
86827 83881 30958 2703 8751 45904 11563 39896 71584 44369 70309 11962 75686 81816
21690 45703 44476 60628 42468 18764 16465 17865 66198 81105 63247 58689 67986 14939
21662 62144 89511 8489 62377 20469 11193 71128 66374 39108 11024 37958 83477 97686
66272 59164 79502 87963 4867 23978 64943 47335 59094 81408 81552 41644 62513 44799
333 30500 76090 38347 8996 65602 63189 71373 86071 90734 58853 68797 29842 69877
23108 13320 83915 89380 88836 63417 77343 10055 3747 58638 73743 79194 40047 55295
20838 18912 95 21172 65764 92537 75871 74760 58139 39060 62485 60563 29794 21338
14
29360 75989 7568 68820 5661 7835 58201 94497 71253 51896 4552 91352 10535 78295
70546 66934 33591 91385 85846 50038 28909 51611 42575 21132 42723 17067 60193 5209
77630 6339 42899 23342 98680 66819 92163 4341 74655 50364 15190 62260 18612 19743
53612 29147 14390 40511 96081 64333 48248 98280 30723 93509 49891 73299 14641 92614
6718 91186 14175 84348 97526 73427 24042 96206 56598 16205 16900 47605 82921 32090
9865 1534 68185 79830 47033 82576 20341 43115 63261 68589 41395 93985 62098 7638
83636 93091 252 90354 84278 30780 91054 81804 4207 31448 94362 77157 47654 11262
24763 46927 43353 34628 64813 11538 30810 11847 10466 51151 71314 90080 36092 29061
84065 14542 36699 84053 7634 53303 74407 91912 84083 81813 90068 4642 13261 84430
81800 77267 12045 22915 40547 55398 57543 5360 83288 88354 17207 10107 55857 4873
187 91950 33934 604 22844 70633 84657 30478 40289 75416 22390 40724 73581 28810
45367 86842 13241 43519 80462 25286 66434 21009 97036 40329 26369 96676 45035 59929
23135 17245 81154 39674 9195 15089 40278 48391 2074 41287 78870 42363 33055 17612
83088 6636 46423 44807 9831 59664 4678 90293 1302 87464 27654 14690 27793 70375
14
27718 89181 46656 50854 6426 27811 6880 31973 59252 63511 80364 61326 4798 75586
20042 54206 93199 19482 60842 39622 80641 87025 15638 85319 93670 33292 72783 21324
47982 16928 91700 92052 22461 38356 59258 28887 82519 66139 77212 41771 29650 73929
3098 50800 49515 39492 5006 42714 58974 82201 98688 39615 69226 14326 41286 62897
63970 30421 84221 28304 47349 92273 20357 69811 30630 79615 15050 13149 45754 8615
54921 75404 82544 74371 26205 32059 13863 47563 91126 89189 29764 89814 45156 98991
20493 86442 61888 84463 16863 62461 12768 80564 54735 33125 66727 1717 29092 98130
14866 91199 6745 86139 66603 89289 76862 9160 37700 7077 73076 45178 96266 2840
34993 57774 1831 71838 60568 80071 56301 77431 58885 85421 74348 13620 18546 57427
15337 63991 55557 46555 55190 62302 49047 38145 67943 25909 63658 21996 32987 36734
67174 45605 39574 18519 3380 57758 90357 63948 54181 46659 57732 13066 32080 48432
43038 66979 5859 58375 47322 61417 21283 2512 40071 70330 40657 24367 96239 4315
46363 45578 57401 29889 91184 13328 48409 10916 87438 55118 91216 41619 18129 48948
71038 50210 13732 14076 33541 19592 72452 80863 97361 10087 99727 37432 80417 40384
14
78151 93008 61052 40866 38587 18453 70756 46123 48133 35517 73391 35571 90635 64607
77191 8765 29908 48229 75327 43640 78657 25220 63232 67461 22435 76945 77548 22162
14378 57965 62546 8881 67326 39950 49748 22265 74756 20504 68388 22889 72373 58131
58461 79360 22738 52004 88125 68998 16585 79804 12639 95242 21376 92223 62704 43811
69169 40252 65973 99899 14570 44872 8780 81896 84822 58528 4161 59578 95384 88901
98820 67757 47032 57281 47118 86122 25637 51595 55121 42222 47752 84112 53816 69128
76335 32872 12940 61856 73125 95265 78107 4047 40137 86888 2295 24960 61768 22808
890 73505 11709 16062 57614 75093 89695 21084 77567 15332 72680 32688 73906 36784
16800 27723 22264 9488 60595 35204 87696 50072 46822 65804 70471 86959 69044 72766
28271 47164 11926 45514 20669 39987 61576 78284 15080 51272 99368 9000 66604 88400
41688 56863 41536 74841 84586 63801 681 61533 15357 88377 11606 62179 70533 98429
49139 39577 71196 93762 86742 99474 39276 23763 39462 853 18399 70894 68477 34120
79894 35081 38872 37935 8296 80409 12776 92882 60562 29809 54416 75919 34538 82374
38099 5072 80803 3590 61001 68351 97352 64095 67826 52981 87859 23640 70186 22610
14
94534 38663 56730 74429 90096 95603 12364 98393 92364 41492 91275 52926 87653 62043
28845 22191 60769 83296 27263 57925 3238 4617 26276 591 68712 10454 69924 72923
34094 40110 95534 44981 78773 68616 19410 68869 80571 48126 67262 72935 5970 74890
25861 93623 53285 71059 15814 14055 54355 59430 71980 57594 80399 14608 74537 49111
41415 44461 38387 91861 923 50273 36842 79696 18889 72604 64917 99461 20730 32180
88748 26700 23422 14610 36675 76707 85669 52490 90762 56376 28272 62742 30322 8671
93703 21211 74134 35118 82024 28873 26979 82947 79146 63822 62643 14388 36426 27561
13849 73509 76093 2597 16561 99515 33559 53237 76222 35580 22079 83337 91957 66703
62431 38631 91726 56134 59843 65860 7604 41867 94734 34584 24815 90232 14758 3810
4620 67536 47723 18469 57397 40168 37419 73959 56035 87330 43548 48610 22911 81979
31947 31220 48682 94378 69851 56760 66865 46046 38972 74469 87914 33706 25405 29081
40291 40163 32891 44911 24052 96967 79733 81449 37135 33504 71760 93171 20834 15308
41781 43745 13639 73728 91317 78673 84458 77521 35433 67675 23567 74406 58497 27833
24464 83902 56914 64755 40418 6158 9667 64470 3125 89400 62271 56612 39256 34032
14
49783 60090 65692 7916 20188 79332 97996 11505 58005 98807 5378 9791 66482 28946
84197 24979 73131 8661 25234 46398 89769 65652 52556 15788 46474 72033 5188 8745
28645 44444 42777 94781 20886 8470 19049 41074 4154 17046 68932 62159 15853 74310
88302 98687 19608 72499 40019 92740 97513 65253 39138 3634 47257 8046 19422 93731
96431 40962 2476 41428 1758 45254 52561 22644 70076 71611 80071 74230 88657 49003
52741 20862 39665 41044 35901 59274 29895 75920 68366 43760 41173 23856 47394 88430
48254 66816 98513 44685 7778 990 86113 9536 62596 38675 32181 49024 10286 12252
39606 15295 77607 92347 52509 17272 49743 4762 92898 79639 80683 77616 23399 38208
17824 87146 42991 66078 53962 41504 10763 61741 58846 13229 71277 21442 68256 19810
86818 94894 48414 26424 26541 26021 35124 79050 59646 84867 83812 52544 80858 80847
46513 20610 19056 64337 7756 78399 30416 61718 19903 57531 39811 95102 70760 27441
32896 55368 47251 19715 50262 12018 46139 76803 38039 81263 72205 14037 82483 56018
66582 63341 53217 29447 303 88625 93784 8059 67024 24200 86130 3280 98084 25941
98382 85196 69734 31278 40565 16986 67345 90827 45356 29837 67631 99747 27452 39836
14
13785 9935 12206 96719 89629 81776 26166 89932 70401 19950 14344 37426 60503 474
57058 58587 42767 55440 43783 12502 3070 84348 45840 86768 91528 91196 16605 59159
90943 44057 15347 21080 70345 43906 17799 59974 42034 43965 66258 12435 63916 80602
49861 24419 97428 6919 83006 40196 78711 43141 69050 98134 27490 31242 84902 35370
38790 1507 94529 46085 61916 26228 67166 32261 86486 84965 8587 28520 28931 74846
57308 9199 55448 23521 49970 52877 46793 49328 9425 25504 92469 94827 39990 36311
26069 24892 71681 64859 42751 82562 27296 21020 25143 94462 53281 27981 95780 61869
72854 41063 53067 30162 50262 8515 53683 16584 77744 476 65912 3521 42333 74733
98348 82323 11045 40769 23568 99078 5628 66319 97993 32925 3691 23136 43739 56973
67469 39519 35194 40323 80582 4613 70485 47196 29480 24169 80132 7225 40997 46044
27098 83330 20778 25447 82006 48175 66216 5574 63605 88197 88245 61598 37474 91937
1086 81213 65262 68556 37085 16808 8879 34019 21421 95717 97568 50901 36238 77700
74478 77235 40097 1577 76918 77227 43376 58924 25402 9592 80850 5359 14141 85447
83310 51615 77384 84396 49181 58998 52952 2618 75806 78184 36637 13579 73901 50557
14
80833 10139 28258 55311 3726 68355 73240 80644 61934 16616 55920 87336 42561 53122
9047 56702 38570 92357 24670 15954 93106 73851 91305 62410 92821 67111 40594 45810
97043 30847 96368 77876 57338 40978 49539 61065 25685 22780 58061 87619 55748 30334
91307 98309 83456 16706 71364 22026 9064 96034 54333 2170 86237 61990 64580 79058
45453 21527 24868 42496 52374 37588 36724 26065 94918 86264 3482 20603 25396 61543
24574 81144 8229 32233 79454 91686 48940 50818 30064 58004 63204 749 76526 49441
62739 57458 44851 8193 78985 86071 67041 47712 23660 3766 73777 18578 90030 77259
55534 15426 55154 96460 12922 63384 28694 92376 71422 77634 59546 1486 51990 39102
18588 28516 88543 97679 85974 33394 5872 64960 19466 72914 29024 59478 93032 2801
94408 83062 96412 66294 14840 51566 62755 27762 31302 7801 36491 2724 85435 12389
20563 37425 51492 39151 82293 56387 53182 68267 6134 59055 49579 41952 48321 78603
1430 41353 97756 12190 40767 10520 94837 55607 78439 57592 99721 9741 65393 36212
12466 67180 64954 49381 20957 16446 4884 3250 72833 58066 71517 78967 33473 37449
37271 81794 32404 38701 39499 46513 67244 96618 57033 62081 68577 35472 36025 68299
14
45214 17770 20863 74032 84950 85817 39765 22259 18615 44649 25509 7801 2715 13378
3120 36189 50827 40392 34335 99584 95445 90187 46097 62689 3157 3130 41122 71735
54955 77147 40034 16521 94917 77249 6905 96219 79419 46670 18478 98034 91319 43987
5835 10386 73718 8956 62927 24545 65700 13615 24129 61145 3802 86578 40187 6959
89709 81309 95046 44664 58457 35080 77537 69726 28682 84442 65946 8101 31112 776
6135 22431 61116 28323 49169 34834 53631 12097 75731 19331 25712 16213 80476 45866
2791 37015 69177 8852 18325 64224 69868 76782 15656 47405 62860 60690 31847 45158
68791 62959 45935 91279 1742 7051 19602 50912 58237 73233 79361 50320 8916 21425
66533 5744 67291 85677 42760 52820 10881 61085 33396 80750 54219 65405 28155 17079
26095 76355 62238 94887 55666 24525 86166 73761 47928 22120 41025 6165 95353 20386
56485 20621 41811 39371 26365 25454 41400 69125 78274 52281 46562 11671 49383 781
77076 93891 34213 3171 70246 12803 14410 42264 37328 16928 16025 85256 39048 57050
91421 50753 77436 64258 71374 35599 19981 97740 61053 77733 83217 55680 46367 29780
67351 95750 46913 60779 89641 81126 80302 76239 93929 11065 18504 31257 27993 34529
14
32865 67042 91580 40638 17795 85368 21249 89170 20968 57582 3262 98373 35316 86479
54053 81683 16259 37756 77433 63173 98535 83427 60651 95190 59666 54581 6255 78170
2190 50600 12700 51408 17642 20632 92046 51790 6000 13295 57312 43320 70878 60574
41694 6194 47053 95747 4229 63313 49856 98014 42838 64743 97793 3489 59933 57460
74422 82540 51982 92965 33141 64682 44373 67135 1666 36419 35277 7667 66067 92589
67339 36945 53163 9033 59491 217 21133 80072 79882 70989 78086 22720 35732 75880
42561 12018 49692 16984 94558 1674 26301 44051 82709 70674 27539 84375 23445 62816
92042 89512 55406 75734 26457 24921 84767 2300 25138 5900 82372 5020 93241 60459
44092 28974 52691 86654 40992 2383 19990 51902 20409 46291 12306 3118 16965 56197
87494 40410 19013 95888 46275 90771 71622 72732 15693 72742 91385 57183 94994 73757
78556 88236 50568 39000 33562 19611 25654 90906 38346 61996 59160 58756 8287 71466
61874 41604 27663 65720 98367 63029 61609 44642 70152 49583 33726 2197 22325 25111
59381 17320 98869 54289 21908 49437 93289 55470 69049 35296 62728 7395 97292 21888
66151 5580 93355 44378 47184 37370 10098 45551 16751 88059 6545 86904 37643 40272
14
89101 59968 65383 64834 93640 64252 19123 15548 30042 28765 87370 99091 64061 50098
22838 61353 71987 5342 66933 81694 66072 30470 35416 76170 92373 52168 64230 98919
55424 18225 39191 60877 78193 4574 25712 88186 85179 61187 3734 15221 89952 91105
30664 54013 57555 53502 15367 29542 75196 98652 11236 41268 29122 63005 17439 37848
15173 98021 36767 86949 16246 92310 47826 10791 96884 89890 98977 82063 51078 19064
97284 57382 26521 27948 27748 84076 97803 43115 29971 72999 58119 57559 14268 87242
20564 48059 41442 35737 46080 78209 39038 78678 70519 86865 5821 83755 93107 21151
82171 44185 40215 95807 17920 83088 40108 45668 67164 37911 5135 13487 27262 63254
71047 41530 66848 91611 5941 8290 43701 68373 86499 82739 63403 73370 85956 69225
57126 79064 90376 39297 23249 46943 35104 57521 30031 75212 3189 13547 29475 8324
27035 56738 71579 98082 14620 38427 89693 20562 46718 33394 5287 49569 32486 68691
22940 18442 37916 96418 97506 44644 35715 37108 91587 87171 94629 21618 78736 14171
35165 8211 22495 78552 81301 10426 76634 95922 65206 82680 32836 28276 32426 54475
94197 64912 23166 17137 83355 77434 29907 97213 22078 81974 34321 13665 69146 28951
14
51635 64234 43122 86801 72445 81969 81705 70099 8748 58340 82373 90306 57372 31561
18582 89798 86036 29131 71063 9203 46269 54418 2989 92528 51631 25068 74503 2305
55085 60001 31256 6721 24235 90730 9874 13032 89051 91579 83131 14151 66271 65504
4457 23643 97065 39391 13442 83102 68523 857 8657 31144 55275 11646 23672 23258
53066 14527 25563 8152 74528 73171 14873 98763 80253 24747 11796 69305 32678 94927
99808 98950 76784 20618 22593 90201 60009 52387 73303 44884 53244 98312 92380 24871
26311 16053 48130 79377 30580 90045 3881 5109 63217 18754 20224 59822 59853 32020
45479 92532 43300 45288 91482 36436 65906 30427 26637 42267 82815 99941 87152 52411
14605 79532 77283 40916 11937 41765 36646 58870 31810 40527 80331 11379 75634 555
71202 51839 48928 16681 44371 92228 78321 52205 45016 44227 82633 71653 2847 81800
87946 89999 50563 2552 85883 44198 59820 97821 85963 96466 73043 34126 53346 53374
61857 45332 53929 49411 97171 19209 66093 57895 27789 60766 10100 72805 21346 9085
44459 24193 7237 32405 14192 74153 34957 16427 18351 11130 14248 4315 23948 87291
54793 77294 57017 16650 38978 27299 66062 36150 46508 48507 10397 74298 25625 36849
14
47103 46971 62287 7914 71164 69524 40320 1708 60029 91629 18136 78381 2759 48736
99048 26708 52380 53841 20354 9397 86843 59333 36696 69257 11835 99557 34116 22232
73855 59742 59081 37310 6713 21368 45225 77878 7245 85545 79586 67274 77174 14074
62007 96286 62811 61055 39346 15191 31248 59700 24588 18092 35385 77637 87349 63572
77194 37818 2156 51049 97560 61238 4711 4273 98958 49936 98503 22555 51833 94442
89830 45360 8516 51837 41646 71327 29245 80992 86518 60493 57044 27459 78585 8782
5096 82287 72354 82290 20105 74511 49691 17665 52101 54402 38290 51059 20691 36794
73615 72524 47588 79797 17884 56104 47986 75882 27432 77231 56874 30302 37725 30271
57761 32662 39053 79209 14949 27759 77851 51406 18622 43894 85423 70723 98297 40066
38135 35340 93212 28102 7864 40800 24251 42101 96904 72237 17983 40688 65821 91210
70991 3546 21481 45104 52560 76886 40666 83862 4645 18517 35268 23268 62412 37044
10343 77061 77110 64830 28753 70322 92932 36617 11122 33535 95070 24378 5773 13054
65067 71594 4264 52410 91492 42097 13866 44052 18983 54532 27914 39980 89402 79535
63248 68166 16579 89944 45227 93689 54774 73980 64011 64059 26949 91485 97594 22020
14
15863 19719 51426 80930 91313 72042 49692 99157 14139 63559 59562 33122 34443 87476
73102 23845 67011 52703 92011 99942 42647 53590 93631 13773 43922 73994 77832 87224
81831 91779 25596 97695 11498 77022 94977 19164 49064 44670 18321 63203 24581 94235
12677 59024 81712 2131 82870 65075 54834 91233 65018 13833 61176 75001 27607 5098
65348 21791 8674 47179 29922 34270 61226 41421 27644 56204 76937 93060 17226 11610
56263 41807 5846 85292 17183 87558 87424 16405 68985 58610 7639 34003 72444 85167
25357 16403 6617 90705 54546 15292 37884 84469 65914 15463 25890 93559 71667 2827
86619 5245 14437 59235 63404 20283 44527 80587 24193 48303 96993 93179 6914 20984
43534 95710 6151 68891 12113 12768 59596 66659 44412 13833 51128 10327 29296 93370
20238 17315 96197 6857 22560 26987 82444 2316 63622 43324 82903 87816 91627 96248
97347 14893 33584 40881 10603 56087 9773 22716 85208 85721 5728 29620 15906 56856
56299 61554 66579 76537 78869 79128 99747 17781 6115 82191 20097 86090 25515 19353
90258 33495 31953 87605 48388 65538 44838 58992 21625 70963 98060 6833 56685 3788
52806 88943 76997 9105 50498 43576 1995 45719 22704 1742 63501 45172 83933 99950
14
31262 9449 35655 37872 59296 83961 25477 7684 49499 70315 83028 87476 41279 81089
10662 14316 1229 63468 19611 78226 88925 70109 38154 90920 32181 77211 92662 12034
22383 92948 11984 69997 18749 63992 7869 78045 47953 49698 85729 13804 20013 68758
1280 77644 66199 28294 8312 67428 8114 27924 62007 97040 14385 161 4312 46566
77372 13327 58600 16107 6275 86937 86104 25024 67281 10325 3069 15234 60023 88798
45390 96389 73908 63022 90385 40107 91317 15050 7536 99431 59326 69543 12823 90063
86056 17136 36630 63429 30463 11582 95888 53090 14871 98345 78114 82152 8670 97535
13738 85046 2685 75480 97787 76594 38503 88172 33053 29820 19574 40589 45603 78900
26484 58427 68964 28893 91915 21946 8674 38730 49880 4562 91820 81104 2907 69934
63256 27930 67469 93347 12976 70154 85179 27115 63100 23682 31639 96154 69854 51214
53095 15458 46466 95932 73885 31782 24825 82152 53728 33499 20882 19961 54413 12702
1065 57321 98988 80673 1603 82809 90372 14579 69315 75552 58046 32416 99234 89685
44922 69089 40899 14369 899 87366 10301 91136 35500 51478 73288 89229 1329 94170
25542 55743 23224 26607 29416 38564 7280 31019 21373 97653 61950 7040 73205 19996
14
55808 88791 9681 730 74232 66933 15100 75131 70651 41753 66267 6151 93232 55907
11732 94561 66429 37274 66656 89653 63881 96072 28217 87514 43443 65942 1519 5393
72983 91076 41741 28791 79867 67775 45874 54100 51060 60974 45583 21711 19079 28203
44214 28663 84110 72299 39577 66892 9573 6233 72897 89807 18658 1115 77321 62101
83409 95192 83847 56392 86268 41940 1536 66135 9715 47410 36587 60775 24736 98523
98838 43815 26726 59405 88831 27188 31704 28408 94080 41277 34641 83330 47436 69651
84445 41109 48105 84206 36301 31952 56951 22569 90244 58487 5057 99960 22249 57996
77087 63337 56519 92278 23504 99597 51683 12335 43138 83387 40743 53570 41016 75385
36900 4805 61388 37697 45914 9493 21904 82216 41445 78855 21137 31690 53694 42546
48002 92295 543 41441 55632 73414 33719 79136 73012 1754 91472 16150 1493 32215
86072 58862 23952 22973 63667 85341 60670 9581 94834 98926 8149 52632 94133 45639
674 47827 88185 65028 56474 88728 22821 12106 78495 72893 91243 51507 74647 99067
84009 92493 47634 70081 51355 87939 9406 31374 73280 86429 40955 84466 85355 65457
53450 79489 11096 70476 43668 99281 51856 143 4362 74678 28601 82857 47571 36196
14
50716 38570 35263 34725 47415 99250 21158 98770 87189 46917 30144 76821 33346 87452
77639 18701 52909 31090 14542 80357 17918 58211 79638 86127 74706 352 60805 3307
99561 24728 39504 50277 79650 91119 1354 27066 90369 38865 42188 77558 85782 88685
54379 19128 76137 32019 37829 45398 79461 52372 25755 13731 26935 21745 99858 17993
38450 77015 21300 38011 18095 77156 88289 97746 84628 89643 41164 91349 44860 83352
68908 30642 72037 39639 49770 64526 88010 3952 9924 83823 72676 52031 13907 99611
73777 13765 17604 12227 7133 55256 66590 25228 48765 54879 39326 49745 60875 80490
41094 5735 80195 26354 52730 52232 65994 2500 33111 70356 22804 59387 70532 95480
11419 84439 11443 1548 14556 45399 30127 21689 17008 96717 63270 65773 51597 2596
15518 28824 83087 72964 50911 63282 99319 3641 31866 81665 22494 81329 52021 45298
40717 38905 40779 52136 23344 68574 53684 54253 30326 163 75942 47334 96880 39212
29459 64829 58161 61329 93653 41248 34293 44565 20882 33612 64558 69100 15277 87052
50430 83651 32351 91147 38908 89482 59635 78605 74408 29671 32858 4734 29834 8800
52068 26714 64365 97879 91544 22526 59208 1549 80126 9854 62466 17360 43466 27025
14
2812 75096 14077 53242 75099 62780 60741 14007 52262 20376 92612 26671 50047 25470
47757 79881 50623 99826 22948 31340 14057 30844 70218 73266 32393 66696 83120 11212
408 42938 38237 3220 34386 68666 56463 9485 31447 17204 39845 61 53933 48809
43084 3980 90632 90842 214 57607 7020 23162 5299 21077 54006 91869 10695 2751
58565 10167 13963 75325 53106 68552 78545 3844 53571 51360 13330 85018 84917 69527
1431 38850 34688 60868 59182 25320 68062 59396 82927 75082 82558 4578 12511 52916
96447 39559 72020 55012 49726 2335 30337 2832 87240 25235 6677 40811 76595 36359
42181 61512 22238 43612 16714 56926 4480 75897 98599 72542 35293 81526 63976 34204
2457 92840 3472 98904 32399 75492 70269 82125 94180 606 1310 81420 42193 24339
22231 18789 77050 64412 96653 99288 24376 13368 72566 45209 89265 71165 34103 40910
69044 14432 75114 71501 7272 94939 70405 56023 70431 40674 38148 80963 57633 55810
62383 99826 80149 966 34967 73551 81730 47973 89191 22459 61341 61758 67668 66958
32923 18123 7868 18319 48907 99335 89820 56179 94274 76578 28554 64705 33604 66703
62021 7589 38865 24404 23768 35367 41723 58735 8918 23453 6708 98110 45912 84401
14
59868 29932 51359 9143 64408 59228 43815 13315 74915 33635 85847 69189 26565 14401
50246 60170 97456 12267 84111 36322 53024 7879 71689 94747 82967 96959 18200 6027
95069 80465 90429 71289 26749 58140 96785 91157 33720 40600 4473 8635 90587 90320
77824 17153 4721 28071 93675 2178 40338 94138 54852 93362 2018 26541 4461 84985
23500 22662 7364 34922 19479 97793 6211 46228 55934 19348 37386 6006 59948 41859
14642 66888 48531 92466 393 53252 36889 10420 71782 93580 4558 26634 3294 6576
69527 7756 7913 9380 46770 15278 44302 66249 29423 66865 28829 1709 2566 66215
7716 62514 24426 22358 29402 89309 31176 29795 58914 84418 40215 30696 77998 44774
73683 81292 67702 59562 5400 91968 68942 52170 23598 29596 34771 53021 12814 63601
54731 15380 46168 78799 77894 86947 17509 23649 76256 65037 69796 35170 49455 10012
82219 27453 71138 55902 25098 55192 15464 46850 63512 759 99021 87110 30355 33792
40132 43169 13745 11215 58549 59914 90014 52796 46861 23875 92797 39469 88912 62593
74640 38368 88957 73211 82173 76447 29113 23623 31640 60929 70474 95152 61688 69495
98615 8396 19639 38747 67917 49737 66314 42819 9651 72680 95615 72864 96555 4764
14
12333 85467 67357 3325 40187 56315 76536 22361 32762 22001 62336 80754 99283 32810
92259 77323 18657 7226 85719 54649 45973 53637 4386 28639 12808 30389 1319 24775
3253 14226 29539 31938 99693 96896 51616 56233 69563 28152 78594 18678 66506 57282
15784 65789 90093 8043 43112 8750 31621 28832 63399 77594 98821 84137 22585 11629
14526 23904 36404 17779 38130 65943 66070 54176 79191 17686 10409 48755 62190 5355
67433 28696 62637 83217 94485 69082 7613 37598 77833 39234 82782 57584 33181 81603
58074 55766 9584 72600 96023 62340 6732 50505 44635 72802 4681 23826 90488 31442
88933 52678 36797 56366 81375 15787 55936 92212 84869 63549 29810 62702 19135 12592
36639 68668 10547 94713 24435 20131 83665 36810 98823 90397 87315 43458 63199 91997
83637 70039 39791 72570 39070 76589 45289 36797 92376 1225 29009 77245 81126 58820
56300 261 87764 9291 68930 98312 20356 9717 34795 4021 46527 33619 94419 50194
93429 73970 58543 77066 44010 98335 65989 99432 91276 11278 36229 83652 28855 81590
77249 9981 56762 49901 26594 44527 75544 11876 42839 95900 21593 93986 16274 84472
27605 10693 34667 21035 1015 93210 14453 45025 7897 80442 60809 99173 8072 97038
14
82825 36927 94981 76427 63260 51743 42680 89855 96270 18225 1731 55461 30477 39677
49448 46751 40501 77053 73796 75168 14440 74812 84731 45246 36189 92628 42040 96999
91802 50113 10389 90979 3392 5370 67406 66653 57114 26439 72860 69736 44664 74591
25198 75141 30620 90998 38245 71122 84403 12041 62642 98844 86853 47373 60442 23043
56354 2482 36394 48156 68947 46783 55487 72340 68506 39246 55345 41972 65685 28205
28060 10349 19148 53258 1842 66121 60608 40087 37243 45012 68481 99885 60208 55334
63611 20650 94729 19965 23132 47475 84473 8432 10611 39960 97124 95469 79206 68821
37441 44891 97026 65501 71592 32526 35112 89787 98647 95720 46226 52242 40732 14707
52128 940 86394 32091 37942 97475 52056 77427 44951 52881 85859 71914 92841 99335
67383 88400 68156 4824 49643 81534 86677 21236 14060 21789 27375 29060 33862 89953
81302 90946 4661 49782 8239 7407 81873 46181 4882 50281 23608 66185 3162 25819
38099 12356 25154 5482 756 93310 26658 50399 74844 13336 87987 5257 51477 15362
50669 1691 5316 31971 92638 26329 98106 17229 33736 79979 79762 54970 46613 19723
37508 49775 45542 75607 62131 87049 97442 79239 96711 40452 29639 87908 53788 17626
14
93165 21618 49341 60186 39661 54657 92157 48651 97338 90263 65880 47426 86595 45643
2396 33208 65366 56256 99335 27260 31864 77819 14309 45658 57058 27373 86110 3049
15281 56251 20676 24798 77869 70017 84984 33882 41026 93493 82534 54716 83757 48414
2142 86704 10409 20890 36264 75775 77147 35599 19388 25363 29770 33697 87373 3181
61070 73483 6230 92703 46086 26906 17501 40307 13275 2485 74190 70653 12331 56724
25369 96088 5138 43863 99144 15548 81106 35408 7675 58253 87359 27063 99968 17130
77113 87341 20311 54535 77176 26541 47239 23263 69800 81092 79922 99427 99930 54112
70081 12261 10836 11802 24701 32327 72018 23845 47875 53124 59253 71902 27729 62964
15318 27697 80094 92431 31390 16757 63318 24918 43299 10557 64533 29451 8002 44456
28878 7932 98568 98959 36545 9405 27114 61246 41732 99132 85091 5959 52256 60696
94213 79985 23660 9531 24034 20107 1962 55424 36864 65281 80342 80163 92190 44876
25966 16544 5684 54845 24476 4252 70156 61021 30009 97270 38619 88093 12754 23710
10404 65010 758 4618 61347 40771 14149 85381 60878 32464 57157 97742 14097 53852
94258 22639 15080 20224 39184 20764 91421 63660 25016 61578 41034 71378 75200 79653
14
59471 87955 19716 69876 69317 20474 90846 30665 77597 4995 32398 38475 53811 5908
36218 67908 59760 46828 90548 91192 83404 29732 11956 74826 9744 53324 36404 50778
41054 27956 46784 526 15911 66500 86754 1581 3326 77600 48598 80924 98947 80996
35751 52759 3256 88321 37019 63016 35149 27567 70560 18554 73651 82516 9732 99748
52193 46136 66878 93247 90444 13662 10125 6356 96514 96879 24289 16193 74479 72887
13469 89779 70235 49220 42538 73492 53894 95909 52860 89043 39829 23421 23949 13480
22289 33681 29580 74482 96169 96459 84082 86614 26473 94207 9322 22988 91087 33611
55533 81918 6498 85354 88049 76733 34574 30587 66577 88468 42849 19438 93864 82678
42859 17813 12510 65148 67847 42091 55983 64016 38550 40065 50630 65023 50624 59952
4363 41711 93563 76248 39982 16413 61602 28031 9499 12529 74971 76076 17349 17820
95514 11213 16850 54725 45379 29360 36226 13226 87803 92209 77242 42705 48626 44225
24081 99250 20529 28444 57314 30445 21045 13648 46858 82647 41679 56357 95176 33002
48786 12526 67174 44300 40091 84024 15378 85470 29737 51604 15048 17540 60165 92291
60246 25143 52868 84327 24393 73397 29123 98059 3842 50168 11707 67053 49168 69739
14
23410 44344 19093 88548 73222 86268 32849 13314 86644 64579 98784 16381 16183 13833
50274 76348 22476 26872 17843 91696 27551 42236 65093 56674 56648 85288 23195 84707
52341 72363 54446 92103 16707 89892 80652 6282 76160 29853 19596 79156 94432 34732
95538 26967 64917 62164 19667 3745 89036 37510 95441 16587 96098 76887 89613 52746
62175 12808 37454 30868 1523 8252 22971 18231 98144 19975 40865 90656 49828 60461
69813 60612 95193 81703 87579 60111 43867 23598 63856 49255 61108 75650 65842 57207
52537 55455 26305 14712 84616 63759 45580 86139 88364 84903 20722 86508 4879 61587
93517 71059 22048 63330 31672 33594 45033 35603 93705 5252 59202 73913 54507 36662
49563 20349 93869 18452 92156 20175 33164 76772 286 95096 79264 88650 80000 99986
91511 1231 61574 85028 72290 99974 64710 20314 33568 26095 72270 43625 47699 47824
33891 2206 84486 99806 38907 94708 18259 47415 14883 67775 40540 31521 62872 19804
36524 59224 19790 28035 60455 97716 29415 49097 14043 10477 69412 47611 36572 58034
7589 84271 5858 41480 2829 6696 41286 41736 1404 75897 89151 32639 43673 46043
80513 6545 65847 17037 82121 1990 61424 42576 16058 90839 8025 30101 17668 93789
14
94065 70592 51823 1654 54863 74033 59486 74044 80730 17124 15780 98486 93022 21283
31126 36695 83679 11639 59592 49526 45028 58065 67868 6452 641 83927 13643 8666
14028 31311 2456 8093 1903 70631 26099 73118 44665 85585 47162 41747 2710 79294
40233 95732 16929 87711 48779 608 15702 24723 66487 60730 82788 34355 83534 99781
18282 97177 24799 48663 28488 43607 73108 46743 14239 99208 19861 75256 1145 83375
17003 3855 62669 73588 15939 95951 77652 81070 96559 93354 22145 79398 70437 21285
13754 53971 37418 48388 51149 62218 13403 95989 22177 86512 42733 52768 2072 78946
28024 3217 62322 61379 23425 41343 51320 55716 53646 28972 53139 66558 22326 75284
45956 92763 96570 59710 46735 33988 24451 14236 12558 37854 10225 34736 24366 69310
3856 42790 64609 31881 46008 43283 9612 85785 84626 60932 41501 54625 6256 10992
21183 28583 86277 67139 37698 99199 43202 785 49539 67653 31373 62098 5507 41599
13186 46226 27261 17042 89016 8222 65275 51376 51505 91240 37161 52484 52172 95015
7109 58429 6007 28292 3364 8636 95431 57414 7835 38633 58200 57375 22638 89573
35825 28146 47524 65363 74372 91138 98757 63388 99360 80385 31117 50866 71625 68278
14
3350 23797 79645 26811 98578 85653 55103 18294 94289 66886 75709 18477 21872 50261
92204 44510 56186 44381 89008 3711 9744 79732 11201 24853 59473 10561 5238 90590
77779 76863 58868 97481 17013 38514 24292 31943 40519 95747 50238 51160 78986 42299
69637 858 92560 61841 61720 65098 6222 67081 68809 32318 46813 96362 57172 6286
23276 62410 96876 1055 39274 55745 14889 56287 10611 39181 4582 51130 51281 54820
2290 30267 13471 88280 47477 22383 50121 25549 87482 72696 92630 72643 5014 39444
69006 62186 45730 92282 40949 42607 93337 96575 14704 8226 52862 41667 63760 73796
9149 31393 28617 27791 61660 58440 16071 25489 80824 82545 51038 68306 55241 43669
40949 76607 99465 26307 38794 45195 18589 96095 4154 28279 92670 35210 52857 61884
93229 32969 35680 2378 64362 80649 46522 42374 39090 62593 84215 19914 61490 35254
4572 16731 95275 61873 93339 94740 88181 48485 56287 6770 44580 76794 51401 53602
28356 4259 15486 21586 53580 67518 40316 17943 48168 86838 76669 3610 65784 60885
23524 27274 12491 44448 60358 7766 6321 70049 18858 94502 18534 91497 17625 79466
68291 69026 49420 13000 89637 81258 50938 43218 48776 7606 61161 96944 10797 54182
14
554 76581 15067 40430 20207 27558 84878 96917 51676 91200 66966 70534 2054 1852
62032 19679 81318 46675 88706 47090 76027 78343 28348 26965 37913 77125 50924 99074
90421 61721 53257 7328 54654 84676 47758 74861 28587 48989 71779 80263 56541 38745
67150 58595 40598 45534 94627 38268 92209 99685 85359 84589 78028 13707 27906 32294
7184 78830 31368 97606 40551 977 4934 95205 2006 69044 86419 30593 18033 74550
10856 74574 29647 78006 49522 86597 23540 44149 24866 32102 43834 26577 33043 38214
56636 60949 70508 63821 56132 18229 77779 13035 35558 82713 8241 53916 68109 11012
84509 86143 85562 11718 77069 15209 6076 26591 1807 45969 87092 43025 94423 47278
85954 27466 85493 42590 88415 72353 22763 60899 6934 16894 73935 42493 99607 98528
12761 67717 9540 97271 70212 95102 25341 47281 26663 31417 90225 44822 77386 93669
87847 71809 40948 73801 15627 42793 32744 20395 15146 71859 81294 22081 88754 55229
80926 4713 53757 93687 88782 79649 7310 58994 74751 32651 22628 17767 80421 29205
62589 57807 22874 50437 45969 63822 40590 61596 6615 73334 81991 38114 61546 79638
60195 50300 34867 57473 55013 4977 51160 43796 84626 58471 19142 75730 7474 41770
14
93497 87895 70975 72438 62055 93850 39227 24376 74024 79818 85972 96992 69504 84316
35106 31050 80306 95301 81350 15173 69126 52716 36502 20286 96512 21129 95109 15654
13211 18936 73777 23060 6831 44752 95498 85238 54954 34726 9614 45331 30896 11939
42323 16752 96255 77429 47803 92913 89082 45505 24438 58208 98221 60941 94846 11085
98422 6308 43092 11633 25244 16869 51045 48427 77973 46543 33666 49280 97621 43280
94611 28517 55219 36934 61622 67826 30715 9425 60739 36149 71282 85178 10709 85856
62471 5555 13293 60893 28215 56385 88878 69811 89606 39923 18239 67580 2818 68257
33212 440 11537 27823 45309 83109 81109 6931 67287 28176 32708 44379 64325 20343
45909 75034 6199 8380 96941 19492 85625 41509 92230 90855 11320 81836 30778 29559
65768 49948 97816 98980 50388 25706 43155 12050 25167 40616 35333 92454 68792 84394
53185 33117 4737 99094 24503 10936 23826 37797 46780 9451 79306 55362 306 90626
53551 47436 36538 19319 97385 50706 34652 64125 76412 94159 92527 17931 34776 27861
26738 3568 28607 79923 53038 33344 79018 77541 60632 19196 15338 7412 45000 94644
79127 45306 1623 32678 9095 38161 68349 22832 88867 19353 86957 81632 13513 95837
14
99563 48289 23698 26301 51857 52305 22577 21247 2001 1595 98789 62633 37143 30479
86397 82143 41476 65524 43802 43099 14554 52897 97612 82904 75729 2831 2257 79038
84463 15770 74875 379 80411 14925 43032 48621 83582 65609 69868 85583 83556 68657
48216 20700 15489 34614 2843 73317 16490 46645 16416 31045 15894 30380 13949 91623
33211 32558 87014 34027 64681 61889 50758 45092 76815 93790 93713 60397 59400 63582
45981 59308 48591 10549 80008 64080 61515 99204 53749 78006 62201 70165 25403 94448
16897 55704 2423 50109 88262 89437 488 52943 51327 51246 98036 44494 45036 91749
4891 20788 71683 67224 80097 20275 77774 76457 707 55641 92013 54457 33647 70567
40974 75402 65015 57872 31106 67438 24333 19369 56876 41173 72312 24555 92419 86700
69049 53807 78450 90292 90948 66485 57517 87397 86760 51643 63854 3820 23636 72220
74629 57284 42787 15603 32686 7802 89827 63793 75240 30512 99514 32116 88037 71826
73023 80456 74879 42072 50616 69681 32365 41564 36166 6234 28961 39279 74229 9167
43099 97865 81387 34080 71501 24174 66035 20540 48328 72215 685 23569 2727 199
72037 90765 88377 45061 87573 63256 3485 38189 32937 35850 96105 69104 58436 25066
14
8383 32665 34234 67834 46883 31973 1914 18384 72500 84301 38924 20828 56516 39609
60749 75596 56160 49139 82713 44538 10552 70286 24146 14037 24828 57084 66240 20933
42540 24676 62352 67275 73694 96586 35109 20577 44911 53375 38961 17411 37676 94238
54592 10545 50199 31693 86141 6360 80832 68854 50898 91384 55492 91396 5422 80320
48480 88014 17606 91020 12690 79958 58295 2736 92896 9756 23313 37807 79483 78627
71571 33512 72865 42515 44057 39416 74208 30198 45776 55041 15404 13026 62777 70896
4423 68199 51217 52903 72565 68823 60276 1608 65133 34923 4344 58029 44680 27658
12188 40515 22637 83759 74027 11854 26274 18084 51270 483 64634 97047 71876 80038
26425 34653 50935 30848 19205 18504 104 91770 3679 60380 93378 85164 11655 97723
43193 72687 41733 55381 13203 64370 55493 87230 92576 81767 21667 43846 98602 86301
57245 70478 82692 83671 5132 49979 14519 24337 84835 14623 32459 4866 91355 25838
90030 3011 39913 33223 92050 81646 4956 5253 62368 60449 92484 54944 58569 30503
98790 73523 33156 56036 44002 15848 56059 65486 82179 70578 6175 67014 1554 38634
88232 9261 64472 78262 28624 4385 27837 20675 2383 32794 25928 64751 9595 34764
14
36047 84516 65267 51190 58040 14776 23578 2042 30624 79637 83880 29156 50215 90055
96170 68121 45041 84403 77383 25866 79017 22359 46603 6855 43034 48987 56001 85315
30090 81948 20079 66138 66465 1699 17328 24505 16475 40906 42899 63451 20543 26779
92607 87110 33186 5130 71584 78227 5885 65319 4093 84902 87678 50697 8109 47065
16036 64110 32380 46126 62411 68811 28616 28876 86862 62296 69733 19689 3202 28984
99493 40097 72115 8452 43560 5301 13582 31496 99880 19467 96815 20326 20722 845
87375 28831 47910 3411 9294 96642 65889 71705 81806 94506 16933 85020 56802 86666
4710 76357 32002 4203 32806 4117 12655 76366 9418 42590 24214 25650 78409 21029
45976 99131 21875 33351 44315 86137 53114 69961 99132 19004 58018 80938 29862 74951
65958 3016 77969 87020 79373 9971 7575 12180 30440 36583 4898 39858 79173 29113
81860 73934 66494 44189 89418 4721 93892 50085 7211 47007 20046 6343 82363 78064
3633 28577 69367 85943 31593 47336 72964 27319 73659 96891 39499 4099 33474 60749
60309 28999 6214 58521 2934 72709 2710 8704 93782 96603 58789 993 43610 78835
7336 42325 73251 27321 70902 42618 13265 18847 6306 2581 46166 79965 99472 85665
14
416 32947 62767 60725 78298 68981 19246 81232 58042 38309 6288 68177 34912 65077
69170 94874 60264 92859 37199 33515 20180 24453 76133 49797 43300 82439 52378 89467
78756 51851 91484 79172 1150 70603 56249 79448 55937 91848 77033 13979 30157 83321
82156 81421 48399 67679 76295 8663 76890 29846 42179 13422 70651 34664 63220 13951
17104 15598 19770 12212 83801 27607 91385 84951 98210 63986 64400 54147 55834 41433
84479 2343 41106 82987 83764 89505 50666 60059 14521 27556 6257 73052 40979 76908
24068 20551 7212 57524 36149 26982 69737 19951 54589 77474 21254 52800 41460 85654
6947 13647 43439 7778 15990 84546 90766 99755 90403 41432 76166 21276 85341 82424
94328 42672 59332 34749 63223 66544 92273 15724 9879 62010 52027 80820 39484 73282
33620 97297 58936 56920 10944 18728 64698 26934 3274 71816 43041 10029 13249 19208
31306 14942 17984 41986 57614 77316 76735 37189 60213 69009 52913 86444 47371 21293
67264 3208 94575 17237 505 69863 74157 11449 88591 55207 38383 8217 27024 97777
18247 56625 16985 49553 87919 34969 7891 45533 28637 84627 99074 5202 69988 68339
91646 17359 89632 58911 20567 559 76148 37424 70423 66657 48873 75366 38216 3609
14
99936 65240 1386 18183 38217 34723 84088 26136 69692 91979 88021 14681 92958 3447
19884 62946 71787 27882 96658 77771 3145 33577 78331 79293 71002 65106 62302 36227
40472 519 56188 40408 82111 57574 74943 36681 92297 75383 62817 78341 83715 67191
93023 76673 70638 29259 55972 58777 73493 68982 36549 76639 2559 14880 72284 89913
96338 34587 42493 53162 51458 98681 93571 49921 56256 84866 86602 64905 60250 65772
59599 43965 49315 68974 36990 19953 98233 92962 78731 71726 61944 31632 64717 80856
46512 37002 87121 59202 71589 29614 12364 39399 28296 22287 5672 904 7154 92275
82161 83756 74399 41760 44073 40066 10734 81063 60019 25319 90378 55102 13398 68674
86734 78115 49530 49598 15117 53004 8800 3058 82618 21165 58809 27266 43452 64482
44522 66958 73109 26684 50714 47508 68444 11139 3926 95531 92203 63945 37202 82581
35400 50600 51255 38486 45068 17138 88085 60185 70142 13237 79596 69112 34402 38405
96379 94207 19239 57253 77517 92348 83937 28232 56208 68734 39371 60134 80617 47926
40432 17819 46859 75832 68420 14467 14318 13488 31605 18755 90025 18099 31993 69621
87211 82747 24379 99942 76954 43618 57196 70824 52319 41133 15408 8527 26219 54779
14
68662 6836 19058 9094 24656 65917 1278 9428 80384 15596 22916 28341 34352 29293
46440 82697 15267 50004 65444 39646 49946 58751 99616 7142 29575 51935 64628 44983
60463 90847 16114 45477 14036 35172 70923 38692 17442 72201 48120 14178 87797 87388
58872 38501 16681 21664 21198 31948 71668 86643 87946 21615 61746 3915 45109 91321
55850 9737 52656 32665 16937 68770 78142 30973 20295 49065 86017 54089 37618 34137
84619 25416 37877 43491 80269 70910 65156 1468 19211 36824 4463 7157 74791 82561
11072 19901 90234 83275 45990 42890 15940 62927 28012 10435 10252 64659 75852 96269
18748 13471 46758 19720 55239 987 63211 35508 71898 44719 53328 91109 97896 74143
98266 72687 73056 25691 8940 63290 25318 54931 6180 57610 34210 34193 68045 44463
15204 60250 57084 33953 90073 20195 53673 45312 21182 33236 97172 93080 77956 66853
84189 75852 57348 98808 64891 30405 40851 73832 93695 66169 28763 16228 23779 79325
66773 8177 23788 81977 68427 97225 15930 74852 17420 85955 36516 38602 19192 33688
48035 13500 16893 32224 5704 74242 47384 70595 4647 88235 44427 98342 54404 89542
30922 78184 68868 97695 2713 9008 79673 87492 6233 11955 62344 40005 97911 98860
14
94960 33455 48900 42995 63307 65794 91571 69011 40036 38956 55958 44683 27191 386
59377 97948 6280 90300 92484 75148 87995 95197 84157 84020 82689 6742 95976 61385
63100 10239 76597 58060 60046 25497 1055 23353 91291 8978 8716 31327 47934 64674
92362 91478 81412 68092 89426 87693 74744 98262 62841 79091 93459 63350 63112 92500
86445 59088 70237 49545 85679 46834 7605 45725 72331 25012 85430 79975 33990 94146
27654 98277 75172 36369 89755 56585 4461 95533 60630 79205 10147 39823 74648 19958
3174 37760 28810 5971 13200 99047 55516 98879 62233 63121 60956 50916 4485 46386
30891 38475 56884 58546 53104 32057 94915 59211 4994 15728 71096 65624 11285 81243
21799 85933 1201 41325 23694 30011 47296 53246 45410 2812 68478 7643 82285 29434
58560 86770 75821 89451 41598 49057 64349 94702 97466 75616 53914 2460 91344 25010
84436 2629 22606 6236 88563 23807 47561 28609 70171 94858 81855 15581 14022 50333
39577 96308 96120 14489 83078 88293 3940 24676 37350 84642 35731 34817 60258 89645
53629 67955 31007 38066 70584 53613 60654 75499 93773 24567 4108 80296 35777 2316
95877 49800 69001 51806 62460 65121 66295 45538 53414 86588 86567 7117 71230 38650
14
41934 47840 44647 11915 15795 75654 49981 2732 45620 26987 78231 55745 67907 98692
36041 3684 17360 48270 69836 86361 77 32296 67835 66372 94187 37601 69312 97106
44718 40542 35756 3004 4735 80403 14920 20530 72409 81253 39614 34381 24593 17846
90126 92500 32890 26167 96184 50250 90790 82373 52963 90867 14669 37150 73591 8856
74752 42904 22314 35822 99798 58070 55179 20885 38473 70099 41416 10883 67704 81030
45264 92297 15228 51743 84797 48118 94262 97334 14720 85052 79707 84036 92271 10728
21186 82215 35937 12290 25119 58251 64465 41269 16322 19644 62155 54795 6095 19923
82030 73799 17305 43647 66097 48886 95390 67246 13356 89652 64580 28077 74705 60639
28465 83328 71368 49651 65543 7305 78294 7014 65556 42759 48284 81878 62403 26791
53026 68498 63066 51408 58649 80371 95055 41098 45609 90445 8345 58966 96450 89277
3395 71155 49917 31860 54483 21285 81511 36379 44942 76157 43393 10498 18916 91677
8729 97671 34820 78107 82521 97886 29515 41171 94610 40923 82269 40219 31368 90614
15537 27818 79892 18932 15325 46161 67144 86161 67446 48656 22540 28740 41165 65933
55590 60082 73963 64319 57753 8783 58778 40275 23022 88294 81446 33984 45569 80067
14
90555 76937 87034 6093 21108 83278 41377 52785 29439 8522 38946 13237 73530 77838
41977 14695 43772 97567 74777 34087 78239 48883 42870 37017 89158 82244 41663 86956
16228 87232 67023 6784 80522 70409 29229 17982 53687 70606 70767 99478 95480 9714
12715 69010 87552 71044 58 47676 84964 91187 81763 63203 40070 40986 16572 29228
23230 74588 32536 55811 78172 15912 78947 58694 86321 24528 76676 56361 11486 47444
55839 6967 73510 68555 92329 77414 55951 92387 25091 40915 83575 6854 4118 23645
64192 37043 69226 3775 11631 18114 75938 89803 34026 54885 64850 36700 79413 41526
93061 7251 5322 48900 14218 95184 33807 22900 72599 89759 15287 14042 30674 15214
37248 51145 55212 1441 88188 40790 5216 16171 58904 81154 5974 9283 52391 70824
45983 48156 28703 39044 55407 50377 4296 85978 45562 38104 8878 34513 44215 40517
48555 91241 55732 85803 42386 27296 3596 46926 68086 25164 63097 43342 22670 69072
52625 91413 56248 14960 39569 84951 54004 11329 35329 74653 13659 80891 29109 22537
15404 73324 79406 80311 64565 51490 82466 6952 78786 86063 53878 63224 27579 33328
6567 50250 2400 59192 41663 58648 74153 97585 59952 44509 25266 95281 35514 38925
14
92524 64623 77814 24280 37947 73572 4591 2513 25063 3409 25817 3849 89472 96047
67074 33404 29375 89993 6 48127 65537 58021 23128 39690 55606 83080 552 97224
78361 36066 52501 70885 17042 46667 11517 54989 20240 32460 73854 61655 35869 99671
81856 41694 12071 48930 75098 41446 55275 75104 5926 20813 33125 29054 76855 5084
12134 77407 2308 6847 29826 71162 94084 46868 17829 5601 18209 54421 38061 92064
16076 73930 91735 97933 15624 20158 63215 7074 77957 18491 82178 83883 39304 31656
12937 16159 36740 41423 9919 55400 48270 56097 26562 42354 19317 60744 64307 37526
31517 18720 29590 63946 92650 37678 78231 24627 57836 57798 31701 35793 76289 30232
36028 31945 61888 65317 64457 98628 6740 90728 70380 71362 63177 96943 30068 82494
74039 94375 20020 21908 13095 65963 85854 22098 19993 64085 63077 77829 21884 11130
29975 14525 41362 82355 62823 19602 47673 27280 34582 54413 34360 4963 25776 97537
18258 55844 80031 8649 66572 16403 30557 79667 82366 16412 18117 2359 96849 81194
96541 18733 8677 42868 49611 50039 25223 12434 85994 72896 39714 20576 43662 90426
41891 85790 87963 76501 41634 84346 85150 24558 749 15708 20578 99468 48472 38695
14
1827 45321 36242 14720 80407 44919 73940 30018 11310 99164 42452 97304 88412 98518
34233 48426 88944 92476 34216 93259 68978 92203 77605 70480 16761 94706 2540 37339
94174 67364 76035 12354 29038 28629 27074 9445 73548 1015 55815 1210 16531 98267
14867 21295 13137 65452 69722 18433 57928 20290 11692 43258 12493 5649 30091 29255
16707 48983 82946 10882 16348 75333 23236 45386 3962 66662 54831 93862 84029 26998
95073 16912 25265 26292 38208 54754 91744 24282 73187 66024 44572 1231 25635 57066
23232 72078 2673 39939 21061 85619 50821 37409 60953 90409 99147 81267 57072 70330
75130 57453 97328 86555 74366 22593 12847 28926 77347 20943 53208 66886 86967 14132
68117 28954 87550 91349 1032 6575 31289 22094 92195 98462 75855 69500 88872 75003
67119 62296 45333 42249 19749 42662 45156 10467 81607 58003 39393 75307 78946 8953
42193 82266 23086 26663 11220 10636 34364 12253 33564 65653 50699 25759 80468 26554
11611 69340 1557 78730 47988 46891 37332 84089 5905 82488 94557 3864 56844 33950
79171 52142 42904 37717 34408 82342 64380 61981 9330 15096 90586 42894 97102 41285
85005 77570 67839 96616 63262 85749 91699 11250 48992 29031 95339 54897 27871 89896
14
58761 84715 40199 54285 36858 99455 92002 87618 81797 72734 49599 7479 87830 40185
50374 84932 97822 35379 78854 82014 48348 42116 67763 40047 69718 16755 85430 65058
88004 13301 71306 63117 98017 27857 17402 51227 27312 25756 38845 25461 14842 88445
32941 2673 44982 99667 3957 59157 35046 82812 41171 99746 41280 8934 56145 10999
25689 41575 76057 30045 71229 63715 93162 85598 91573 10565 36825 35237 52673 75670
60699 67516 80467 9992 86541 41802 9659 6850 959 44705 6014 42130 44452 47295
51064 16949 58294 93105 58525 50703 23150 46106 14418 16312 31704 22343 43229 68529
57581 12255 60551 34632 79771 41019 44624 82664 82821 54283 89514 132 98988 95529
42262 59792 42824 9678 76742 17470 19135 51619 68173 42285 97725 98943 74949 29429
21287 34531 14310 78868 46786 74861 13500 42909 15880 74476 25573 15053 28759 31439
15185 44099 26968 73799 3892 86144 99829 96986 3614 18964 64957 88139 61249 79034
87083 52551 24815 8370 87082 39125 3590 50220 13986 33442 93129 46219 7918 35054
77624 53029 66493 9162 97128 9814 82961 17372 12310 82791 14358 32277 1755 95667
20416 79357 74701 23851 31908 15868 48573 35342 54993 68515 85562 85332 18309 95043
14
31551 42579 30097 25527 95608 12942 34689 92737 22756 34003 10109 35067 33146 40820
83696 34901 52839 4112 30610 43893 44316 78870 59761 92889 14212 14755 61405 16126
16439 79714 11169 64342 22294 57618 89869 17902 70561 24559 26991 9669 74914 37101
44736 8060 77921 44784 59313 47112 48897 89924 91005 93213 85146 50767 2454 15711
81874 63859 48189 98313 59926 75711 62655 82220 33329 52524 16474 20242 93435 43466
29912 84701 80567 74648 92761 74840 19433 68427 21952 84682 74703 12958 94247 59849
80077 96701 75560 61951 76913 23750 60264 36839 15813 22919 35411 49142 91795 51885
69385 1583 95351 99297 2636 92270 90297 95398 83462 26082 63825 21767 27116 54880
51077 37715 14729 31154 34417 6642 93105 27682 46744 53369 80873 62557 92640 16284
28051 787 84521 97436 18722 79873 13085 21359 88495 19735 33109 88310 45817 13286
10077 72934 68166 61154 27001 99247 92308 61418 5889 1765 5452 68985 55134 86325
31542 64126 18961 59594 81265 3483 73382 16340 99708 86468 54051 88203 6203 3512
76513 68372 16798 2942 57658 1316 64096 84660 563 72756 62430 22805 74521 67883
91790 46007 70560 39685 26485 89522 99279 7751 93005 89013 24091 9065 91833 94494
14
97268 98036 98006 90134 82761 31156 93076 40419 32472 73525 25079 49387 46281 3862
88544 20803 88097 96687 66810 58657 36372 93296 64531 52003 17399 73888 41016 57842
82953 32850 52336 96574 47238 66694 86708 29999 97850 96136 86771 46674 69661 28202
96061 15943 32064 958 53098 20161 97645 36260 95171 34017 45908 76054 2372 63307
66295 43388 37501 65600 92590 6189 62174 39829 72883 65234 86180 70733 61371 72951
17407 31032 17506 29821 46975 49570 30779 73 86084 44776 36334 97607 95145 82242
90013 97517 61902 56308 57257 99403 21909 49848 5593 435 6029 94828 65670 8561
65562 27041 97865 99321 74425 15371 45494 21401 81293 92625 37826 83729 37401 90512
81336 32546 89107 87702 46415 67361 60362 3673 83116 98623 69873 88709 99059 75902
99890 81081 84463 81804 8122 82328 81125 82547 97699 42972 20300 95345 35597 74479
79074 89351 81343 76763 38249 86802 64465 84665 54163 41179 4690 37280 39803 74563
42341 38862 50465 42231 19943 51280 24035 44417 49961 21513 43316 64012 64485 79969
59357 82 70800 38432 5785 52143 31547 44035 38946 96012 45052 93109 37191 49742
30389 93346 24305 89083 32208 91122 31314 68503 58754 55350 29272 8715 76863 72589
14
72728 57700 68910 48437 74134 39710 3221 79920 91853 34768 23955 30799 47132 69007
40261 84324 18749 87002 94022 59406 76085 26231 66880 23752 11086 25634 79102 40359
34350 72317 29300 23430 46369 98210 71867 20503 54272 75089 423 46125 9857 24378
93277 56990 9737 49890 57666 44838 36892 51688 20596 29330 94271 87476 53082 21710
13111 48536 78421 47461 37205 24073 70891 83574 38635 59110 4077 92907 50551 4501
39032 60409 45231 48661 33751 71321 98551 7769 16159 51796 75809 36756 81126 86433
24232 50560 24495 53695 99096 2916 1156 36301 43341 88399 36227 81976 63862 40304
74883 14413 61157 30267 91174 22741 78929 24925 94062 93832 49046 26573 45628 41208
79681 43106 27641 3914 10018 52136 57609 9114 71404 75118 61767 14745 79869 14346
13073 43731 54651 87956 58145 32160 18223 49319 54901 13504 90597 65315 7337 55995
91889 69317 97203 71570 28776 41196 91836 38794 93332 65798 64261 81088 57268 26028
12185 37137 56727 25258 97221 11378 29566 55366 59890 64142 21037 31144 77646 27986
96459 1335 83982 88348 87005 81185 76271 15781 22382 68107 70927 32066 50257 35188
29507 7525 77569 41692 44663 34296 83303 41884 62026 12869 13602 21916 77011 34639
14
53060 71010 62626 65872 88697 62960 54220 75702 44145 30491 7835 66527 14951 78763
14946 65208 13951 44453 72734 91520 2497 33749 25816 85800 91985 87842 15022 5587
26111 92033 56578 95523 79395 35556 61395 68093 98516 15616 60147 42662 62459 67983
25541 93762 46746 56839 75323 60697 1292 48057 68570 3790 98158 94386 5942 90143
98581 20964 95730 24692 29350 68660 20215 25097 4217 97963 93190 2733 13579 53338
61747 92390 37673 3641 2505 84419 60480 77828 61468 78125 42237 30038 98267 40395
24425 4209 46890 39358 25174 58972 80402 70876 27632 16969 95973 31849 14932 5516
50935 44863 75206 12682 37254 12879 32675 56111 97298 93156 33939 58766 87633 92528
88805 85900 32923 29582 90109 96165 85292 31635 55137 65694 2511 82769 82663 14837
14619 13948 20353 81906 58811 95559 94588 12417 8438 43616 68528 5736 53124 18819
80854 40757 11347 86011 26657 60622 31945 16766 56787 17237 48402 11924 99283 67265
94694 98299 82102 25665 12247 2455 7571 71058 14366 18511 83476 22804 62127 68356
44892 15251 87176 42099 56008 98523 28110 82665 59146 76408 99432 15933 9997 64186
27858 9281 47803 38904 23932 29906 64569 36179 48713 72140 23589 63080 90651 23417
1
0
1
100000
14
1 1 1 1 1 1 1 1 1 1 1 1 1 1
0 1 1 1 1 1 1 1 1 1 1 1 1 1
0 0 1 1 1 1 1 1 1 1 1 1 1 1
0 0 0 1 1 1 1 1 1 1 1 1 1 1
0 0 0 0 1 1 1 1 1 1 1 1 1 1
0 0 0 0 0 1 1 1 1 1 1 1 1 1
0 0 0 0 0 0 1 1 1 1 1 1 1 1
0 0 0 0 0 0 0 1 1 1 1 1 1 1
0 0 0 0 0 0 0 0 1 1 1 1 1 1
0 0 0 0 0 0 0 0 0 1 1 1 1 1
0 0 0 0 0 0 0 0 0 0 1 1 1 1
0 0 0 0 0 0 0 0 0 0 0 1 1 1
0 0 0 0 0 0 0 0 0 0 0 0 1 1
0 0 0 0 0 0 0 0 0 0 0 0 0 1
