100
4 3
4 5 6 4
4 2
4 5 6 4
3 3
1 1 1
19 4
15 3 21 1 59 97 96 59 34 14 63 93 43 26 90 79 53 5 74
26 4
7 35 47 47 1 39 15 71 49 85 87 11 87 11 35 9 41 47 83 56 35 1 51 33 3 89
3 4
87 95 79
14 4
81 45 45 50 3 11 29 91 53 33 73 15 55 39
12 4
79 73 61 39 31 75 66 65 45 53 12 39
17 3
40 38 79 10 5 40 64 41 13 91 59 17 98 83 37 29 11
16 3
38 29 16 61 50 51 22 96 69 40 2 7 97 29 2 34
100 3
13 53 92 67 31 6 48 11 60 79 55 90 98 88 64 79 56 88 55 65 22 55 98 80 76 64 22 50 67 79 32 65 62 4 34 91 43 56 98 60 1 68 34 93 35 72 64 22 76 22 93 88 41 66 84 1 28 74 95 26 56 25 4 10 91 62 69 6 64 64 7 7 11 17 70 5 13 25 26 43 35 46 13 22 30 6 83 70 58 32 55 61 74 7 94 88 73 55 78 20
15 3
22 59 73 13 10 40 5 88 58 32 83 44 13 83 97
22 4
91 97 67 29 75 33 20 29 49 9 85 87 97 53 17 38 73 15 37 87 97 41
29 4
87 87 75 17 7 15 95 27 31 75 77 73 47 23 19 97 11 31 87 19 19 61 57 45 21 71 39 95 51
16 4
67 17 63 21 17 63 9 55 69 23 70 54 73 54 57 39
100 3
38 82 58 49 61 98 80 53 44 19 11 62 13 58 43 58 11 89 10 37 5 4 49 52 28 70 46 13 23 2 14 8 68 58 4 13 53 83 77 31 71 85 47 79 91 71 49 71 88 70 14 31 11 13 85 34 40 55 67 83 25 19 26 98 16 8 68 55 91 35 11 16 41 14 2 28 40 55 79 5 17 86 22 43 23 29 98 67 76 11 19 37 49 91 5 28 41 98 22 2
14 3
44 59 25 28 6 49 55 28 82 74 41 25 74 19
2 3
86 23
100 4
95 43 83 95 97 67 91 35 55 23 23 46 39 22 79 27 59 23 86 63 91 54 19 87 87 35 18 14 74 39 31 35 59 43 79 11 81 27 87 55 13 67 11 2 7 3 90 75 94 71 55 87 62 29 35 23 15 21 23 11 35 15 95 90 6 43 91 3 54 70 6 82 83 79 49 38 49 2 42 14 58 1 3 34 78 83 88 28 3 96 58 94 11 12 50 23 59 3 94 19
2 2
71 31
19 2
8 87 12 51 90 6 16 34 17 73 87 69 44 4 34 70 71 37 72
19 3
88 33 96 72 79 10 43 56 34 46 62 14 39 61 52 47 43 50 62
32 4
79 64 93 53 45 56 77 45 89 63 35 86 91 34 31 42 72 35 34 93 33 5 17 97 94 89 65 11 69 5 71 89
100 4
58 37 10 30 9 88 21 74 29 55 54 85 62 1 19 69 90 29 95 62 97 85 32 30 68 11 82 57 9 57 35 60 81 89 34 77 40 49 3 69 3 47 77 37 10 66 53 15 13 52 49 42 18 69 73 62 45 73 14 17 38 17 32 73 97 30 67 29 13 93 29 22 66 29 37 91 67 61 17 81 33 2 6 17 57 5 48 51 9 41 94 56 1 9 89 13 33 25 21 51
30 4
31 87 65 3 57 11 71 42 55 93 17 23 59 41 91 67 58 73 88 13 7 75 91 77 7 75 86 46 3 31
14 4
9 66 39 79 19 29 13 73 18 79 50 75 32 93
100 4
35 56 63 68 84 6 12 97 8 23 93 40 85 95 41 20 71 95 86 57 82 9 50 60 71 41 75 28 84 61 52 41 19 54 57 77 26 49 31 22 17 5 36 60 71 67 32 45 66 5 7 54 38 68 43 62 11 89 10 90 87 92 27 53 84 87 69 10 44 67 32 86 92 17 24 91 77 89 77 58 16 18 83 4 62 31 90 32 86 22 75 25 85 54 79 35 62 22 2 44
2 4
89 33
100 4
49 47 31 62 25 45 3 61 55 33 87 87 37 73 77 91 61 1 94 26 67 14 49 78 62 11 75 5 61 53 85 76 58 43 17 25 25 54 8 31 21 10 5 69 22 31 6 33 78 93 31 49 71 1 64 94 41 51 21 3 33 72 1 34 75 49 20 94 9 90 47 50 53 73 57 85 81 89 14 46 17 49 90 97 34 17 13 9 21 14 49 49 42 62 79 49 69 85 91 97
17 3
61 40 22 89 61 45 32 23 53 23 76 95 67 92 64 31 35
100 4
6 55 82 27 69 14 71 34 67 25 61 29 18 65 57 95 58 81 33 50 33 86 38 42 63 86 73 71 78 11 30 93 9 50 76 69 43 43 17 71 70 45 65 45 97 71 90 26 27 70 42 21 55 47 62 43 79 3 67 14 89 26 57 63 87 37 45 45 86 11 79 34 91 70 62 67 2 71 17 90 58 75 15 39 1 45 70 42 33 15 85 14 25 49 27 83 77 46 49 47
1 4
28
1 3
27
100 4
59 57 61 94 33 86 13 61 45 57 73 59 3 85 25 65 83 51 81 63 5 97 10 65 30 42 94 18 82 71 51 22 45 34 81 27 15 39 91 55 62 17 66 21 33 1 95 83 30 42 83 73 22 19 93 5 25 87 94 78 53 13 69 53 3 39 95 90 50 81 59 78 95 83 14 50 31 87 85 45 82 55 94 65 39 82 86 35 22 54 70 30 47 37 34 22 3 63 22 27
2 3
76 91
11 4
89 95 39 93 23 1 25 49 71 92 15
4 4
83 31 95 23
100 4
66 6 58 23 55 7 19 7 78 86 74 47 7 67 7 75 95 70 83 2 29 10 59 15 74 40 79 9 71 70 43 62 31 89 14 34 43 91 23 33 10 19 47 19 40 70 70 43 70 73 62 59 56 52 37 1 74 91 47 11 42 95 39 37 69 56 60 46 15 34 58 52 75 96 71 77 33 49 58 50 62 47 71 86 59 39 84 78 34 55 75 27 38 55 71 39 11 27 38 75
16 4
55 47 19 5 33 77 97 37 3 29 56 87 48 39 4 95
14 4
47 17 51 19 41 63 41 17 4 15 49 79 35 41
100 4
55 51 19 45 64 49 45 1 53 63 10 27 17 25 70 69 63 15 38 17 82 30 65 25 5 15 67 17 13 42 66 93 82 31 29 86 37 94 87 89 20 7 65 49 5 88 18 73 66 58 39 86 11 42 61 75 22 89 21 21 9 17 69 69 85 22 57 42 57 14 39 97 76 51 31 69 27 21 27 34 30 58 18 63 41 1 54 14 13 5 24 53 95 80 79 1 93 38 26 17
19 4
11 47 45 21 39 81 89 31 84 67 60 32 53 77 15 21 7 69 19
25 4
3 25 25 59 91 11 45 67 39 91 71 63 55 83 95 71 29 43 61 59 57 95 27 26 79
27 4
71 37 7 17 13 81 57 61 69 5 68 29 9 43 35 37 71 69 82 45 69 27 1 19 93 29 19
21 3
64 58 25 55 82 46 34 68 56 52 88 84 32 33 47 31 1 65 98 4 13
2 4
51 67
2 4
26 78
100 3
92 4 74 2 2 73 95 67 59 25 76 79 4 58 74 32 62 16 50 20 4 80 95 19 52 77 68 7 91 97 64 14 67 2 76 43 70 49 47 11 4 92 62 4 94 49 29 98 7 37 29 29 56 28 47 35 29 86 67 25 40 56 52 20 70 17 85 68 77 59 74 14 37 32 62 23 32 67 7 13 85 70 82 59 86 80 55 26 22 7 22 73 44 26 46 77 28 41 43 76
100 4
51 69 89 1 26 53 23 26 66 16 73 71 93 36 96 74 37 49 15 58 53 38 45 65 42 61 58 89 7 3 53 78 36 37 63 94 43 26 39 68 84 54 8 9 38 41 73 9 21 13 74 5 61 35 19 35 77 45 34 93 78 65 33 96 10 57 22 62 70 49 86 39 17 30 57 85 25 61 45 77 85 5 42 14 2 81 13 93 45 31 83 49 61 80 93 61 35 14 20 49
27 4
93 18 3 13 37 18 91 75 48 59 11 90 71 77 14 59 48 65 88 65 63 25 95 55 7 71 86
20 4
83 12 3 60 1 77 41 67 85 27 45 48 73 26 95 13 43 85 19 67
1 2
57
1 3
29
100 4
17 23 66 65 62 67 28 46 92 63 66 81 38 70 86 78 37 89 10 29 53 14 86 77 43 61 74 19 14 64 69 33 78 89 78 61 58 65 55 78 46 59 86 85 34 69 21 13 79 97 74 17 43 22 11 9 2 50 29 93 54 15 50 85 13 73 65 11 65 1 97 74 46 69 61 97 10 74 6 1 38 36 5 59 41 66 2 57 18 9 37 46 65 9 85 91 91 5 34 2
3 3
77 80 68
21 4
69 51 47 49 7 15 35 7 19 51 65 49 63 89 47 81 36 27 47 35 35
100 3
97 98 64 79 42 32 29 2 89 44 20 25 13 86 5 88 10 56 73 73 91 23 71 44 92 1 86 39 17 95 8 95 91 35 80 21 8 55 61 76 25 41 17 40 86 76 85 14 53 17 43 70 95 48 92 40 86 88 53 26 70 19 93 83 67 9 46 49 81 80 68 8 13 23 20 23 23 46 72 62 77 84 89 91 79 65 11 78 33 71 22 65 29 50 59 5 11 79 61 9
16 4
61 53 57 79 69 57 2 47 35 37 7 34 67 34 82 11
100 2
88 99 96 86 33 98 19 61 70 62 37 55 10 40 81 7 84 96 36 67 86 8 89 86 69 88 65 88 96 43 93 12 61 94 94 63 68 85 49 93 49 81 79 49 5 14 65 73 98 62 59 16 65 50 28 57 96 70 10 89 33 80 35 52 98 72 49 8 58 49 40 55 9 16 33 82 12 81 61 14 25 67 38 37 61 28 55 66 81 49 91 40 47 60 48 80 63 26 76 17
16 3
56 1 7 94 11 56 67 53 20 68 25 25 5 25 98 9
100 4
41 67 19 22 39 81 30 97 41 69 61 49 93 90 61 33 42 27 93 43 85 77 33 1 36 45 3 41 57 74 49 49 53 93 68 19 65 37 21 37 51 38 63 58 96 17 19 73 28 52 89 1 65 68 33 63 70 9 62 2 9 25 44 7 9 82 74 54 29 86 41 85 66 70 61 72 14 33 93 57 26 29 21 78 14 31 83 41 97 34 30 15 73 59 33 82 1 37 72 93
100 4
3 45 50 74 61 54 5 57 5 23 73 92 69 13 50 8 53 49 81 97 14 5 81 93 5 65 12 93 74 17 85 85 65 19 5 18 69 86 5 25 53 12 46 38 95 17 71 19 77 9 69 33 1 97 25 18 8 36 50 34 41 38 1 53 26 26 9 11 89 63 66 38 12 33 53 22 74 29 50 34 10 82 9 57 89 5 61 13 1 2 78 75 68 84 30 17 37 21 70 34
22 4
9 32 49 97 91 45 39 95 63 28 59 63 35 28 75 85 7 5 35 29 71 27
20 2
3 6 23 64 6 70 95 70 51 5 96 54 65 18 89 14 12 49 34 51
100 3
98 32 90 55 67 90 62 75 5 93 88 63 34 14 56 33 57 46 61 35 65 56 62 29 69 38 66 76 43 12 65 95 59 37 27 16 80 85 16 4 51 15 78 38 51 72 67 60 78 19 70 49 80 48 34 62 88 84 31 16 17 65 41 93 43 86 60 74 7 64 34 36 89 16 92 95 42 91 30 49 89 15 66 23 64 90 39 47 87 29 54 31 61 74 38 13 18 21 16 71
100 4
14 49 46 29 31 31 27 55 93 34 38 39 67 27 2 67 59 96 35 91 69 46 70 43 95 11 10 55 96 48 56 27 86 26 79 83 7 91 71 11 31 86 58 42 19 97 79 61 67 28 89 54 27 3 6 46 92 18 3 23 7 53 77 11 11 19 83 80 44 78 16 32 62 19 47 91 7 95 2 87 94 84 49 50 41 3 26 54 27 61 84 97 29 47 91 75 65 51 28 2
24 4
15 87 39 75 95 27 27 49 31 65 55 39 45 83 95 27 85 95 53 47 79 65 11 59
19 3
61 2 62 64 98 98 79 64 76 49 80 23 10 40 19 15 83 79 70
1 3
49
3 4
66 18 14
1 4
47
22 4
81 38 21 29 13 83 32 64 55 87 28 22 22 22 94 33 22 51 39 79 85 71
17 3
41 28 10 89 50 66 14 2 42 79 42 34 15 96 70 79 74
1 2
34
13 4
37 33 47 33 19 89 85 63 95 49 1 71 63
1 4
50
100 4
57 46 69 17 31 29 6 13 31 73 46 62 73 45 91 73 85 23 13 85 79 1 82 74 85 65 41 48 34 70 49 19 45 1 84 65 2 42 21 58 35 56 4 37 73 70 65 97 77 29 66 89 77 49 96 29 23 79 51 69 94 93 65 29 45 58 82 2 20 32 19 69 23 46 20 38 81 33 29 83 9 77 27 17 25 45 73 11 83 58 14 53 57 74 49 26 97 56 19 73
15 4
17 97 28 45 63 13 7 25 69 87 22 19 25 91 7
1 4
73
100 3
95 66 65 22 86 7 92 38 47 8 32 15 23 53 96 17 35 7 11 26 10 95 77 86 15 9 87 8 71 95 62 33 74 31 19 59 18 98 31 1 25 47 25 62 9 92 52 71 11 83 74 98 35 1 65 74 98 91 79 47 95 46 48 7 37 16 25 26 56 86 80 25 92 29 4 17 83 80 14 74 19 29 58 27 3 71 89 83 49 61 5 8 80 71 62 91 80 58 78 98
100 3
50 72 71 55 10 98 53 1 58 95 35 54 77 63 65 1 7 26 16 83 47 2 71 77 46 59 38 50 26 23 71 4 32 23 82 67 17 73 83 42 92 58 48 74 74 35 68 47 16 14 65 5 59 77 43 82 94 62 89 53 13 2 38 65 65 90 94 70 50 35 4 44 92 17 97 44 90 89 46 38 22 29 16 2 56 13 92 1 67 62 1 82 53 44 83 64 5 7 19 19
13 4
73 66 31 69 93 7 81 15 9 61 3 59 47
17 4
87 87 59 73 56 89 29 8 63 47 45 65 37 80 81 86 91
28 4
41 78 89 31 49 69 97 65 91 92 25 12 71 85 25 57 19 69 47 89 29 23 96 3 85 95 77 61
100 3
35 35 7 80 26 75 95 41 86 71 68 5 69 98 26 35 58 83 61 11 26 8 29 17 17 44 89 32 65 41 71 65 69 8 50 11 1 17 33 37 77 31 11 98 37 55 47 17 28 58 5 19 16 14 16 74 37 2 35 56 65 59 65 68 49 74 58 25 88 25 40 49 13 37 97 68 86 62 55 3 40 44 95 92 23 26 17 2 32 41 53 83 26 13 64 68 29 14 3 27
12 4
35 81 45 43 79 35 63 73 89 19 9 97
30 4
83 37 95 3 63 7 93 91 79 19 39 83 87 85 3 54 3 83 5 67 31 95 97 87 67 29 73 19 63 77
100 3
68 95 8 28 80 65 80 62 64 5 16 56 80 32 86 50 23 56 35 23 6 94 25 70 86 6 20 87 97 29 79 4 15 92 5 18 97 65 62 48 26 71 8 50 91 55 4 35 17 20 70 21 83 59 2 56 80 16 76 65 8 86 74 59 5 98 80 43 76 65 88 88 8 35 38 63 97 86 41 80 50 26 98 4 62 26 46 23 95 97 61 71 56 26 52 6 97 47 50 68
14 3
74 97 26 14 82 86 2 95 79 82 62 74 34 65
29 4
31 55 61 3 51 23 11 87 85 95 7 31 79 22 22 35 49 41 31 94 23 93 22 54 59 59 39 95 49
100 4
43 17 6 66 19 95 19 11 7 11 74 67 52 33 3 70 21 67 67 27 7 63 81 90 47 7 74 10 86 3 3 19 27 86 85 28 18 48 27 62 11 53 89 79 75 74 3 70 47 95 38 51 38 1 45 30 14 34 56 43 30 62 37 79 29 72 86 10 83 95 44 85 27 96 77 2 95 63 81 71 63 13 15 51 36 82 58 95 59 77 62 34 54 62 43 19 61 78 70 51
24 4
59 78 54 45 51 17 53 75 32 31 86 5 84 7 33 71 35 10 53 1 86 79 40 85
16 3
91 41 4 47 13 29 26 65 94 91 73 74 44 19 40 56
27 4
23 71 27 13 93 20 9 21 95 65 39 35 35 56 95 92 43 3 11 21 85 71 63 33 3 79 19
27 4
11 39 10 30 85 91 82 89 97 35 33 3 49 91 79 90 77 91 3 78 7 18 23 23 51 75 16
100 4
34 13 77 66 1 49 93 22 85 22 9 1 9 79 84 65 18 85 5 58 41 6 69 93 17 46 85 22 31 65 14 53 69 22 13 69 14 23 33 6 33 45 97 41 4 81 59 73 34 37 61 22 89 93 6 53 46 62 73 13 34 51 25 25 63 64 61 57 3 73 81 7 65 1 5 65 45 62 61 11 27 97 38 6 61 22 49 85 57 61 13 3 53 2 33 17 90 90 29 59
100 3
52 71 88 91 5 26 33 68 2 68 78 41 8 74 88 97 20 98 47 85 23 38 26 8 11 68 43 44 82 23 96 36 86 71 35 53 79 64 98 77 8 29 97 86 71 17 90 5 73 62 70 32 74 20 26 95 93 95 16 53 93 68 2 94 61 14 2 34 46 50 95 70 52 51 16 32 20 8 65 37 80 85 7 27 9 35 35 6 65 52 56 91 26 62 9 71 87 95 50 56
33 4
61 65 35 89 1 45 94 1 55 57 58 85 21 33 55 95 29 17 29 1 26 33 63 57 33 85 19 93 95 54 61 41 43
100 4
2 41 73 97 69 77 29 69 34 82 47 61 87 57 48 18 16 37 51 8 89 47 69 77 41 33 27 59 31 42 81 8 85 13 66 69 14 40 97 17 41 62 33 89 66 85 33 81 69 9 1 1 62 62 31 13 13 1 21 73 90 38 75 21 93 67 85 22 9 13 9 33 90 85 81 9 69 45 45 35 36 80 69 25 34 60 81 49 69 5 63 12 77 76 47 74 77 49 35 93
23 4
69 49 88 83 19 31 91 83 45 57 20 43 66 79 47 81 7 31 3 76 85 53 63
