100
4 3
4 5 6 4
4 2
4 5 6 4
3 3
1 1 1
100 3
32 51 11 52 41 38 29 67 32 11 20 28 27 41 24 35 23 64 67 67 94 52 86 41 62 12 25 46 49 65 90 29 80 44 80 91 27 53 75 63 44 5 63 61 82 98 74 44 83 92 98 33 95 29 16 95 56 10 80 2 25 53 38 89 73 98 29 97 35 65 46 83 97 95 64 26 47 75 4 1 31 80 56 85 62 30 95 44 73 29 32 98 55 53 55 32 32 55 8 68
100 3
88 27 61 73 1 49 16 65 40 76 94 70 28 46 16 88 93 29 22 79 87 98 73 20 67 32 82 10 37 78 70 10 23 34 82 24 98 46 31 34 31 19 91 75 73 1 43 13 23 73 49 16 49 4 16 64 2 31 71 14 47 60 7 86 76 65 58 83 82 4 94 34 26 5 4 9 16 6 68 40 91 37 28 97 49 57 86 56 80 16 83 46 56 7 46 47 36 15 36 76
1 3
74
19 2
13 12 78 72 58 29 12 28 21 9 19 10 15 52 16 23 4 73 1
100 3
40 85 31 79 1 7 29 94 34 94 4 24 37 46 30 85 25 15 86 88 79 80 82 89 1 91 74 95 36 79 56 1 67 82 91 91 76 79 89 64 49 60 50 56 15 10 13 13 98 89 98 79 80 38 49 89 19 67 44 91 44 55 41 34 38 85 55 66 10 97 28 25 25 16 16 26 66 57 58 88 17 94 31 28 4 88 31 55 55 97 89 64 49 7 52 79 77 63 41 41
100 3
85 73 32 98 1 62 28 51 43 89 5 50 70 65 16 49 55 52 38 70 43 14 28 70 88 1 67 81 61 24 25 77 93 79 80 52 43 12 23 11 86 16 49 22 26 55 65 94 74 70 17 40 64 40 28 9 59 58 98 16 58 5 49 59 26 85 40 45 16 43 25 20 29 19 7 91 94 88 92 10 94 64 64 52 1 61 7 88 10 94 67 46 25 23 27 13 1 88 76 74
100 3
85 10 97 73 34 37 83 16 97 4 16 64 58 92 16 55 35 53 50 13 14 31 13 70 11 62 57 29 59 52 85 67 29 68 68 17 28 59 40 26 7 13 70 76 62 78 97 82 70 92 79 46 31 29 56 91 11 68 40 31 9 5 55 29 4 80 32 88 40 61 41 46 13 79 39 1 2 28 11 45 5 28 19 39 47 80 94 80 39 21 29 43 82 44 74 22 46 58 55 7
100 3
37 49 58 48 61 28 19 37 26 37 58 91 28 38 41 37 40 91 88 55 25 85 19 11 83 61 56 24 13 82 19 91 25 85 40 51 37 22 7 70 49 82 2 31 13 4 40 73 16 28 89 72 19 37 27 67 52 74 88 20 30 70 97 83 88 91 88 22 22 10 85 88 5 93 38 37 68 3 28 15 16 61 49 11 76 8 55 92 95 40 5 65 86 37 40 43 41 39 59 50
100 3
20 5 71 31 73 20 11 48 73 2 8 48 39 11 40 50 50 45 92 2 5 50 57 74 32 36 61 95 71 53 14 62 79 14 14 95 39 43 76 38 32 47 56 59 65 50 14 72 44 2 32 91 15 23 38 26 74 52 32 32 77 43 62 11 93 62 77 45 96 17 29 4 80 8 96 62 86 11 89 42 1 4 11 65 80 34 29 32 78 75 51 5 44 14 91 30 68 56 4 6
23 3
26 26 74 17 68 23 11 17 4 94 79 50 71 16 86 25 14 95 55 64 79 5 17
100 3
1 93 55 62 94 5 29 98 79 86 55 7 38 19 41 13 5 17 23 8 17 5 87 2 75 11 97 52 17 85 98 56 92 27 65 2 35 55 77 62 49 20 40 65 40 44 53 71 38 12 43 85 9 49 89 47 80 1 67 59 34 35 97 14 54 1 67 85 14 74 16 36 23 46 32 26 23 81 11 26 13 29 76 53 62 92 2 13 35 77 4 47 94 69 89 88 50 24 91 22
100 3
83 71 43 2 2 88 72 67 68 61 1 83 4 35 53 35 56 20 80 10 22 62 47 32 91 92 49 30 32 50 62 17 64 74 13 85 56 85 65 87 65 46 86 93 26 20 80 82 83 30 89 35 46 92 47 82 4 71 73 2 73 26 32 93 56 83 16 5 46 21 20 14 14 85 62 71 32 62 35 29 33 25 53 49 23 48 87 86 86 25 2 65 97 98 74 95 68 83 80 41
20 3
8 8 80 13 92 44 58 26 86 49 14 52 11 7 22 57 43 70 50 71
100 3
86 81 17 26 14 44 27 74 56 46 41 97 84 62 20 38 75 55 2 65 65 20 56 84 53 81 48 62 73 2 65 16 32 55 59 17 32 28 98 77 92 71 96 1 86 8 67 85 71 86 14 65 85 53 29 97 77 51 23 95 94 32 85 74 28 37 16 62 34 17 59 32 80 77 43 55 28 66 97 65 13 48 56 97 47 65 68 59 98 28 8 52 77 72 17 89 68 19 98 80
17 3
25 28 80 44 1 71 35 37 28 94 56 25 37 35 41 2 58
100 3
52 62 56 38 17 20 89 85 80 88 86 53 95 83 34 82 45 91 29 80 64 43 29 38 53 8 54 38 73 92 56 90 27 98 80 11 25 83 65 92 29 47 77 83 58 68 37 14 41 95 83 50 74 75 18 44 59 53 70 30 83 17 35 52 57 25 68 74 71 41 74 62 44 43 65 23 26 59 77 98 41 35 72 71 25 22 50 35 2 38 5 2 98 61 1 42 29 36 53 62
100 3
96 37 66 8 1 7 55 82 97 46 19 91 49 44 77 94 91 82 79 37 14 28 80 48 19 65 32 18 26 83 52 41 4 55 65 64 81 42 67 82 14 7 28 70 38 76 64 38 63 14 11 74 52 55 25 50 79 97 22 65 71 43 25 87 20 28 86 64 37 94 1 20 62 92 93 92 60 69 95 38 8 47 16 76 19 34 98 23 68 49 76 35 73 7 68 68 55 76 49 52
1 2
13
100 3
83 97 97 47 10 89 34 23 11 63 5 53 70 74 17 57 59 65 60 98 89 20 50 70 22 80 41 82 74 88 10 92 2 21 75 98 95 70 38 61 14 97 89 81 89 46 84 83 85 73 49 67 75 50 59 4 32 8 18 97 80 78 70 64 22 95 56 68 47 9 6 59 90 66 47 17 23 62 35 26 67 55 20 7 14 56 91 95 40 16 87 71 71 28 89 32 83 44 47 90
100 3
58 31 16 52 7 41 59 91 19 62 40 61 15 1 85 97 25 82 68 76 28 62 7 79 47 82 8 82 70 73 64 49 59 58 69 61 90 88 97 23 68 5 4 12 4 10 61 26 37 21 85 38 17 34 74 40 7 16 91 4 75 19 82 24 94 31 47 97 76 7 60 29 10 14 50 46 7 79 32 44 79 73 46 68 52 68 34 25 78 76 71 31 52 88 47 74 11 13 41 46
100 3
20 52 16 32 83 4 75 4 49 55 20 64 81 35 23 55 13 29 76 95 29 38 64 31 76 50 20 49 43 93 34 61 10 92 23 66 8 11 90 62 80 86 2 47 54 95 41 68 38 46 2 56 20 66 17 16 95 79 93 86 29 62 11 41 23 47 74 74 43 89 44 7 71 80 47 42 83 92 94 11 44 92 35 61 28 43 88 92 43 23 1 1 25 74 70 5 53 59 8 29
100 3
92 34 65 13 20 4 12 11 38 77 23 52 59 91 83 98 34 11 9 65 22 65 50 14 71 74 86 72 55 71 53 65 8 95 12 50 83 88 66 16 77 14 44 83 81 60 53 71 98 44 73 51 81 20 68 74 92 86 57 20 35 10 92 98 38 37 6 26 73 47 11 98 79 54 79 96 26 83 35 50 59 74 37 82 50 86 52 22 62 40 55 63 41 35 17 56 93 31 26 87
100 3
57 1 15 94 89 97 16 30 16 75 85 53 64 97 28 66 82 7 61 97 95 1 63 83 11 25 58 68 43 46 70 19 80 98 21 31 14 92 28 40 25 1 82 56 97 5 35 61 94 2 16 13 15 53 1 31 16 94 55 43 16 79 95 58 58 73 52 52 42 89 64 16 16 91 45 49 91 88 4 84 86 95 55 7 46 37 62 52 43 43 59 82 3 85 88 22 52 26 96 44
100 3
4 95 23 69 67 77 13 41 44 20 92 4 43 12 73 27 53 86 49 71 94 19 58 41 32 56 56 20 4 50 29 16 41 73 80 47 62 80 62 58 20 57 53 95 60 61 59 86 20 8 68 80 72 53 83 36 85 23 9 47 55 75 74 70 34 50 11 53 56 8 59 32 28 35 16 19 37 44 13 28 41 53 8 71 62 49 17 38 57 85 74 48 6 72 15 8 55 34 2 67
100 3
25 76 32 44 10 58 17 10 53 20 13 98 68 56 88 53 32 35 67 49 86 68 47 92 14 46 97 67 13 23 8 77 34 26 14 76 43 98 64 41 25 38 52 94 41 22 17 89 13 34 92 64 35 32 46 79 20 50 65 58 74 16 4 56 32 94 95 7 83 46 65 11 10 64 31 73 76 40 5 74 13 28 53 7 41 80 98 29 53 26 34 19 16 23 98 26 20 86 23 7
100 3
79 4 85 1 91 95 63 3 92 37 80 66 87 61 60 85 30 87 26 10 92 34 78 5 16 34 70 23 34 49 25 85 8 19 95 87 37 85 54 94 74 77 88 61 8 73 25 61 29 21 70 59 52 65 4 67 10 46 37 6 70 97 73 55 53 46 59 97 50 53 92 76 14 68 64 49 74 58 28 10 41 82 31 40 37 19 31 13 69 25 57 81 34 71 31 27 57 13 17 83
100 3
44 23 69 11 6 81 73 56 37 12 64 68 7 15 25 64 35 93 42 43 62 21 22 19 75 17 27 49 40 90 89 14 62 76 62 20 97 23 89 37 53 75 16 12 38 82 78 37 22 30 49 86 41 5 25 49 23 5 59 86 42 40 12 15 75 67 91 21 97 24 34 9 8 78 61 53 33 34 89 40 48 36 27 82 92 10 62 5 6 1 93 83 5 46 9 29 18 82 15 90
100 3
28 77 98 5 70 40 91 88 50 1 38 79 94 44 73 56 70 11 78 25 71 70 7 49 11 32 11 77 11 56 14 65 41 87 16 32 65 50 17 28 32 88 23 68 53 2 25 2 92 70 24 52 28 35 23 36 35 26 74 91 94 89 98 26 95 64 38 29 56 29 62 10 54 77 41 17 92 20 88 27 71 74 11 75 69 26 97 41 86 7 35 53 37 28 11 8 57 58 5 43
100 3
91 54 98 52 71 11 16 47 41 28 96 77 65 1 22 72 50 52 46 92 23 95 86 31 50 44 63 68 2 58 7 44 71 68 38 4 11 32 47 5 86 82 22 5 32 79 14 5 2 59 80 20 92 20 80 74 46 39 98 71 62 31 50 83 41 68 60 88 37 28 97 26 92 58 5 20 10 80 26 96 56 49 50 31 49 89 60 97 70 61 44 19 41 47 50 11 62 11 88 28
100 3
2 73 46 71 17 10 49 9 16 25 76 28 13 31 79 13 92 10 59 16 94 60 97 97 5 6 35 31 97 55 38 13 62 31 93 88 42 28 61 64 86 73 70 49 16 52 14 4 55 49 71 16 7 32 40 5 91 85 97 61 28 49 61 76 55 98 64 7 70 30 95 2 85 70 34 92 82 4 71 67 56 80 10 34 61 71 72 98 49 52 40 28 67 24 28 16 66 85 26 52
100 3
50 10 53 28 46 97 55 2 97 57 43 13 55 2 44 58 7 45 13 1 17 7 88 67 59 27 10 70 65 25 5 79 51 59 55 70 43 31 73 62 29 52 43 94 67 35 13 67 31 5 61 28 86 37 16 5 42 59 70 22 73 88 30 13 55 92 22 92 13 50 46 82 24 19 33 82 4 43 97 17 62 34 45 44 86 32 22 8 29 46 34 44 73 41 58 2 53 73 58 35
100 3
23 27 71 61 59 35 50 83 25 29 76 30 32 68 83 23 56 59 30 4 16 34 13 47 68 76 81 40 95 45 85 31 5 85 68 31 17 14 21 82 1 57 66 14 89 35 40 53 74 80 25 71 17 50 40 70 41 81 70 79 74 71 37 67 83 83 33 70 53 53 20 68 17 50 14 65 66 90 94 26 20 79 69 31 29 50 45 94 37 17 36 56 74 68 59 56 36 31 95 37
100 2
18 77 64 27 21 97 4 70 28 45 12 68 17 68 65 21 23 86 40 58 23 97 22 40 43 83 35 81 93 74 32 55 27 7 12 4 62 76 80 83 42 84 60 56 44 65 27 25 18 42 79 99 52 12 77 14 83 37 50 60 56 41 57 72 4 31 84 62 52 12 67 90 97 33 83 54 32 71 33 66 63 30 56 16 42 18 31 69 3 27 53 5 1 16 91 21 35 60 67 97
1 3
24
100 3
13 46 46 10 11 40 46 31 79 85 16 62 91 64 13 37 28 89 16 73 75 52 97 79 40 65 98 19 83 88 73 4 97 35 31 89 37 11 40 37 16 89 22 78 76 37 1 91 31 59 59 77 7 55 22 68 11 91 77 63 46 8 58 25 31 37 52 61 97 64 76 90 21 70 52 28 67 82 16 31 79 74 88 25 25 39 35 22 68 68 43 94 17 82 31 49 88 91 37 46
100 3
71 83 38 25 47 78 39 82 53 52 26 64 41 41 31 77 62 74 59 88 2 45 47 89 93 82 38 17 17 37 65 62 26 10 92 37 95 46 41 65 95 98 2 20 44 34 29 34 80 8 47 27 8 46 96 95 72 12 50 78 68 31 35 38 20 67 5 46 22 11 19 27 28 61 26 56 62 68 45 6 12 80 91 62 38 34 23 77 71 46 29 92 35 74 67 86 32 41 52 83
100 3
19 44 34 64 46 35 49 39 40 97 33 22 33 37 42 19 23 39 37 73 96 17 31 23 97 43 13 40 16 4 40 86 62 85 36 5 10 39 61 25 25 34 43 61 55 95 49 13 33 93 88 25 34 76 18 22 34 5 89 88 27 22 43 56 10 55 84 67 34 38 46 52 41 16 80 94 97 34 95 55 29 82 43 49 31 76 5 16 85 88 97 63 44 70 84 21 46 94 85 23
100 3
74 77 85 95 56 47 72 8 29 68 74 20 38 53 86 32 94 58 98 43 53 81 41 29 50 35 49 20 32 62 94 85 14 11 91 49 98 80 58 62 32 64 39 83 14 34 33 41 33 22 81 46 62 59 65 2 8 94 8 83 3 74 74 26 43 61 10 33 49 50 28 41 77 5 26 62 80 86 42 46 32 26 3 83 94 44 54 70 17 62 49 41 76 97 53 78 58 60 83 80
100 3
43 71 91 8 92 41 1 98 2 19 32 32 50 56 43 4 62 59 73 67 32 86 19 64 10 41 58 35 85 59 85 4 31 92 91 37 20 8 25 13 59 55 61 29 46 23 67 40 19 1 2 22 22 64 89 64 23 8 25 20 56 92 49 61 56 97 1 52 67 47 56 65 73 47 56 44 8 43 89 73 88 32 38 89 17 89 85 47 62 73 64 46 37 77 49 23 62 85 25 17
100 3
16 15 43 71 15 73 50 50 86 77 96 71 91 83 92 92 41 2 82 70 2 68 28 2 13 31 13 92 70 8 13 12 62 95 80 86 86 98 71 92 8 17 7 59 71 20 2 5 83 55 4 16 4 43 67 32 89 78 68 73 56 28 40 65 98 92 53 62 44 26 92 23 13 65 45 17 11 5 81 19 17 39 22 71 13 32 79 92 71 38 88 92 50 93 78 66 4 70 95 95
100 3
1 56 8 71 38 56 56 52 56 32 7 20 32 10 14 32 83 3 47 26 22 94 54 94 86 47 65 74 41 16 41 59 97 53 62 89 75 98 11 14 68 94 88 87 35 98 19 76 80 79 74 83 29 74 1 23 56 98 5 83 44 16 93 41 62 46 47 20 57 25 31 11 18 71 77 31 44 53 75 55 23 62 11 40 89 82 83 47 65 41 41 5 34 9 2 35 71 19 75 67
100 3
29 68 31 28 74 40 52 61 98 6 53 58 61 25 22 97 23 28 26 28 4 70 91 82 61 55 33 49 23 4 35 62 55 37 62 76 10 56 54 8 28 48 54 13 49 37 52 88 85 47 55 4 77 40 71 67 73 26 83 2 46 91 52 64 37 5 5 97 22 14 83 77 91 21 5 76 22 1 13 46 46 10 32 72 47 34 74 94 76 7 4 8 73 64 79 88 58 8 2 70
100 3
14 18 5 76 59 23 24 71 42 74 10 23 2 8 23 11 65 83 22 5 59 81 85 77 69 74 2 89 71 31 14 32 47 71 64 32 41 97 95 66 68 8 35 32 77 24 62 41 25 14 36 82 27 8 60 98 74 20 23 39 65 66 67 16 32 97 2 25 41 53 23 59 17 75 45 31 5 11 32 75 58 17 56 10 29 32 77 55 53 15 6 17 11 2 31 10 47 1 2 44
3 3
35 89 11
100 3
7 78 40 4 16 78 53 54 1 35 19 10 52 10 10 40 38 98 25 37 52 44 65 64 13 40 38 58 5 91 54 97 88 52 61 73 19 56 95 15 73 97 79 50 55 91 94 51 30 43 70 37 46 65 5 39 40 46 32 9 2 11 30 79 95 73 65 55 83 73 40 52 81 85 46 85 47 82 58 95 13 86 90 51 76 87 9 19 46 83 88 60 40 34 9 16 58 1 34 46
100 3
2 32 20 26 64 88 80 29 86 47 80 10 88 84 80 76 73 11 34 5 65 53 95 11 41 77 38 49 8 64 5 5 91 50 97 80 25 86 92 59 26 65 11 11 93 31 49 55 28 6 31 46 64 85 98 8 44 41 20 59 58 11 50 57 71 56 67 31 26 79 20 40 14 73 35 88 64 95 59 85 92 1 77 55 61 61 55 77 14 91 98 76 17 11 32 43 55 40 8 89
100 3
91 77 64 19 26 83 89 38 98 25 81 43 5 91 23 2 74 62 52 87 16 68 20 68 74 94 87 73 34 59 31 71 71 77 64 20 11 40 2 17 2 56 8 92 20 46 89 77 21 8 89 76 68 3 14 25 74 4 95 87 8 83 53 77 2 10 23 28 1 83 44 20 50 52 34 26 44 50 14 17 74 67 11 83 80 89 77 47 5 98 89 15 2 62 61 19 91 5 32 89
2 3
26 53
19 2
66 70 6 87 7 72 62 33 17 9 2 33 19 96 32 21 74 18 60
100 3
74 56 38 83 8 68 17 1 60 77 69 33 95 24 8 34 50 75 35 5 26 98 47 91 92 84 11 83 5 75 59 94 32 50 65 26 74 32 50 19 38 32 23 35 10 11 59 41 56 8 5 25 54 5 14 36 2 35 88 91 5 23 44 11 32 73 53 43 20 28 20 12 11 51 56 76 59 77 80 80 32 23 87 53 47 95 98 12 23 53 69 64 29 30 59 17 47 22 11 39
100 3
76 8 68 28 26 33 82 98 5 34 59 42 53 14 79 5 20 66 77 86 29 19 58 13 47 26 98 62 61 75 68 58 52 23 78 20 35 74 13 82 49 16 95 53 29 11 32 46 74 47 1 26 17 58 29 16 94 41 2 38 2 56 33 80 48 86 86 44 46 71 20 70 68 87 26 56 17 26 65 2 80 46 98 43 38 67 2 65 66 77 41 82 38 16 21 55 80 58 80 80
100 3
69 43 2 85 94 7 54 43 74 43 93 49 2 7 87 76 16 61 25 47 32 69 1 41 17 88 19 86 31 20 50 76 47 87 46 60 24 94 43 28 28 82 37 97 4 14 25 24 43 65 18 12 25 34 55 34 77 19 5 71 88 34 80 37 16 67 14 1 16 43 63 39 79 74 8 61 94 74 31 14 67 1 37 78 17 1 86 41 10 69 7 67 18 44 20 13 67 64 68 34
100 3
85 1 57 56 43 95 32 59 65 29 93 77 29 6 98 91 76 98 28 5 92 2 89 41 32 71 34 95 8 92 61 75 81 83 59 44 17 56 40 17 23 92 53 14 94 68 5 38 45 65 68 23 23 89 76 60 29 74 44 52 23 44 83 51 50 88 68 23 50 16 59 68 10 22 98 26 47 84 13 11 86 11 25 36 94 68 88 68 95 29 61 94 69 86 88 38 20 26 16 98
100 3
85 32 62 80 77 92 35 26 1 59 11 59 86 95 17 45 20 84 38 89 64 65 87 14 61 50 11 31 62 85 29 98 60 71 86 56 73 86 79 1 55 83 85 80 5 23 49 52 43 91 44 44 39 53 50 65 40 46 59 14 44 50 77 26 59 56 8 56 71 90 94 95 80 54 53 62 5 94 47 56 77 8 83 90 51 32 60 22 85 20 14 19 97 66 42 29 94 12 79 23
100 3
7 25 67 65 37 26 40 79 73 40 56 53 85 28 49 76 22 97 10 39 67 66 59 22 43 37 40 97 34 22 88 67 67 86 10 1 67 74 74 65 42 48 20 71 94 40 83 47 85 79 5 80 57 5 85 51 55 61 54 40 52 34 16 50 79 82 61 43 55 64 80 91 40 28 22 76 52 97 12 37 66 80 37 16 74 34 52 67 43 7 93 31 19 32 58 85 34 13 79 48
100 3
28 53 79 23 49 65 95 19 61 70 94 16 86 58 91 40 34 29 88 1 73 10 38 4 52 81 55 66 97 32 19 70 84 10 76 27 55 10 5 67 2 34 95 91 61 5 34 34 16 11 28 91 41 94 23 37 49 53 2 67 49 79 5 25 86 52 19 43 2 7 41 76 52 82 94 61 31 82 60 49 64 37 61 26 5 41 94 32 74 31 37 5 82 55 72 61 14 22 44 89
100 3
91 62 73 67 73 1 83 19 44 53 34 95 70 49 58 39 31 25 73 49 40 3 15 41 28 86 68 10 27 41 74 70 62 19 1 73 55 82 91 2 37 40 43 29 28 19 57 65 97 84 93 84 65 85 19 64 22 4 11 67 9 41 9 64 46 38 60 10 94 13 14 46 86 52 77 79 52 25 90 7 78 28 76 15 83 11 52 24 41 43 16 22 61 10 31 64 71 16 85 74
100 3
47 2 13 20 16 29 62 71 9 68 40 86 76 50 8 10 23 95 71 47 96 35 89 16 68 44 32 29 70 83 59 88 8 60 14 1 44 35 59 23 61 29 13 92 33 10 80 2 95 91 93 26 8 64 28 17 41 44 74 13 91 17 26 55 83 38 77 26 33 2 65 53 87 92 89 86 5 19 79 48 67 13 5 31 32 22 25 44 14 11 8 73 41 58 47 45 89 82 55 74
100 3
80 77 82 43 32 23 4 58 62 57 11 20 85 26 95 79 92 37 32 18 88 74 38 47 26 41 28 95 7 80 58 73 38 40 68 62 28 32 98 74 32 67 65 16 76 11 47 16 38 24 14 83 48 76 90 20 80 2 56 52 14 82 85 14 77 35 26 38 8 7 19 26 92 83 23 98 80 46 50 92 88 86 43 41 38 79 94 41 92 7 4 29 74 47 34 29 59 5 77 5
18 3
89 55 25 91 17 43 83 80 3 52 8 28 89 43 56 65 28 49
100 3
64 67 76 10 30 2 2 58 67 43 43 56 56 59 90 6 91 73 88 4 67 91 35 31 77 40 67 57 4 55 21 7 91 46 38 95 31 26 5 34 79 78 10 98 67 5 71 77 58 90 46 88 40 7 96 90 29 95 93 2 23 79 29 96 51 4 37 17 67 61 32 89 28 43 23 1 7 11 58 34 70 19 61 49 94 19 26 25 13 42 97 52 7 94 49 9 29 86 22 3
2 3
76 58
100 3
64 8 68 5 92 26 8 92 3 74 23 82 29 89 30 5 40 80 94 65 13 13 78 83 53 20 65 71 86 67 83 62 71 68 95 31 2 98 26 52 35 83 74 11 5 41 46 95 97 77 38 60 17 48 77 16 74 41 47 74 17 17 5 88 4 58 34 17 2 62 46 62 56 61 37 92 98 20 5 47 56 24 21 7 62 65 4 29 85 68 67 85 79 4 78 47 29 65 18 59
100 3
41 80 55 80 26 52 6 16 91 87 25 97 76 8 79 8 27 39 58 71 67 21 49 78 63 61 40 40 29 70 1 88 95 37 92 66 86 16 14 68 53 86 92 46 17 62 74 1 33 53 35 32 79 47 61 17 83 19 38 16 5 70 77 14 8 60 71 19 71 15 77 23 32 19 8 1 14 28 55 68 74 50 35 46 25 71 59 75 47 20 65 47 16 34 29 47 89 28 14 97
100 3
62 92 74 35 9 67 16 52 11 17 94 38 71 73 23 44 10 83 51 56 26 92 83 87 95 49 96 2 11 7 11 76 40 17 91 26 26 59 98 23 97 47 97 95 77 74 44 56 68 47 62 75 76 1 92 32 61 45 66 61 50 98 22 84 77 20 35 53 32 83 68 44 91 77 73 24 23 2 10 65 5 38 23 50 56 29 59 98 59 50 19 5 50 56 32 8 32 14 59 59
20 3
82 94 89 13 34 28 59 95 43 61 2 22 12 88 98 85 7 92 31 61
100 3
11 79 47 35 44 68 14 65 74 65 26 56 29 29 78 55 11 3 95 4 58 2 26 38 17 67 41 28 65 4 74 47 13 70 48 69 29 83 10 97 97 22 23 98 92 74 49 59 88 53 25 61 95 85 17 74 92 86 92 5 87 11 97 4 89 50 95 1 41 15 88 61 6 88 4 62 17 13 67 14 61 96 79 36 32 68 8 51 4 65 27 35 44 46 79 6 61 92 80 83
100 3
74 45 82 69 20 71 47 34 29 46 34 49 5 37 52 79 73 60 10 1 19 28 13 10 19 85 97 19 4 39 73 45 94 4 9 25 82 1 23 28 64 52 44 9 96 34 75 79 11 32 4 98 74 13 97 79 10 47 40 88 84 37 19 76 76 88 31 73 19 70 80 78 64 37 61 4 79 86 11 46 2 31 19 11 25 5 83 46 23 40 21 13 64 36 71 97 50 76 44 24
100 3
82 61 5 8 37 7 37 34 60 55 96 17 71 67 34 73 59 37 33 88 98 85 62 77 95 42 25 50 62 49 12 61 76 88 17 37 61 85 5 22 1 25 43 2 19 73 71 93 4 58 10 45 13 21 19 22 76 74 67 41 69 70 1 65 52 31 77 46 13 41 53 35 58 75 74 91 49 88 58 1 19 53 25 61 79 44 67 88 73 82 30 52 2 4 76 19 89 36 74 13
100 3
79 81 71 5 16 71 38 26 62 46 88 29 47 97 85 38 55 38 86 29 94 71 49 20 89 29 37 11 41 2 94 88 25 20 74 44 29 65 43 4 55 29 69 71 17 14 5 62 82 2 68 17 7 16 38 68 68 38 68 68 8 80 41 8 52 20 76 97 82 43 26 68 48 38 5 98 71 70 59 35 79 29 92 54 83 61 63 71 10 8 43 38 74 68 17 5 20 89 20 94
17 3
83 94 8 97 22 92 92 32 2 1 97 41 8 97 11 95 37
100 3
87 32 85 67 16 40 72 11 32 64 43 59 28 58 7 18 67 49 11 62 10 81 96 91 6 13 11 44 4 92 34 19 82 19 61 49 61 34 93 16 94 45 37 58 66 64 73 91 13 92 98 97 54 90 34 97 34 79 65 86 56 35 40 56 87 13 80 85 25 7 64 60 98 82 84 37 43 57 71 77 28 46 94 52 61 92 40 73 19 43 98 71 43 91 61 68 27 73 83 14
16 3
28 43 67 47 16 80 95 76 19 77 67 68 56 26 29 4
22 3
82 29 7 34 17 73 16 46 16 61 12 9 34 47 7 4 10 32 25 13 95 4
22 3
86 45 86 40 82 49 40 85 76 79 20 61 73 78 50 56 85 46 92 94 31 50
11 3
58 71 79 86 5 41 25 16 64 80 12
19 3
26 10 96 50 19 46 5 36 94 10 82 50 14 59 58 50 94 14 63
2 2
31 5
100 3
66 22 2 54 29 83 29 23 93 14 86 84 14 76 41 47 62 43 75 77 11 83 2 74 61 55 74 65 86 29 62 80 98 96 46 7 62 91 68 87 50 38 77 65 74 43 77 48 2 55 51 14 20 71 25 23 16 59 67 5 98 8 26 97 13 55 44 80 47 40 6 13 70 43 20 58 2 33 95 58 86 86 84 9 49 27 80 71 38 78 91 41 79 65 28 38 63 28 86 77
100 3
70 88 10 5 88 61 34 1 61 68 4 77 60 43 80 8 25 42 4 58 22 82 30 50 25 19 70 25 73 49 58 97 1 11 55 91 38 52 88 37 97 77 40 50 23 82 13 31 46 28 63 82 17 58 10 19 92 79 63 64 35 17 43 85 6 40 85 76 28 77 73 73 76 73 43 19 85 70 41 10 22 16 54 49 67 53 70 53 7 7 15 8 16 67 19 1 10 16 71 91
100 3
58 41 89 89 59 14 29 8 2 65 15 31 98 11 40 80 91 85 16 13 33 73 62 67 13 89 82 33 29 19 20 95 28 2 29 19 74 47 32 14 47 17 94 68 62 23 40 40 24 53 80 96 55 5 67 22 41 50 47 98 53 20 5 68 44 98 22 64 98 20 5 21 17 53 92 71 20 81 1 74 59 62 13 50 38 14 76 87 58 53 14 53 44 29 74 75 76 86 65 72
1 3
64
100 3
35 71 83 54 97 13 1 35 2 76 80 32 39 2 2 73 56 19 8 23 70 5 80 29 41 71 36 17 86 6 14 56 4 29 46 14 17 5 89 26 64 56 65 57 11 34 8 47 65 89 73 62 10 28 38 34 92 47 90 80 80 83 68 56 38 21 14 17 55 67 44 79 38 75 56 38 28 49 59 14 14 79 35 19 71 25 38 29 98 26 23 73 50 49 40 98 92 52 2 40
100 3
40 55 97 91 70 78 19 5 11 55 22 35 1 92 79 46 53 25 17 56 1 74 68 4 22 88 46 25 86 88 94 44 70 46 19 82 70 46 40 4 8 69 67 89 7 85 97 62 91 82 55 16 47 85 31 43 12 69 73 52 7 40 43 10 26 51 64 89 37 87 94 67 31 41 94 58 19 97 85 44 76 76 28 55 20 14 59 64 4 1 12 22 11 37 97 37 79 52 82 16
17 3
92 19 8 37 76 70 13 44 5 92 69 56 78 92 28 82 77
100 3
28 59 32 35 17 18 74 2 97 2 27 89 50 10 5 5 11 93 4 84 29 82 83 89 71 86 17 57 62 89 98 8 2 14 94 68 97 12 53 50 2 41 31 56 98 20 25 53 19 19 88 68 47 11 83 35 32 31 71 25 50 4 76 31 79 67 33 20 85 89 77 31 23 11 44 15 51 42 56 76 62 50 47 80 98 71 31 98 52 46 1 41 38 40 20 26 55 1 5 58
100 3
22 80 70 36 2 1 77 85 37 5 1 74 28 75 2 84 65 40 54 77 97 46 7 34 73 10 80 40 64 38 79 80 46 33 92 2 71 83 85 98 34 37 20 34 88 67 34 64 31 43 37 40 66 12 50 43 58 19 10 97 79 97 16 76 22 43 64 31 98 76 44 85 76 88 35 6 94 6 18 89 40 13 64 10 98 60 37 77 79 64 67 13 84 16 34 97 1 13 35 46
100 3
71 77 65 5 74 83 26 77 14 5 58 11 17 86 10 47 34 53 36 50 89 80 8 43 15 32 53 2 97 98 73 47 41 38 57 24 29 60 38 89 53 20 57 74 53 62 81 62 46 92 29 38 80 17 22 5 5 25 38 29 49 96 71 32 59 39 98 92 62 82 86 44 7 82 37 86 34 71 76 80 53 70 95 95 7 94 43 47 17 56 61 55 65 69 89 44 53 39 74 35
100 3
19 43 92 62 38 98 76 57 35 71 47 77 57 56 19 56 14 5 5 4 83 50 58 41 59 23 41 5 89 91 67 24 49 67 33 93 84 88 71 11 64 91 14 95 76 26 20 44 95 53 95 34 26 34 15 44 26 2 26 41 25 24 59 89 47 26 19 66 68 83 79 44 5 95 40 29 26 96 32 42 38 34 14 18 65 47 23 86 71 43 51 63 41 86 90 98 41 50 49 25
100 3
29 5 17 51 47 83 83 47 46 29 65 56 44 58 98 26 65 79 70 65 47 37 86 67 32 14 95 80 57 44 13 62 17 34 79 62 17 73 32 77 65 62 46 70 91 13 20 89 80 10 98 1 7 20 8 5 26 65 89 21 60 32 1 71 64 52 43 76 84 38 47 90 38 41 78 43 65 47 86 34 32 2 56 91 50 80 11 23 59 70 52 95 81 79 2 78 73 26 67 19
100 3
58 16 72 77 8 91 68 88 41 57 43 94 38 52 46 70 63 56 49 26 38 1 50 25 68 97 85 60 41 37 26 7 88 81 19 29 97 88 82 94 37 4 64 15 34 73 52 77 34 33 86 38 23 65 13 40 58 54 85 35 26 91 6 1 79 28 60 57 1 2 98 64 94 49 52 26 55 39 77 19 70 43 49 56 86 35 88 64 85 20 68 4 41 73 16 67 56 29 94 52
100 3
35 74 13 19 44 20 1 41 25 43 70 64 16 88 28 42 92 52 23 28 19 28 67 7 97 10 5 45 13 53 98 37 1 64 50 55 43 36 4 64 43 76 82 11 83 13 10 92 46 96 55 78 85 63 88 43 28 31 56 51 17 25 47 91 52 19 58 10 76 10 55 18 79 74 80 6 61 10 58 73 68 13 94 58 88 92 31 94 15 62 4 65 72 38 11 8 88 23 14 40
100 3
62 8 30 98 63 32 92 92 89 74 50 81 56 24 61 10 50 62 73 21 2 86 2 38 2 86 62 38 91 34 43 59 77 55 64 48 5 77 83 61 44 85 50 71 11 5 54 74 47 82 74 18 91 59 14 59 92 96 40 35 90 5 50 44 46 4 28 14 49 65 14 88 82 14 25 26 89 41 29 1 30 83 62 64 42 5 87 77 41 68 34 52 62 98 56 29 36 58 17 20
100 3
4 31 4 63 26 26 34 16 5 27 66 94 40 87 65 53 40 40 43 11 94 71 16 11 70 76 30 92 8 19 28 43 27 70 20 71 76 10 75 32 18 67 34 19 16 22 30 45 70 34 51 52 79 59 1 49 59 40 59 25 85 82 86 49 42 5 76 45 52 22 7 70 88 73 30 48 70 70 58 49 19 8 37 16 73 82 1 72 76 92 37 75 7 28 64 48 3 31 10 4
100 3
36 46 85 74 37 16 38 44 32 77 73 61 44 97 29 15 23 32 28 71 40 29 76 28 56 96 76 31 25 49 61 62 52 95 10 35 34 35 23 24 82 37 58 80 85 55 76 13 22 17 28 70 55 76 28 80 16 79 64 73 31 80 85 98 55 33 33 19 7 58 55 96 30 64 55 48 31 17 95 13 19 38 16 29 43 34 49 12 97 80 19 82 56 49 73 46 44 43 79 79
1 2
26
100 3
38 26 33 27 5 17 58 48 44 17 98 61 70 53 49 90 59 88 62 35 74 23 65 83 8 58 35 35 74 37 68 86 80 79 35 8 74 5 68 33 49 59 62 55 55 97 52 71 97 28 26 44 94 97 97 20 11 20 74 86 95 45 94 81 89 5 37 35 88 43 20 10 83 75 24 1 41 18 38 5 8 93 22 85 67 35 59 86 84 32 38 29 70 38 65 49 70 97 76 35
