100
4 3
4 5 6 4
4 2
4 5 6 4
3 3
1 1 1
100 3
77 62 27 29 91 78 62 53 95 80 73 39 47 23 58 80 64 28 25 23 74 76 64 8 13 56 50 8 26 35 77 76 96 98 29 92 41 83 87 19 40 74 47 78 89 17 86 26 83 79 98 37 98 11 34 25 98 44 1 38 2 47 10 14 86 16 25 32 50 31 89 95 11 65 29 96 92 62 11 67 89 94 17 74 14 29 5 49 55 70 70 89 14 93 31 15 89 59 73 7
100 3
28 70 85 25 46 7 54 71 46 28 28 91 90 65 77 40 4 73 58 28 23 45 19 68 86 10 57 55 91 59 91 53 96 52 97 34 61 40 7 68 37 53 74 82 26 53 19 37 43 1 61 31 64 55 25 77 94 52 56 34 7 10 28 67 4 27 61 70 10 21 32 83 67 4 58 40 79 8 14 62 91 94 55 7 52 43 22 3 43 28 93 65 73 55 40 4 58 68 34 13
20 2
86 39 1 64 85 89 21 18 24 32 34 28 53 64 38 67 46 91 95 4
100 3
70 58 77 11 32 32 73 67 25 31 7 46 83 67 17 38 56 55 56 85 55 80 80 70 16 47 28 58 14 97 22 2 67 62 28 1 86 95 82 5 7 19 14 58 29 65 92 95 77 68 34 59 52 38 52 59 7 35 37 68 17 91 76 95 85 49 23 67 59 40 35 65 97 77 19 46 31 25 89 56 34 70 76 86 65 41 41 91 62 95 47 88 70 89 31 97 70 98 95 11
100 3
79 8 5 89 7 62 64 80 19 88 13 29 58 60 26 15 79 3 79 46 81 16 8 77 76 91 22 85 10 26 70 92 97 16 7 77 46 20 75 97 23 76 88 91 86 63 82 53 49 98 89 5 23 35 28 43 5 74 2 26 49 76 34 8 32 69 10 64 21 32 51 55 82 82 55 5 70 37 91 2 33 2 50 98 60 19 68 11 16 31 22 16 97 67 16 73 89 29 56 16
100 3
75 14 38 83 54 80 58 5 1 11 44 92 82 5 84 18 61 16 41 19 21 73 97 5 7 61 6 98 26 94 46 5 73 17 26 52 13 7 76 89 38 35 29 89 35 16 5 77 17 6 77 49 86 14 62 49 19 32 5 72 74 58 85 5 74 53 8 41 96 14 38 41 8 16 97 59 44 32 68 44 9 92 75 32 44 3 26 17 56 71 83 5 58 77 26 56 59 26 80 67
100 3
69 17 38 53 65 22 70 23 15 40 42 84 83 23 89 17 19 83 72 22 81 55 77 65 34 52 71 2 20 80 25 8 53 28 72 7 92 20 70 29 91 32 20 77 74 46 90 63 62 89 44 5 75 66 74 50 49 37 62 92 59 89 44 81 59 31 80 45 59 91 47 12 2 83 86 59 44 41 71 56 7 80 35 52 46 41 29 43 41 47 14 53 17 80 38 77 56 28 14 47
100 3
16 36 31 86 71 82 2 22 74 49 98 61 86 95 62 29 44 14 54 29 44 13 29 77 79 42 35 53 56 65 47 1 45 67 70 91 31 94 92 98 77 19 57 31 17 37 98 66 70 2 65 11 19 31 74 40 38 23 58 85 8 14 71 83 23 73 48 50 20 85 16 8 13 26 34 43 82 45 83 10 41 26 67 63 38 2 62 17 38 42 49 29 76 1 59 65 30 98 36 70
100 3
80 14 71 16 83 98 56 62 43 86 61 66 92 23 74 58 81 89 1 35 70 86 87 57 35 89 53 17 59 17 80 5 8 62 91 89 52 8 14 68 20 33 73 5 11 44 32 33 1 84 5 98 80 65 38 57 74 65 63 85 88 65 83 98 33 71 2 74 30 24 95 77 5 81 81 17 62 41 95 41 74 41 35 77 86 98 20 11 70 23 25 43 85 40 88 94 50 25 50 14
100 2
74 60 16 67 39 76 75 28 47 24 81 69 18 79 84 84 10 15 48 79 72 13 57 46 8 50 8 61 46 58 71 31 62 84 77 92 32 30 21 79 73 47 59 29 58 72 60 89 91 14 65 92 21 54 88 20 27 83 87 42 91 29 18 50 3 76 75 26 37 70 36 99 34 57 12 46 83 46 55 72 76 91 63 69 9 83 6 91 21 17 47 12 62 30 99 28 47 90 31 39
100 3
10 5 78 86 54 19 82 21 5 7 61 11 1 46 94 85 91 55 37 70 46 8 13 76 6 49 9 1 94 50 94 94 63 13 5 53 64 9 70 87 15 22 92 68 65 85 40 40 34 95 17 53 97 14 42 35 52 77 58 85 19 6 28 55 34 71 67 40 4 70 80 65 55 4 19 64 64 96 85 74 44 28 61 46 97 40 85 86 30 61 82 63 58 79 68 78 52 86 67 37
100 3
25 84 29 14 44 94 86 85 25 13 44 94 71 34 44 50 68 80 31 5 65 20 44 1 17 47 91 77 38 16 13 90 23 92 80 17 43 62 92 33 69 20 65 25 17 53 98 19 52 36 91 14 92 79 47 38 5 45 11 68 63 89 89 19 47 62 39 92 68 92 1 1 35 25 5 23 56 8 38 32 5 4 29 70 49 14 63 76 19 73 2 11 37 32 28 89 50 77 35 12
100 3
82 40 22 79 98 24 79 7 10 93 97 19 13 42 16 16 46 4 70 10 13 73 4 75 78 31 66 10 65 58 34 42 31 82 68 81 19 64 52 93 26 72 73 4 80 7 4 34 25 79 22 82 38 24 29 19 85 88 82 43 92 85 37 11 79 98 36 38 95 52 88 31 37 91 23 88 40 7 68 76 59 34 44 71 74 61 86 16 25 46 46 4 56 26 22 62 25 91 68 91
100 3
89 50 22 85 94 78 7 2 8 52 67 68 34 65 49 65 33 61 79 58 10 69 1 91 88 56 36 73 79 13 85 82 9 50 26 19 49 31 82 40 55 20 73 61 80 22 16 50 92 79 19 40 62 85 70 76 82 44 97 39 62 76 86 64 16 29 46 4 94 49 46 61 20 64 88 18 61 73 79 53 67 9 4 74 76 83 88 16 25 90 91 40 5 32 46 42 91 1 61 85
100 3
62 58 4 83 13 10 86 67 83 45 40 6 61 10 98 19 11 82 92 91 30 36 34 70 42 43 73 19 78 34 90 2 90 67 10 92 31 13 52 97 37 16 37 88 5 7 94 28 2 79 58 32 25 89 22 89 17 5 17 58 7 37 7 85 56 41 92 15 20 52 80 19 13 24 52 21 40 64 17 55 47 83 7 2 76 53 70 83 77 22 49 70 91 19 82 1 13 37 52 92
100 3
56 11 79 76 77 28 21 69 25 5 82 14 29 71 77 14 35 77 19 8 41 32 71 50 88 14 11 82 32 93 68 78 82 43 14 44 89 66 9 79 2 4 37 74 17 47 32 61 64 48 58 40 17 73 95 44 27 43 67 22 19 95 38 35 49 71 75 45 41 34 64 52 29 28 37 2 14 34 53 44 79 89 91 14 38 80 56 56 22 54 77 59 37 5 71 39 75 22 67 96
1 3
4
100 3
73 10 1 29 85 34 67 92 9 10 47 80 36 40 94 21 37 94 20 49 55 68 6 28 93 82 23 10 85 70 58 24 61 85 77 49 74 42 75 43 40 74 50 86 13 4 52 64 7 34 48 71 37 26 31 11 10 56 71 62 14 8 53 50 65 34 49 14 52 78 56 94 34 26 98 46 57 49 23 58 93 65 79 35 14 4 64 25 34 43 64 20 1 4 50 31 53 14 67 67
100 3
55 13 94 91 85 73 10 91 11 73 79 12 40 29 64 67 6 19 53 50 12 62 12 9 55 46 55 28 71 46 52 57 63 69 9 28 70 7 91 79 49 65 52 49 54 97 81 7 73 63 42 27 89 91 85 88 30 65 13 83 77 68 61 43 67 15 10 94 63 82 18 45 85 73 49 82 55 75 16 67 67 8 91 76 25 32 72 62 29 46 85 94 35 74 49 88 46 82 16 82
26 3
59 31 55 22 7 18 29 24 25 65 25 79 82 70 13 55 11 45 59 46 88 8 71 31 31 4
100 3
41 83 47 4 41 77 61 68 41 62 85 14 8 11 89 5 1 44 56 96 37 46 30 86 65 32 42 8 11 50 10 17 65 88 41 77 74 26 17 53 29 37 97 82 74 65 80 95 52 92 98 62 98 2 31 81 35 91 14 59 38 53 79 23 28 86 26 97 35 60 40 21 52 4 97 32 92 47 98 83 80 86 73 17 59 29 13 79 95 37 17 1 17 44 38 86 62 39 50 94
100 3
49 88 70 80 82 70 49 61 61 26 22 29 42 13 34 45 1 66 32 10 49 69 34 52 32 82 95 25 15 64 89 79 16 40 39 1 20 7 52 55 20 82 43 10 41 5 17 13 8 86 85 7 88 98 31 38 82 61 58 22 89 71 34 86 61 70 71 91 23 47 43 77 10 25 64 79 4 3 63 64 4 98 38 52 13 40 97 28 33 31 11 28 34 41 46 76 59 79 67 26
100 3
67 1 8 15 94 74 38 57 37 56 4 43 94 28 31 94 7 34 86 76 35 74 8 73 1 40 37 31 94 66 71 40 55 55 82 19 37 68 70 76 85 84 64 89 8 1 13 1 23 78 2 92 57 25 25 56 70 26 43 17 58 35 79 28 21 29 34 31 82 70 88 98 46 76 24 61 47 76 31 56 8 44 25 52 8 7 85 31 53 67 53 76 19 30 70 95 10 91 68 9
17 3
7 7 92 21 58 10 57 32 82 20 64 96 38 62 53 8 13
2 3
5 71
100 3
95 79 9 5 72 43 75 70 59 92 17 62 59 8 51 97 33 92 47 52 41 75 44 58 47 37 44 5 47 7 14 5 13 44 67 11 94 61 35 72 52 75 95 80 53 54 61 85 7 89 68 28 83 9 83 49 75 56 32 83 17 35 29 80 4 31 67 47 1 52 80 46 98 13 38 71 96 71 91 70 68 38 77 53 70 14 8 47 74 56 20 86 23 98 1 35 29 2 80 20
100 3
16 38 2 11 51 95 89 43 72 67 29 12 8 98 23 42 37 28 79 27 25 79 61 50 50 5 65 77 6 95 89 32 38 53 2 92 20 73 86 23 73 3 5 28 16 97 86 73 92 35 16 17 25 98 71 79 77 17 37 23 18 35 74 79 67 80 73 8 80 26 63 14 35 53 48 29 94 23 14 65 40 95 14 32 83 57 82 19 4 94 89 41 88 89 98 80 41 49 47 45
100 3
70 86 8 64 11 65 2 82 32 23 6 50 20 52 86 50 41 56 71 86 88 14 17 91 80 28 23 20 76 11 89 13 22 15 68 41 95 58 29 71 20 14 28 77 19 70 77 37 65 85 89 71 59 38 85 54 17 68 75 74 23 13 89 61 62 43 32 44 17 47 2 34 98 20 33 17 68 95 87 42 82 83 34 56 85 2 58 39 14 5 62 68 17 89 46 26 7 19 68 53
17 3
41 61 41 67 92 47 70 91 49 31 94 86 61 89 1 46 32
100 3
83 19 17 40 50 26 41 25 59 2 83 37 32 19 68 65 17 11 98 88 26 77 79 25 44 13 10 83 62 70 7 95 38 97 82 7 32 55 86 19 35 17 71 10 8 85 71 79 80 8 35 82 8 53 92 82 82 53 2 70 82 14 80 34 11 5 26 74 29 97 85 53 47 94 55 26 46 98 10 40 5 82 94 71 10 29 13 83 4 5 50 86 73 40 52 82 91 23 34 19
100 3
34 32 17 23 61 53 54 13 45 55 82 97 18 75 67 33 2 3 86 29 53 62 67 78 26 31 90 52 96 51 59 67 2 46 85 73 88 72 10 15 72 54 94 65 92 26 57 20 79 68 4 5 64 98 75 75 19 73 20 9 62 71 78 43 92 27 17 4 1 36 23 33 94 49 23 33 18 21 78 10 94 2 11 16 94 93 65 24 11 36 9 7 28 11 22 42 2 36 65 15
100 3
14 16 59 11 39 33 65 34 92 62 39 56 83 8 90 41 87 65 49 11 56 7 58 4 56 81 71 38 43 86 88 31 3 96 43 26 59 14 88 62 98 44 15 76 14 77 41 55 62 68 56 26 62 86 89 62 71 2 1 44 32 86 67 29 84 74 55 92 23 82 13 95 19 17 50 41 2 71 35 82 32 79 62 23 73 31 93 47 8 32 77 47 2 14 13 76 26 44 5 35
100 3
22 55 22 89 29 94 83 41 20 67 34 50 21 13 97 47 61 40 79 34 88 88 93 28 37 19 11 37 1 88 22 98 39 76 67 95 46 76 80 4 52 91 65 97 13 1 70 58 44 17 62 64 74 89 7 10 53 42 64 73 32 43 71 40 22 92 9 11 23 49 66 58 31 25 7 88 46 14 40 29 34 7 82 64 67 85 46 56 28 10 8 94 94 85 8 13 88 79 53 96
100 3
2 34 73 45 75 37 19 31 53 40 26 63 2 52 4 71 14 76 31 59 1 92 4 90 29 7 86 33 94 64 65 23 64 61 22 91 82 1 14 94 71 8 33 58 64 97 34 82 28 93 22 12 76 61 16 67 34 75 92 79 85 53 1 25 28 40 16 28 42 7 70 79 70 55 56 41 84 67 10 61 91 67 28 97 25 7 34 48 53 85 58 49 58 70 4 52 26 2 76 19
2 2
65 11
100 3
54 86 24 98 55 1 94 7 25 5 5 21 92 38 95 5 59 35 65 49 47 73 71 19 77 74 52 89 49 47 96 35 22 86 44 8 55 95 95 26 40 45 68 65 21 52 77 17 7 86 17 68 4 20 35 43 80 11 48 81 29 62 77 38 62 82 59 57 92 16 85 23 62 43 97 82 26 8 43 77 52 53 79 61 97 91 46 74 84 98 35 6 34 65 74 65 58 34 22 46
24 3
92 80 5 47 10 67 90 67 95 62 23 55 62 70 85 98 56 98 26 7 41 71 65 17
100 3
49 61 82 62 76 69 22 91 97 68 13 50 37 57 60 10 53 34 16 7 49 40 20 35 5 70 85 34 59 28 76 19 29 64 85 5 58 19 77 67 29 29 37 25 43 67 40 32 52 4 32 7 43 55 29 30 43 13 15 43 16 43 48 46 70 49 94 26 7 1 88 63 67 65 76 85 16 59 34 29 10 16 94 28 49 77 4 91 70 76 35 63 19 73 38 68 33 67 84 22
100 3
34 82 80 95 47 89 49 18 77 14 63 75 61 88 63 67 57 94 97 49 7 16 55 2 91 70 1 86 11 26 76 28 18 64 19 32 28 7 1 19 85 97 74 35 49 68 40 94 79 82 73 85 29 94 74 20 79 26 1 79 85 38 88 66 85 73 50 85 44 58 31 76 48 70 13 83 31 53 97 31 78 16 51 37 16 58 10 85 67 92 70 50 8 10 75 47 76 40 28 50
100 3
40 93 92 98 45 74 72 98 48 68 11 65 75 49 8 92 35 56 95 13 14 5 64 28 68 8 41 35 98 76 37 56 67 96 30 23 14 56 58 44 31 83 98 31 32 68 85 53 45 52 11 56 6 16 38 83 71 19 85 62 92 11 92 42 26 44 92 91 43 41 98 14 56 20 37 41 22 32 36 20 25 29 17 50 62 5 98 56 68 92 80 35 68 28 53 74 17 95 50 29
12 3
53 6 17 53 70 49 8 94 55 85 61 62
100 3
65 60 80 34 50 74 44 4 29 17 86 98 14 47 20 50 50 86 74 58 43 13 89 39 47 71 7 77 59 29 62 27 91 94 32 53 21 78 34 46 44 47 92 44 26 21 83 32 1 80 37 1 92 1 32 95 75 52 11 13 47 77 50 23 46 53 65 74 83 31 31 8 53 73 58 86 11 71 44 14 79 65 88 44 95 86 38 26 25 10 50 56 38 20 76 5 40 74 46 58
100 3
56 32 34 27 13 32 13 11 23 31 8 19 34 61 31 97 79 31 35 30 49 25 92 41 94 19 38 7 71 55 78 10 74 40 82 89 77 10 64 72 59 16 52 19 18 87 22 63 21 11 70 25 98 61 43 96 79 34 28 4 46 36 84 68 47 85 70 26 74 13 85 13 43 65 5 1 14 2 73 22 13 58 37 43 11 8 13 18 97 91 81 10 22 98 22 70 10 71 83 17
100 3
22 97 4 95 98 73 49 43 62 86 28 75 47 58 44 55 25 20 2 86 67 94 85 43 91 55 2 55 76 97 43 83 37 38 52 67 37 82 34 7 55 34 88 64 92 46 9 95 19 50 77 23 1 70 82 67 2 70 7 32 29 41 79 15 10 47 52 74 18 97 21 32 89 39 37 2 49 56 95 10 43 61 77 83 4 17 16 94 6 16 44 85 8 61 31 33 4 25 95 17
100 3
92 91 20 5 89 41 43 55 77 52 81 5 33 47 79 35 89 17 35 69 76 85 65 68 83 76 23 47 72 92 53 80 23 5 78 53 86 62 91 30 14 73 38 59 80 83 35 97 61 2 73 58 43 60 20 9 59 62 17 88 26 56 35 77 62 98 77 86 74 13 5 47 51 98 83 52 79 81 1 31 21 91 75 32 34 60 88 38 51 66 74 68 56 80 97 68 2 11 76 7
100 3
32 40 20 17 92 14 95 37 50 7 62 59 42 53 66 71 86 71 5 56 53 2 95 83 61 53 56 62 55 83 35 26 48 50 80 94 73 29 62 59 19 97 38 71 86 77 92 38 79 23 44 8 11 95 2 55 95 35 44 65 70 53 77 47 43 92 74 35 17 36 9 17 40 6 62 80 29 28 10 8 10 40 7 47 80 25 23 20 61 46 67 69 94 77 95 5 80 82 14 65
2 3
70 34
100 3
12 93 4 58 86 14 20 43 58 20 34 37 55 88 80 49 4 4 28 28 79 55 92 36 22 89 71 80 53 70 96 13 77 26 16 70 15 70 12 31 15 52 19 21 70 22 34 76 86 73 44 89 89 76 62 32 51 89 29 43 13 13 33 37 36 74 50 38 52 22 85 22 73 70 31 31 70 64 85 92 94 48 37 85 16 67 10 26 85 34 52 44 94 55 7 13 76 31 64 65
100 3
40 44 63 33 34 79 52 53 62 43 22 16 29 43 24 34 22 19 64 61 49 31 38 12 40 71 49 53 22 82 17 61 26 91 55 24 70 64 37 13 46 65 95 97 81 25 28 79 52 5 28 43 58 11 74 13 73 85 92 7 85 49 79 29 52 1 41 64 6 43 49 31 61 70 41 56 87 22 52 55 52 35 43 11 71 23 43 13 22 73 70 83 54 23 42 13 10 65 71 29
100 3
34 56 61 19 58 50 71 41 85 37 94 55 34 7 51 3 46 7 34 39 28 41 10 15 93 86 77 35 91 25 98 97 61 4 73 10 97 35 26 73 9 38 96 40 92 15 58 74 87 10 13 67 13 33 70 70 19 2 44 77 2 91 48 13 62 97 7 26 43 27 20 10 42 7 37 35 30 43 26 91 36 53 74 94 34 85 7 5 1 43 28 12 13 94 26 49 4 5 5 31
100 3
49 69 46 62 1 92 41 81 97 97 46 70 73 44 67 19 53 73 50 91 37 67 97 41 32 25 97 70 97 41 81 88 32 13 16 64 85 53 83 39 82 4 68 15 7 50 70 94 43 34 9 56 28 31 65 43 10 64 67 58 56 67 65 33 7 8 10 50 7 88 40 43 2 80 1 93 52 31 85 79 62 38 31 52 55 37 78 77 4 2 16 81 49 9 72 58 49 88 64 94
14 3
73 53 1 19 52 86 31 52 71 47 8 65 13 68
100 3
40 89 66 89 34 38 26 20 50 11 56 84 98 60 56 43 32 62 46 71 11 89 53 71 68 20 44 95 44 65 2 14 92 86 14 44 98 71 60 14 17 28 14 28 71 9 46 73 70 74 59 82 77 66 39 82 11 5 20 96 32 32 11 98 79 43 11 52 92 56 7 68 16 92 62 35 95 47 98 19 4 3 25 79 94 47 64 26 8 58 95 91 1 34 26 97 52 26 14 77
100 3
23 93 34 27 31 86 31 85 13 57 70 5 71 78 32 23 60 13 25 57 12 33 68 55 94 2 13 43 3 16 80 41 60 19 55 1 60 73 1 59 76 47 28 47 85 49 83 65 46 86 55 61 68 53 7 7 37 82 79 63 89 37 1 10 1 77 17 11 58 68 64 61 34 44 91 28 33 5 16 41 60 58 1 13 88 31 89 37 70 35 68 15 19 76 26 23 19 21 95 46
100 3
29 41 79 95 46 89 26 14 83 2 74 61 80 40 53 70 14 14 77 68 1 44 35 57 55 40 64 83 83 10 47 95 12 85 52 97 36 81 26 34 26 62 17 40 62 22 24 2 41 71 69 13 16 55 86 94 20 95 35 7 71 77 84 49 97 56 44 71 14 92 86 11 23 38 83 32 14 89 23 22 83 41 74 98 26 46 3 11 47 16 98 18 47 65 50 22 17 59 50 62
100 3
2 44 50 86 76 59 98 14 58 35 34 32 44 17 24 45 67 47 65 38 98 80 5 89 44 47 64 29 98 29 92 8 68 92 36 80 15 12 38 23 8 57 5 9 40 59 14 40 74 90 71 35 59 11 86 59 29 95 77 4 77 55 86 40 35 22 49 29 44 92 5 15 17 29 77 32 2 50 35 7 76 16 58 79 26 45 47 80 79 47 11 44 18 74 38 8 68 58 79 51
14 3
34 9 26 4 59 62 20 53 58 72 94 2 37 93
100 3
91 71 8 17 7 32 44 51 83 61 89 80 5 23 92 89 56 40 80 80 57 79 92 38 14 14 20 62 74 53 44 28 68 55 37 42 49 50 94 85 44 17 93 17 22 83 35 85 58 11 8 8 32 13 94 62 54 98 59 83 47 2 39 38 62 11 86 17 49 7 93 51 29 7 68 92 1 89 7 44 53 20 39 11 38 72 68 16 1 90 35 65 65 93 53 47 80 89 95 88
17 3
82 43 89 49 4 57 5 65 10 89 46 67 8 14 85 61 31
100 3
56 80 40 22 4 47 14 70 64 91 31 73 25 35 82 64 37 88 24 67 73 22 16 7 91 39 79 17 34 41 24 62 11 4 49 88 61 16 88 26 83 13 73 84 72 67 85 61 52 91 22 32 70 37 47 91 66 8 70 53 94 94 23 4 9 73 82 75 1 14 7 13 52 1 53 26 78 4 31 55 4 10 84 34 89 79 11 52 54 10 68 10 6 7 42 58 91 22 71 61
1 3
95
100 3
3 1 50 46 22 16 80 58 9 5 52 37 7 40 22 91 73 26 1 70 78 8 78 45 5 58 86 52 49 34 64 20 88 37 72 65 28 70 28 43 22 88 25 17 91 7 34 59 40 94 91 16 2 82 43 11 79 16 79 27 1 98 23 94 55 7 12 70 17 43 88 38 82 41 52 17 73 33 91 34 37 12 54 46 1 7 20 78 25 85 76 61 53 88 28 13 13 28 46 88
11 3
70 31 40 68 32 41 50 37 19 8 85
100 3
42 20 1 53 33 46 82 83 69 77 47 9 82 76 28 28 5 10 36 95 74 19 25 50 92 50 68 11 68 29 74 92 64 71 76 20 64 2 14 5 34 74 98 65 74 80 5 73 25 55 23 32 5 88 20 50 76 14 32 5 1 39 10 95 97 96 10 71 44 51 29 7 89 85 29 98 10 46 98 11 86 70 44 1 22 50 58 5 70 5 71 4 67 26 2 86 38 40 87 98
100 3
80 89 38 98 73 41 91 37 62 14 36 67 45 38 54 62 41 86 92 32 52 23 15 8 37 98 67 14 76 89 74 11 35 73 46 95 50 39 32 98 16 14 2 97 23 83 92 31 86 4 34 14 89 59 31 14 83 26 97 18 50 23 80 4 17 36 58 8 91 92 13 20 32 2 64 88 15 3 80 16 41 83 31 60 95 65 50 50 74 41 41 71 47 68 52 57 23 77 64 2
24 3
83 95 5 55 23 56 19 2 83 16 10 5 98 91 77 23 35 59 23 62 13 40 44 14
100 3
77 38 98 98 85 63 35 54 33 38 74 29 17 44 88 20 38 71 1 28 25 89 65 23 77 72 64 20 77 98 74 42 50 17 32 29 37 43 53 47 43 38 68 41 74 41 16 62 58 2 59 11 83 74 29 80 56 22 22 53 28 98 66 61 8 50 36 13 73 17 65 70 14 23 83 61 86 41 30 90 40 17 5 80 53 25 6 44 67 66 98 89 67 95 80 92 81 60 55 95
100 3
10 10 25 72 82 37 8 11 46 38 13 53 25 6 25 80 27 89 67 70 23 5 1 65 94 49 49 88 88 76 82 82 45 22 94 37 47 43 77 64 34 49 37 91 51 73 39 25 31 59 22 69 78 16 76 18 34 26 10 52 27 1 94 43 26 87 48 71 35 46 98 13 59 92 94 13 4 74 6 70 35 56 7 92 70 76 32 85 61 19 13 4 54 10 79 31 46 17 34 70
100 3
70 64 6 79 12 23 20 13 35 43 60 65 37 56 77 36 17 29 78 88 63 26 35 93 23 35 34 23 11 17 65 8 28 92 65 41 14 1 26 80 8 23 62 43 5 59 59 32 14 64 11 38 44 1 32 50 86 13 29 72 68 35 44 64 31 87 44 51 92 39 44 59 13 81 5 7 81 14 34 47 49 73 41 16 33 89 73 32 74 5 41 25 8 9 37 38 13 78 14 44
100 3
96 7 85 49 5 41 96 19 74 79 82 73 55 19 1 74 30 79 53 37 11 80 97 34 86 55 40 86 55 61 8 38 14 30 35 52 38 80 43 49 86 46 25 26 49 62 92 13 11 73 45 83 61 64 34 37 28 95 37 7 8 37 16 61 20 28 12 40 43 36 46 44 65 55 10 4 77 89 51 85 37 92 13 79 1 39 28 77 8 4 82 4 75 72 38 19 82 97 45 86
100 3
31 10 37 71 15 23 39 37 44 35 24 26 53 10 14 85 35 5 29 43 97 58 79 35 82 90 64 32 58 32 50 37 49 7 53 10 27 7 73 8 86 13 75 2 50 89 55 4 91 67 46 16 55 1 48 11 29 70 19 67 67 42 1 82 59 13 38 89 16 67 61 81 46 61 46 67 97 56 23 32 82 34 67 73 28 58 76 56 53 73 88 67 33 85 86 82 41 4 76 37
1 2
7
3 3
71 92 2
22 3
84 11 46 55 10 14 69 57 54 76 37 76 53 2 49 43 61 29 76 64 22 3
1 3
57
100 3
10 56 47 17 5 95 80 79 1 77 32 77 14 55 71 20 41 43 37 71 89 12 38 73 35 18 51 79 25 89 56 73 29 6 82 8 65 82 26 23 89 89 4 26 64 89 23 73 79 52 33 68 26 50 86 23 86 51 68 1 52 8 26 11 68 64 46 98 43 70 2 23 5 22 97 20 89 82 97 6 7 41 62 86 10 29 17 76 50 89 50 71 65 34 67 94 29 23 91 22
100 3
65 52 1 40 10 61 43 46 31 79 13 88 60 61 79 7 43 73 65 43 76 98 19 63 46 64 63 73 83 26 19 88 16 25 20 13 55 64 4 88 22 73 7 49 53 12 13 46 7 49 20 10 96 91 30 37 96 84 46 62 58 1 35 5 37 51 52 4 57 86 38 22 1 32 14 97 32 50 73 33 10 1 37 64 97 7 31 17 83 28 40 34 20 34 23 16 28 53 4 49
100 3
77 25 43 31 82 5 50 22 61 95 6 62 49 83 59 16 80 32 1 37 65 83 79 11 26 65 54 30 62 20 73 65 16 62 2 14 83 95 71 62 29 34 26 56 92 89 19 13 78 50 11 46 38 47 5 14 38 32 8 59 76 2 11 65 33 25 61 68 41 11 44 53 38 77 56 34 71 7 44 35 56 62 89 5 14 47 40 26 16 26 15 86 8 4 40 39 61 80 8 10
100 3
74 33 36 50 95 85 32 67 67 5 4 56 23 49 13 95 62 76 80 35 7 62 86 32 98 47 41 53 76 44 67 83 5 79 13 81 47 6 10 89 53 1 19 64 7 44 11 49 53 89 56 89 37 56 13 90 32 26 76 92 91 56 38 74 4 74 52 95 14 35 8 96 59 80 29 7 38 7 17 26 11 19 28 47 26 26 41 90 35 95 24 35 82 13 74 11 83 30 10 71
100 3
28 5 5 34 46 9 29 19 9 73 49 35 8 2 62 76 2 29 76 18 92 34 7 14 11 85 47 77 12 20 38 50 58 30 98 39 76 54 53 77 79 16 20 95 77 53 53 10 89 91 8 10 43 75 66 7 40 16 59 40 17 11 8 29 29 32 34 2 32 71 26 11 49 17 83 49 35 83 83 3 88 50 77 62 38 32 8 77 32 40 65 74 41 25 7 47 38 1 95 76
100 3
49 85 11 28 40 91 82 67 46 45 7 33 10 31 17 19 77 94 22 10 59 73 91 83 16 11 60 70 55 34 40 79 42 25 28 85 77 50 81 4 17 85 55 70 88 68 11 46 1 14 2 51 34 47 55 11 85 19 63 66 25 19 58 32 97 30 80 37 45 76 71 40 11 82 81 32 40 93 28 16 41 68 40 94 82 89 76 76 4 49 61 25 50 61 52 97 73 8 69 85
19 2
48 6 23 76 31 51 97 4 45 72 49 40 78 34 65 78 27 44 62
100 3
57 86 68 52 15 71 42 94 89 33 23 53 61 68 92 43 92 38 83 77 98 67 20 68 89 12 77 98 8 59 62 17 74 53 70 98 38 11 94 41 95 22 8 79 64 5 77 62 89 43 52 68 26 39 94 64 36 29 95 51 41 44 2 32 40 64 43 37 93 46 29 79 8 65 38 71 48 86 38 25 23 16 14 24 82 19 60 29 44 89 54 25 66 23 44 43 5 61 8 89
100 3
34 55 33 76 69 58 2 96 5 97 70 97 46 7 49 76 86 87 34 37 97 65 8 50 79 73 73 56 88 53 49 70 43 37 13 53 49 43 43 10 67 8 48 39 2 46 1 93 52 14 55 5 65 79 22 72 61 3 44 46 97 25 71 19 28 55 82 94 78 22 95 74 79 73 97 85 34 97 31 2 11 82 22 52 13 5 25 46 31 49 51 16 87 70 43 83 17 12 45 95
100 3
44 61 26 63 34 94 49 59 83 49 92 43 2 43 38 98 17 81 41 23 61 95 67 91 42 61 2 23 57 59 26 13 29 51 8 8 5 78 17 8 37 89 65 65 15 4 64 42 37 62 70 38 89 41 35 62 14 35 34 95 2 4 14 16 49 41 68 80 68 40 77 89 68 70 41 23 5 34 61 57 52 12 68 4 27 49 81 40 33 69 65 92 50 28 34 53 65 80 38 77
17 3
22 73 52 74 85 59 8 50 23 5 54 34 13 85 74 23 88
100 3
49 31 57 4 95 59 56 64 34 61 49 41 88 10 44 70 70 89 70 97 28 10 34 37 31 42 67 12 81 19 43 46 9 61 64 64 58 28 13 72 90 41 20 22 67 52 81 14 10 76 16 70 58 58 31 20 79 67 41 4 15 18 5 67 73 40 52 89 55 7 25 73 25 49 82 31 37 78 91 33 88 33 85 49 58 30 22 64 46 79 80 58 23 86 91 90 13 29 14 34
100 3
97 40 28 46 94 62 55 8 32 13 25 79 28 94 4 33 10 85 71 35 85 58 58 80 71 18 53 96 3 13 59 32 34 86 60 38 84 26 91 68 64 27 19 64 33 4 85 97 82 64 93 91 44 37 94 5 31 91 84 83 54 37 4 77 59 34 32 41 1 52 29 28 59 79 14 76 29 97 88 41 7 91 37 50 16 88 50 98 49 25 40 91 16 44 43 34 11 46 94 13
100 3
20 7 1 23 44 97 80 13 66 62 32 25 45 16 56 89 67 22 76 94 37 21 13 76 77 55 79 17 77 45 15 25 12 20 23 46 69 96 43 89 94 4 13 85 88 68 34 1 85 93 16 22 39 46 35 89 16 62 80 50 89 71 29 1 12 38 59 85 89 21 13 85 91 11 43 73 85 56 85 86 4 53 61 55 64 7 13 85 41 8 55 95 46 17 46 98 21 1 16 1
100 3
12 77 11 26 68 29 95 26 25 5 2 13 23 35 32 17 53 32 89 29 80 17 80 45 10 76 92 72 83 85 86 58 34 68 38 74 7 95 32 95 98 38 26 2 28 58 23 75 1 59 26 3 19 11 78 73 89 29 26 64 82 35 1 2 76 66 16 47 35 89 65 13 26 25 28 89 55 14 88 70 3 38 41 6 43 97 1 98 80 59 52 8 14 24 92 71 96 74 23 11
100 3
97 22 31 82 85 68 43 55 10 85 19 67 14 74 64 17 11 83 65 76 35 76 46 53 2 73 97 38 16 79 71 52 68 17 17 65 92 41 58 94 59 38 1 43 96 10 46 91 85 61 10 68 92 2 45 28 97 85 79 40 55 10 26 81 34 80 88 16 30 70 79 10 19 96 95 79 61 95 14 34 13 5 83 59 76 33 97 50 10 76 97 43 73 59 14 37 49 55 52 57
1 2
92
100 3
67 23 80 4 18 23 44 35 77 37 37 13 55 38 89 5 29 36 47 58 34 26 10 49 38 14 50 73 74 17 44 23 2 20 35 38 60 66 15 2 53 31 25 89 80 61 34 90 46 70 93 71 95 95 23 32 98 56 55 91 21 92 92 98 86 77 67 91 49 83 14 80 17 71 34 56 11 38 56 35 95 28 91 2 35 20 44 66 67 71 53 17 8 92 13 17 41 59 76 21
100 3
97 95 17 19 13 55 51 31 79 19 97 74 67 70 4 25 76 42 67 55 62 5 72 2 22 14 10 62 87 64 40 62 45 10 37 43 85 38 83 92 10 24 56 80 58 28 46 88 24 8 95 92 59 74 38 43 21 7 80 25 10 58 11 19 94 24 97 68 64 28 55 10 50 82 67 62 37 94 79 84 55 40 83 70 59 74 2 76 82 32 65 85 41 31 89 49 85 1 46 37
100 3
8 98 65 77 32 67 28 14 88 76 35 20 56 14 5 4 41 82 7 98 90 17 44 40 5 88 71 85 71 83 58 3 86 19 75 89 35 4 80 17 60 81 60 98 27 87 71 77 93 62 77 77 67 76 80 43 14 29 13 2 38 51 5 19 3 32 74 32 94 56 29 44 75 5 63 11 71 84 22 90 69 56 8 87 26 34 14 97 47 98 92 32 80 67 73 81 95 96 2 92
100 3
98 14 17 75 6 68 10 74 74 95 98 51 41 23 45 88 5 71 92 34 34 98 38 17 70 43 11 53 94 25 70 91 5 5 86 29 34 80 56 34 77 31 92 56 61 37 83 97 98 13 47 62 75 88 22 56 92 17 70 94 49 42 77 16 11 34 59 23 92 97 14 73 53 4 6 67 79 85 50 14 92 71 20 7 89 65 19 80 44 68 44 50 68 14 25 95 50 98 78 67
100 3
46 74 44 26 67 61 52 86 79 73 52 1 18 94 62 10 52 2 88 79 85 47 73 98 74 61 85 59 40 15 67 43 28 91 95 97 28 43 18 15 22 76 31 52 18 60 96 73 58 35 49 52 82 1 22 34 77 37 4 58 89 55 7 52 23 70 13 85 44 2 1 98 70 61 74 87 55 32 37 19 40 20 97 82 94 20 91 80 97 85 83 6 95 30 10 79 25 35 13 28
