20
20 1
0 0 0 0 0 0 0 0 0 0 0 0 0 0 0 0 0 0 0 2 
17 14
6 24 16 40 28 10 13 50 20 15 45 41 17 6 32 41 23 
18 9
22 24 19 13 46 10 5 30 47 10 42 45 25 3 14 19 14 44 
20 4
36 0 28 27 21 47 28 15 7 24 14 18 17 12 11 49 46 8 8 40 
18 2
26 24 7 5 2 45 35 39 5 14 41 5 48 13 11 20 29 18 
19 19
23 39 19 25 43 8 35 49 21 38 15 25 21 14 21 23 39 27 34 
2 1
2 2
20 14
13 13 19 13 50 14 22 12 40 40 1 22 18 29 49 29 26 6 3 2 
17 3
13 20 11 24 36 36 27 7 31 2 13 21 16 7 7 6 15 
18 17
9 27 48 38 12 10 4 39 17 19 22 4 1 24 22 20 19 18 
20 1
50 50 50 50 50 50 50 50 50 50 50 50 50 50 50 50 50 50 50 50 
3 3
5 18 49
20 1
1 1 1 1 1 1 1 1 1 1 1 1 1 1 1 1 1 1 1 1
10 11
1 2 3 4 5 6 7 8 9 10 
19 8
17 34 41 7 30 23 25 28 17 46 48 16 41 48 48 35 41 15 32 
20 7
12 35 42 15 23 45 23 4 16 2 4 33 2 12 42 8 6 42 21 40 
18 10
0 1 2 24 21 47 27 46 44 19 17 11 18 0 5 30 1 41 
20 1
0 0 0 0 0 0 0 0 0 0 0 0 0 0 0 0 0 0 0 0 
19 3
3 22 50 41 34 10 33 49 43 35 17 23 10 27 30 23 6 17 7 
17 12
37 19 11 34 33 18 38 35 30 20 36 30 5 14 30 36 9 
