50
3
0.42 0.89 0.58
0.68 0.32 0.26
10
0.21 0.05 0.18 0.38 0.46 0.10 0.26 0.15 0.49 0.41
0.64 0.74 0.85 0.95 0.97 0.62 0.82 0.77 0.59 0.54
10
0.73 0.58 0.21 0.33 0.12 0.69 0.50 0.37 0.88 0.94
0.60 0.25 0.96 0.63 0.40 0.85 0.92 0.42 0.87 0.17
2
0.65 0.94
0.71 0.59
10
0.02 0.21 0.06 0.71 0.46 0.35 0.62 0.37 0.33 0.58
0.88 0.17 0.69 0.04 0.81 0.23 0.56 0.48 0.90 0.96
4
0.30 0.03 0.08 0.22
0.51 0.54 0.86 0.62
10
0.10 0.93 0.03 0.18 0.48 0.37 0.04 0.26 0.81 0.07
0.35 0.44 0.29 0.83 0.24 0.85 0.15 0.34 0.17 0.22
3
0.39 0.72 0.17
0.06 0.94 0.83
5
0.18 0.07 0.57 0.79 0.36
0.29 0.25 0.39 0.89 0.61
10
0.40 0.74 0.68 0.98 0.26 0.55 0.19 0.08 0.79 0.09
0.58 0.21 0.53 0.72 0.57 0.70 0.64 0.36 0.34 0.13
9
0.28 0.16 0.36 0.52 0.04 0.20 0.08 0.24 0.48
0.72 0.56 0.96 0.60 0.84 0.92 0.68 0.88 0.64
10
0.18 0.32 0.89 0.76 0.39 0.45 0.38 0.85 0.26 0.78
0.74 0.05 0.86 0.93 0.82 0.58 0.01 0.69 0.14 0.55
2
0.76 0.67
0.29 0.24
3
0.5 0.3 0.6
0.9 0.1 0.2
10
0.14 0.48 0.46 0.66 0.49 0.15 0.38 0.91 0.56 0.72
0.54 0.30 0.12 0.29 0.11 0.57 0.62 0.90 0.99 0.76
6
0.10 0.24 0.04 0.47 0.44 0.99
0.25 0.19 0.40 0.61 0.94 0.78
7
0.75 0.67 0.30 0.80 0.31 0.27 0.37
0.05 0.26 0.12 0.24 0.18 0.15 0.19
10
0.86 0.59 0.34 0.89 0.51 0.74 0.24 0.39 0.28 0.48
0.01 0.40 0.33 0.07 0.80 0.87 0.38 0.70 0.81 0.72
10
0.492 0.483 0.883 0.608 0.533 0.842 0.800 0.658 0.383 0.292
0.617 0.625 0.867 0.917 0.942 0.408 0.592 0.858 0.125 0.642
10
0.42 0.78 0.89 0.15 0.09 0.49 0.46 0.12 0.95 0.80
0.18 0.97 0.34 0.38 0.17 0.52 0.69 0.14 0.60 0.57
1
0.25
0.92
8
0.67 0.92 0.86 0.89 0.19 0.42 0.69 0.75
0.33 0.11 0.72 0.06 0.64 0.61 0.08 0.03
9
0.68 0.76 0.15 0.03 0.54 0.38 0.17 0.59 0.85
0.97 0.58 0.11 0.04 0.96 0.34 0.87 0.80 0.63
5
0.02 0.27 0.33 0.53 0.67
0.75 0.98 0.63 0.35 0.37
5
0.50 0.30 0.65 0.35 0.75
0.15 0.80 0.70 0.55 0.60
8
0.75 0.53 0.90 0.86 0.57 0.65 0.61 0.98
0.37 0.43 0.27 0.18 0.22 0.49 0.47 0.41
8
0.78 0.79 0.28 0.05 0.51 0.13 0.41 0.22
0.95 0.33 0.50 0.71 0.09 0.37 0.08 0.89
8
0.90 0.82 0.98 0.71 0.81 0.92 0.76 0.83
0.58 0.60 0.27 0.62 0.01 0.20 0.38 0.12
8
0.89 0.18 0.97 0.46 0.79 0.34 0.53 0.28
0.59 0.91 0.12 0.33 0.55 0.20 0.64 0.39
10
0.981 0.056 0.850 0.841 0.196 0.280 0.495 0.262 0.757 0.458
0.299 0.150 0.355 0.598 0.252 0.009 0.411 0.897 0.748 0.187
7
0.81 0.63 0.89 0.93 0.88 0.86 0.74
0.07 0.33 0.47 0.08 0.48 0.62 0.42
10
0.77 0.91 0.96 0.73 0.20 0.92 0.18 0.07 0.05 0.66
0.09 0.22 0.55 0.85 0.24 0.51 0.80 0.89 0.01 0.27
1
0.8
0.2
10
0.85 0.03 0.52 0.70 0.61 0.64 0.30 0.21 0.48 0.45
0.42 0.91 0.67 0.97 0.18 0.76 0.39 0.27 0.24 0.88
3
0.82 0.46 0.29
0.54 0.11 0.14
6
0.18 0.82 0.76 0.24 0.06 0.94
0.68 0.50 0.21 0.56 0.88 0.53
7
0.67 0.60 0.80 0.47 0.13 0.93 0.53
0.20 0.73 0.27 0.87 0.33 0.40 0.07
10
0.16 0.93 0.56 0.48 0.40 0.63 0.89 0.07 0.11 0.45
0.88 0.12 0.37 0.10 0.68 0.22 0.74 0.47 0.92 0.36
1
0.55
0.45
1
0.1
0.6
10
0.93 0.44 0.78 0.76 0.69 0.83 0.86 0.85 0.53 0.73
0.03 0.32 0.27 0.05 0.42 0.36 0.25 0.02 0.39 0.20
10
0.33 0.56 0.48 0.81 0.89 0.44 0.04 0.26 0.85 0.52
0.78 0.74 0.70 0.59 0.30 0.37 0.19 0.07 0.41 0.63
10
0.51 0.37 0.77 0.14 0.21 0.84 0.29 0.95 0.90 0.86
0.15 0.40 0.68 0.63 0.75 0.36 0.48 0.96 0.79 0.11
10
0.24 0.21 0.90 0.92 0.68 0.96 0.03 0.28 0.40 0.08
0.18 0.36 0.32 0.69 0.20 0.60 0.33 0.59 0.26 0.01
2
0.26 0.30
0.70 0.78
10
0.06 0.21 0.18 0.13 0.14 0.34 0.11 0.32 0.09 0.76
0.65 0.82 0.64 0.59 0.45 0.86 0.08 0.75 0.19 0.73
5
0.13 0.83 0.97 0.45 0.95
0.25 0.18 0.28 0.37 0.43
10
0.64 0.93 0.40 0.59 0.41 0.67 0.09 0.94 0.87 0.45
0.16 0.18 0.03 0.32 0.69 0.80 0.56 0.83 0.14 0.37
10
0.981 0.952 0.529 0.010 0.356 0.837 0.163 0.048 0.933 0.538
0.481 0.125 0.846 0.962 0.827 0.577 0.606 0.808 0.442 0.942
10
0.62 0.59 0.81 0.20 0.68 0.16 0.09 0.77 0.23 0.13
0.41 0.45 0.26 0.98 0.44 0.92 0.52 0.50 0.72 0.03
