10000
5 9
7 34
6 61
10 6
10 5
5 4
6 96
10 1
9 27
5 29
6 34
10 22
7 54
7 58
7 16
9 36
2 87
3 8
9 31
5 32
4 15
10 72
4 30
3 36
2 20
8 62
4 21
6 3
7 44
3 12
9 12
6 94
8 87
1 94
5 47
10 33
9 51
3 12
5 93
10 74
9 52
5 1
7 63
10 51
10 66
6 29
10 8
7 7
2 47
1 24
9 35
10 17
10 15
3 61
4 41
2 71
9 80
10 10
9 38
4 31
3 17
5 55
10 71
5 65
1 23
9 95
2 91
10 43
6 93
2 82
7 100
10 49
4 31
6 47
9 73
6 39
8 61
6 47
5 72
1 23
7 54
1 34
5 31
5 51
2 27
7 65
2 4
2 56
9 22
9 19
7 82
10 56
8 7
4 48
3 71
8 62
5 22
5 51
8 41
6 8
6 29
4 25
5 44
9 33
5 12
5 42
9 83
1 60
1 70
8 79
3 80
9 91
5 57
6 87
9 95
5 17
8 82
10 87
9 34
5 38
6 40
1 8
9 20
7 16
6 20
4 76
5 55
2 4
8 27
9 95
1 29
6 36
9 62
10 37
5 69
5 57
10 84
8 78
4 21
6 40
10 9
10 94
9 18
7 29
8 26
10 22
9 70
9 35
10 2
5 45
1 32
2 66
5 13
1 49
2 89
9 49
7 55
7 96
3 42
4 75
4 33
10 23
6 0
8 82
7 14
5 97
3 76
7 23
6 98
5 67
4 2
6 1
9 61
8 35
5 96
4 8
3 40
9 6
10 63
5 63
3 18
4 39
8 34
9 58
10 64
1 92
4 56
7 37
6 65
1 40
2 1
5 52
8 30
1 41
1 57
4 43
2 68
10 80
4 73
6 11
2 13
1 41
5 1
3 39
2 74
4 44
7 46
4 86
9 35
6 73
3 49
6 94
1 54
1 13
9 6
2 75
8 58
9 60
1 35
8 89
7 7
7 94
2 23
1 96
6 54
10 6
2 99
7 94
7 60
3 31
7 85
5 68
4 73
3 32
5 95
1 65
2 71
2 2
4 37
4 36
4 1
6 5
8 14
4 83
4 61
6 98
9 65
4 16
1 48
3 79
7 16
8 22
9 42
6 74
3 96
5 31
5 28
10 38
8 34
8 4
2 90
7 51
9 89
8 26
4 29
10 14
9 69
9 57
4 47
4 39
7 24
6 99
2 71
6 90
8 78
8 11
9 64
2 2
6 0
9 94
2 11
4 78
4 78
6 15
4 53
3 32
4 23
1 73
4 59
7 52
9 50
3 100
10 82
7 100
8 38
4 45
6 67
7 45
1 2
3 97
5 6
1 34
2 43
9 91
4 69
7 79
8 3
1 48
4 1
6 74
7 21
6 74
5 3
3 7
10 77
5 67
6 27
9 64
2 42
8 88
1 50
9 46
6 77
3 32
9 11
6 98
2 55
1 21
10 68
1 58
1 43
4 91
10 60
8 18
2 1
5 85
6 14
9 40
5 38
7 71
7 16
4 56
1 23
3 45
2 33
7 27
3 19
4 7
1 44
9 91
3 96
2 86
1 57
9 63
10 82
4 85
2 13
1 71
6 58
9 97
6 11
3 39
6 72
2 26
1 11
10 39
5 30
2 21
8 54
5 100
2 77
7 38
1 5
7 78
3 22
9 75
6 6
5 77
4 2
3 78
2 96
6 81
2 7
3 14
3 45
1 78
4 51
5 70
10 77
4 38
2 49
8 73
2 12
8 23
6 9
9 76
1 77
6 91
8 62
10 73
4 4
1 33
5 80
5 1
3 5
6 80
3 87
2 43
4 21
10 75
5 77
1 94
5 85
3 80
4 22
8 67
6 46
1 37
5 71
10 22
3 23
5 82
9 38
7 31
3 57
1 29
8 48
5 88
3 94
3 95
8 48
5 89
10 0
5 63
5 40
6 65
1 57
3 8
1 72
2 48
4 36
3 29
5 24
3 12
9 3
1 73
1 70
9 63
7 29
2 81
6 7
8 99
2 81
6 81
3 65
7 36
3 99
10 70
7 94
1 17
10 85
10 3
7 95
10 84
4 94
9 71
4 22
10 84
10 95
6 38
9 35
2 68
7 18
6 8
8 46
1 45
10 50
3 100
1 27
10 69
1 36
7 14
9 89
6 89
7 32
1 9
2 67
8 67
6 41
8 53
10 50
1 54
3 31
2 66
1 22
10 95
4 17
9 44
6 8
9 71
8 24
5 92
10 91
8 42
5 70
5 15
7 33
2 51
9 64
1 51
9 22
1 83
9 32
10 56
1 42
2 48
8 10
5 30
2 21
10 18
2 5
3 59
7 50
2 77
2 65
6 5
3 80
2 69
6 22
3 24
9 80
4 47
3 96
9 30
1 63
4 34
2 50
2 61
1 82
7 44
6 99
9 91
5 20
8 90
6 34
5 66
7 66
5 28
2 98
10 27
4 2
10 83
2 57
8 48
3 60
8 65
3 40
5 5
3 83
6 22
5 2
8 44
4 23
2 77
7 81
3 71
4 91
7 68
4 12
10 74
4 93
2 57
2 19
10 98
7 12
5 34
10 90
3 30
2 65
2 35
5 33
7 14
10 88
10 65
7 100
2 59
9 21
6 58
4 75
8 29
9 54
5 61
8 92
4 78
4 32
8 95
2 75
2 66
10 44
3 68
1 62
7 6
1 35
6 21
8 87
9 29
6 33
6 30
10 63
5 12
2 94
8 65
5 75
1 74
3 84
10 31
5 23
10 49
4 66
6 61
1 10
3 90
2 70
5 7
7 61
2 16
1 73
10 74
5 28
1 57
9 71
10 85
9 100
4 15
8 57
2 15
7 48
6 16
4 27
9 83
2 58
1 30
1 24
7 28
2 51
3 66
8 78
5 16
10 60
5 63
3 81
2 39
5 88
7 88
7 17
10 87
7 8
1 16
7 44
3 65
7 49
10 48
3 17
4 100
3 32
1 63
5 76
5 87
3 34
3 39
7 42
3 47
6 62
10 68
2 83
4 83
2 1
6 0
1 54
5 91
2 4
9 57
3 42
7 33
2 16
3 27
3 67
9 36
3 56
1 46
4 10
10 55
8 62
4 85
10 95
2 42
6 30
7 8
6 36
6 70
6 28
1 73
8 83
4 16
5 12
7 10
9 70
9 82
3 23
4 0
5 41
7 45
5 59
9 8
2 25
7 96
5 92
2 60
4 15
7 82
2 97
10 50
6 65
6 72
10 21
10 72
5 93
2 86
4 68
10 49
9 73
2 43
5 75
10 26
7 27
4 42
6 45
7 25
3 6
4 62
10 57
10 14
2 23
4 13
7 20
10 79
5 91
5 26
9 22
10 20
1 28
3 60
7 100
5 46
3 52
3 8
9 89
8 83
5 96
2 88
10 52
10 46
4 53
1 13
4 72
6 7
5 62
7 100
7 5
2 98
1 40
3 92
3 22
6 44
1 27
2 51
6 6
7 9
7 18
7 19
8 56
1 55
7 67
8 82
4 69
5 69
9 58
7 94
3 12
8 87
1 61
7 81
9 35
6 52
1 11
7 43
10 59
2 99
3 90
3 62
7 76
7 15
7 73
9 83
10 82
1 41
3 27
4 97
4 54
6 61
6 8
8 33
10 2
10 34
6 65
4 10
3 9
4 88
2 76
2 14
5 60
2 67
1 26
9 86
7 96
4 9
7 100
10 67
10 57
2 64
5 78
2 69
7 10
9 9
3 21
9 92
9 11
8 22
7 69
8 28
4 27
3 88
5 79
4 73
9 76
5 32
2 56
8 57
8 55
5 64
2 78
4 80
2 53
9 59
5 77
1 12
4 48
1 65
9 87
10 4
2 98
6 22
4 83
9 10
4 18
7 3
5 58
3 28
5 48
5 88
6 58
7 79
6 27
3 68
10 3
2 83
5 57
7 2
5 31
5 50
10 100
2 65
2 90
8 89
8 31
7 5
3 31
5 41
2 55
3 30
2 83
8 7
6 78
7 48
9 58
7 37
10 67
5 68
1 19
7 12
1 40
4 53
10 52
7 26
1 32
2 57
8 75
5 65
8 16
2 50
8 97
5 94
6 64
10 11
2 21
1 31
3 3
1 68
10 22
2 72
5 0
1 63
7 80
4 52
2 38
1 65
2 70
3 50
4 37
8 45
2 3
6 90
4 61
5 64
5 0
6 66
6 45
10 47
3 14
1 89
5 78
3 14
9 75
3 84
4 71
10 50
3 31
6 0
9 2
3 46
7 28
10 33
1 55
8 72
1 86
10 94
10 60
4 35
6 58
8 0
1 66
5 92
5 34
5 56
4 47
10 27
9 100
5 70
1 98
9 37
3 29
9 21
5 25
2 6
3 1
9 85
2 3
8 48
7 83
1 13
9 24
4 92
4 80
8 20
7 12
6 16
10 41
7 10
6 26
4 66
2 99
3 86
10 91
5 61
7 80
2 60
2 91
4 99
7 69
6 63
5 75
10 13
6 49
3 87
7 67
1 73
5 68
6 66
7 39
1 72
10 83
2 83
2 59
2 27
9 18
1 12
1 84
7 6
1 3
10 16
5 100
1 24
9 11
1 48
4 9
1 98
10 55
9 68
6 6
2 31
2 63
5 86
2 70
3 99
3 11
3 50
4 59
2 34
6 21
1 58
6 65
5 90
2 5
2 54
6 43
8 95
9 93
5 63
4 79
2 75
7 26
3 63
8 56
2 50
4 73
2 38
2 7
10 34
10 26
5 69
10 11
7 56
8 11
3 56
1 81
2 0
5 67
5 15
2 95
5 18
2 100
7 65
5 39
3 100
6 32
7 41
10 57
9 13
8 6
6 87
9 74
4 19
9 2
3 90
5 42
1 58
2 78
9 74
6 82
6 35
10 3
4 43
4 60
10 55
8 86
1 27
6 88
6 25
9 27
4 78
1 37
3 64
10 11
6 40
10 40
5 20
7 41
8 39
5 58
1 89
3 7
10 68
2 17
8 51
7 83
5 13
4 15
4 70
10 48
8 74
4 40
8 70
4 65
1 43
8 50
3 99
8 1
6 37
8 31
1 46
6 54
9 84
9 99
3 75
6 10
10 58
10 2
10 48
8 12
10 43
7 58
10 29
4 66
3 70
3 23
3 87
2 60
2 70
2 91
4 86
9 56
4 33
10 43
2 96
4 53
1 36
6 18
2 75
7 99
3 76
5 9
2 27
9 53
8 49
2 93
8 35
9 31
10 33
5 5
6 5
2 52
6 26
2 27
8 69
3 100
8 86
4 59
4 46
9 99
3 8
7 56
6 55
4 56
7 95
3 60
6 16
10 16
6 80
1 32
2 76
5 29
10 30
10 68
6 80
7 55
3 12
7 46
5 76
3 11
1 63
3 99
8 14
3 67
2 70
3 94
5 28
1 67
6 93
1 24
8 73
9 31
5 30
10 1
3 95
4 68
3 17
6 32
6 49
6 29
3 47
4 69
3 10
10 92
2 73
8 29
3 53
9 87
3 48
3 63
7 81
3 86
8 34
5 3
2 18
10 8
5 29
5 53
10 9
6 52
1 45
6 71
6 45
8 7
10 75
1 0
4 76
10 6
8 68
1 75
4 96
5 86
10 95
6 81
9 51
5 21
8 76
1 7
2 14
2 42
5 62
9 47
5 76
6 42
3 56
10 1
2 33
1 39
7 15
1 16
2 94
8 5
1 88
10 21
9 54
5 62
9 70
4 95
9 55
10 6
10 89
4 70
5 65
2 88
5 7
7 73
5 89
2 5
7 86
7 67
2 92
7 49
4 23
7 38
5 89
10 80
9 14
1 86
8 54
2 80
7 17
7 36
10 27
6 77
3 84
3 41
5 66
3 7
7 80
3 35
5 7
1 53
4 87
10 22
4 24
2 7
9 3
3 80
1 83
2 33
6 51
4 95
5 19
6 68
3 70
6 82
10 76
5 64
8 86
5 61
8 72
9 18
10 55
7 53
9 98
10 79
6 34
9 13
8 3
10 25
7 32
3 3
5 61
4 3
1 76
1 100
9 45
7 100
2 23
9 30
2 60
1 92
5 40
3 29
10 60
1 53
1 47
3 68
4 56
6 57
1 35
9 65
9 35
9 34
4 14
1 89
9 95
5 3
5 43
7 83
4 31
9 48
8 0
4 40
10 17
3 47
3 98
1 62
1 17
10 92
8 22
5 77
1 36
4 21
5 36
8 90
9 64
10 9
3 80
4 76
2 84
9 6
7 51
4 2
3 8
8 12
7 82
3 45
6 16
3 61
3 22
1 49
4 59
7 87
1 51
3 33
1 61
1 54
9 93
5 79
8 28
1 74
3 100
6 24
5 100
4 7
2 35
3 46
6 1
3 48
6 70
4 90
7 44
8 62
1 80
10 90
7 42
6 75
1 34
4 79
9 72
8 86
7 8
7 63
5 9
10 44
9 83
6 5
2 15
7 60
3 41
6 94
4 78
3 45
9 70
4 7
4 91
7 6
5 11
8 95
7 77
10 84
8 12
1 9
7 93
3 55
8 74
3 86
4 24
10 10
9 5
4 88
3 21
10 1
2 25
4 96
5 93
8 10
6 53
8 85
1 69
6 67
9 37
10 6
10 73
9 2
4 74
10 67
9 99
2 28
3 14
7 12
7 74
9 54
8 29
3 20
1 23
8 45
5 0
5 26
8 23
2 0
7 48
10 94
9 60
4 17
7 89
9 42
2 9
9 6
2 94
8 67
3 71
8 98
9 68
9 65
1 80
9 68
10 40
5 55
4 84
6 26
10 75
5 96
9 71
3 83
9 35
6 73
6 36
1 64
10 59
2 42
3 19
5 22
10 20
5 58
8 95
10 78
7 60
6 3
10 58
3 9
1 78
3 26
10 20
3 23
10 58
4 34
1 81
3 4
10 26
4 66
4 22
9 64
3 78
3 1
7 1
3 71
8 52
1 41
4 44
8 61
9 28
5 88
1 62
5 54
4 46
1 3
4 47
2 37
5 46
5 14
6 86
5 16
6 4
4 10
1 0
6 95
5 7
5 85
6 55
4 56
2 42
6 5
9 80
2 32
6 57
3 5
2 59
7 69
4 36
5 78
6 11
4 81
8 17
8 93
2 77
2 92
10 29
9 63
8 95
6 18
6 52
10 41
9 56
6 18
4 73
3 88
5 52
10 3
1 29
9 43
7 15
9 6
8 70
3 71
1 70
3 87
8 69
5 19
1 68
10 86
8 6
7 51
5 95
8 72
3 67
1 49
8 43
9 35
6 66
3 47
10 58
5 6
8 28
4 39
4 89
6 27
3 36
2 8
4 32
5 50
8 80
3 39
1 43
1 83
1 4
3 93
6 51
9 0
9 45
2 59
1 54
2 43
7 12
5 74
2 14
2 32
4 87
2 99
1 25
7 16
6 88
3 38
5 94
5 20
6 12
6 20
5 59
6 87
2 40
2 5
3 85
3 51
4 25
9 11
7 48
9 89
9 82
2 36
7 95
5 75
1 78
3 37
9 96
2 9
2 4
9 2
5 46
1 24
7 92
5 12
2 86
8 50
5 92
7 61
4 16
1 26
9 60
4 38
4 64
5 27
7 73
10 71
5 31
10 44
8 85
6 38
1 57
5 6
2 28
8 90
7 76
10 71
3 52
5 69
5 90
10 16
7 13
1 67
8 80
4 95
4 0
9 23
6 1
3 42
3 6
7 55
2 23
5 47
10 18
5 86
3 34
5 50
8 33
8 29
10 17
2 26
6 29
8 61
1 34
9 33
3 82
1 93
1 50
4 64
3 5
7 85
8 1
8 15
9 59
8 51
8 47
2 3
7 94
3 97
4 5
6 89
1 77
3 55
4 45
7 35
8 96
7 95
7 51
8 90
5 5
6 47
4 8
8 27
2 6
8 19
4 59
3 60
5 88
2 32
8 91
8 21
6 94
9 76
8 88
6 79
8 94
6 25
6 10
3 71
4 94
9 89
2 49
5 16
1 45
3 53
7 59
7 20
1 80
3 40
5 87
5 66
3 95
9 41
3 92
5 14
4 100
2 67
2 35
6 82
1 29
4 45
10 80
5 39
2 98
10 29
5 96
5 50
6 40
10 60
3 38
4 46
10 21
10 33
10 48
2 94
5 47
10 13
10 28
3 51
1 57
2 81
10 29
7 83
4 84
8 79
10 32
1 66
4 55
6 83
4 99
8 17
4 6
4 14
6 64
8 35
2 44
6 13
8 65
5 0
8 43
7 44
1 33
1 52
10 7
7 41
8 42
9 16
3 11
7 27
8 43
9 41
2 88
10 62
10 31
1 85
8 92
6 92
10 47
9 56
9 55
1 17
2 59
1 36
1 15
6 10
9 74
4 72
9 72
7 14
3 21
7 54
9 48
5 56
2 82
2 90
1 1
2 26
8 2
2 42
9 47
4 82
3 55
8 2
9 77
10 9
4 44
7 47
7 63
4 92
4 70
2 79
10 0
2 55
6 100
2 63
6 77
10 33
9 51
3 68
10 27
10 76
5 42
2 90
5 82
9 4
4 95
1 44
1 6
4 80
4 98
10 63
4 40
9 27
8 68
4 22
2 47
7 47
4 87
8 84
8 1
3 23
10 81
8 54
1 27
3 79
1 36
6 25
9 71
7 98
3 98
3 49
5 30
8 8
7 64
9 30
8 65
2 35
1 79
7 70
6 36
2 62
8 13
5 85
6 71
6 36
8 47
3 90
5 60
4 11
7 50
9 90
2 71
5 6
4 6
7 42
3 64
8 80
4 64
9 73
2 43
5 90
3 24
6 0
4 68
4 76
4 54
7 69
7 6
10 85
1 76
7 36
2 47
5 10
2 5
7 66
10 84
10 18
7 43
2 31
10 44
1 34
3 27
2 4
4 57
1 45
2 6
9 62
10 81
8 4
4 35
1 84
6 22
5 4
9 84
3 10
7 27
4 1
6 32
7 7
2 29
9 52
2 56
7 17
4 51
10 48
7 63
3 75
5 23
8 97
10 54
2 5
9 76
6 35
5 34
9 39
10 69
8 48
8 34
8 10
8 70
7 68
10 36
9 43
3 33
10 34
6 35
5 74
2 3
3 15
8 25
9 2
7 100
8 68
3 24
3 87
7 87
4 74
4 72
6 10
3 48
10 7
10 50
5 37
4 56
8 88
1 21
7 26
1 15
7 86
7 76
5 78
3 9
5 62
7 95
6 35
7 62
3 25
10 10
5 67
6 39
2 51
7 23
1 27
5 91
8 77
5 85
9 79
9 84
9 29
9 55
7 41
9 23
2 21
2 9
2 15
5 27
1 48
1 63
5 27
8 66
8 43
5 68
3 65
7 67
5 75
7 87
1 15
9 91
3 53
1 32
7 85
7 42
8 62
6 91
3 43
3 21
5 6
2 96
3 12
5 94
8 43
7 41
3 30
2 60
2 3
10 83
9 72
6 84
6 65
9 25
10 5
6 45
2 10
6 51
8 23
7 42
3 9
6 81
8 93
10 21
8 46
5 72
9 56
10 65
7 36
4 25
4 66
9 80
8 47
5 31
7 63
6 15
8 46
7 5
2 37
4 21
6 24
2 11
8 5
7 3
7 14
7 76
8 82
4 9
3 71
2 50
3 23
8 50
5 16
7 20
4 14
2 14
4 60
7 0
2 91
5 19
7 87
9 83
8 95
9 33
7 76
5 5
10 62
9 65
3 54
4 78
3 58
2 100
2 17
9 21
8 20
2 86
4 21
4 95
6 26
5 61
2 93
10 24
2 94
8 33
7 48
1 27
5 77
1 62
6 25
4 94
5 56
6 73
3 63
1 82
10 60
7 54
4 94
8 8
1 93
8 16
8 36
8 97
2 64
5 4
2 71
9 90
7 96
8 64
2 45
5 57
3 38
3 100
2 59
3 54
6 12
9 17
3 49
3 75
1 93
8 50
3 70
4 57
4 28
3 59
8 39
8 24
6 85
7 49
2 94
9 85
2 11
5 32
1 59
8 27
8 63
6 47
7 85
10 28
9 76
8 64
7 64
7 92
9 40
5 41
4 59
3 51
9 22
4 74
3 10
7 83
9 72
5 90
6 98
8 14
6 94
6 47
4 76
5 22
3 50
9 89
8 96
6 64
4 1
1 2
4 18
8 11
1 36
9 79
1 37
7 85
5 76
3 1
6 38
8 11
9 87
9 90
3 94
1 59
8 54
9 13
5 33
5 18
7 60
6 4
2 91
1 98
6 5
8 76
10 68
5 64
9 75
8 32
2 32
2 67
4 50
4 84
4 48
4 21
7 96
6 24
1 31
3 49
4 95
1 6
7 54
7 21
6 95
4 18
8 15
3 93
10 83
9 94
1 90
5 65
7 89
1 10
8 60
6 35
7 34
8 74
4 20
9 52
2 37
10 18
9 88
10 86
2 97
10 63
5 50
8 62
2 46
3 52
9 21
6 68
5 96
1 98
1 93
7 0
6 86
8 61
1 94
7 41
8 9
3 57
2 31
6 82
5 10
5 22
1 28
10 59
6 91
1 97
1 42
9 14
9 27
5 52
1 66
4 48
6 78
2 86
3 40
5 71
3 60
10 22
9 33
4 4
3 82
5 20
10 37
7 79
5 8
3 95
3 18
6 77
3 86
8 47
1 60
8 16
10 70
4 98
2 87
3 84
10 21
1 9
4 67
5 57
6 28
3 79
7 53
5 55
2 57
5 27
7 99
3 82
2 58
5 47
8 49
9 22
4 7
5 41
3 55
2 44
2 15
9 73
6 5
7 39
2 28
2 20
8 52
3 70
8 39
10 52
8 61
8 45
10 61
6 93
4 56
7 16
3 13
6 69
7 86
4 3
6 45
9 19
3 7
4 47
9 86
6 86
7 99
6 36
8 77
9 38
7 63
1 89
10 7
8 62
8 12
9 26
8 55
7 77
9 23
7 6
9 77
7 76
2 17
9 57
5 19
4 92
10 68
8 81
10 9
9 16
6 69
2 51
8 80
9 28
4 62
4 9
5 82
2 41
10 92
4 13
4 9
5 80
3 89
6 80
7 87
4 42
6 96
7 47
2 45
6 18
8 16
3 68
6 25
2 47
1 34
7 71
1 91
10 77
10 81
7 81
7 0
6 43
7 56
3 46
9 95
3 95
10 52
9 68
4 64
7 69
8 29
4 54
7 26
6 42
9 35
8 80
4 4
9 89
7 27
5 30
4 95
2 48
7 19
5 32
4 44
3 29
9 70
3 34
5 14
5 50
1 5
5 89
7 12
4 95
8 9
3 88
4 44
4 60
7 17
6 37
9 57
7 87
4 24
1 33
1 61
4 19
1 7
2 81
10 65
3 61
6 16
7 84
3 99
9 53
9 53
5 29
5 12
2 88
4 54
3 73
8 63
4 79
9 58
10 38
9 88
1 87
9 49
4 75
1 35
3 64
3 98
9 14
1 0
4 30
3 15
8 53
2 7
3 45
9 65
4 71
3 71
9 43
5 87
1 72
9 83
7 26
3 88
9 34
3 82
1 76
10 66
2 73
6 12
6 1
5 9
2 27
3 9
4 15
8 55
8 5
5 3
9 10
8 12
10 65
9 87
9 46
8 66
1 87
9 86
1 10
5 49
8 2
5 54
7 79
5 43
4 45
8 61
7 46
4 17
7 33
7 94
8 32
2 48
3 85
7 97
6 63
9 5
10 31
6 81
1 22
1 90
8 32
8 100
6 39
6 59
2 90
6 36
2 14
2 19
10 97
6 52
5 96
9 84
2 52
7 90
6 72
10 65
2 20
8 11
5 69
8 100
10 58
5 86
3 58
5 72
1 7
7 4
4 13
2 95
9 27
3 80
8 73
1 77
6 79
3 40
1 37
3 74
5 2
1 75
2 26
1 23
8 36
4 47
3 25
1 80
10 41
5 81
6 39
2 97
8 53
8 34
7 50
10 81
6 79
3 11
7 40
9 44
10 32
1 29
8 90
6 26
2 83
7 10
8 44
3 100
5 24
4 49
10 62
3 21
2 76
7 25
7 56
2 66
1 60
5 32
5 87
4 70
7 43
1 56
10 68
9 9
1 42
1 5
4 64
7 70
4 28
7 82
7 97
5 36
3 15
3 77
10 84
1 62
9 78
2 52
1 26
5 36
9 63
7 41
2 96
8 5
1 42
3 37
2 22
5 18
2 31
4 0
1 5
7 5
5 73
7 61
5 84
2 10
2 10
6 15
7 74
7 59
7 9
4 25
7 39
2 13
7 100
4 14
1 10
8 81
1 31
8 83
9 42
5 55
9 5
3 22
2 83
6 16
1 19
2 25
10 36
1 41
4 55
4 31
1 75
2 43
10 50
3 64
7 1
4 28
4 94
1 41
8 16
9 66
7 67
2 34
8 21
9 98
10 55
3 55
10 16
5 43
10 17
4 62
1 81
1 22
5 81
2 36
10 39
4 59
3 35
9 17
4 18
7 96
4 47
10 20
6 28
4 60
2 40
2 14
9 9
2 21
1 95
3 54
6 65
5 6
2 42
4 87
5 51
8 50
7 93
1 28
3 29
3 65
1 32
3 20
1 16
8 48
7 97
8 10
3 55
10 77
4 91
4 40
7 17
6 90
6 0
9 8
2 20
8 10
3 92
1 56
6 85
8 40
4 6
8 42
6 76
4 97
4 67
10 39
10 25
8 63
10 94
2 0
4 8
8 18
10 22
3 4
1 76
9 54
8 54
2 38
3 10
4 9
4 55
7 56
10 46
5 95
7 69
8 70
9 92
7 89
4 86
3 66
1 15
1 76
5 99
4 45
2 86
10 63
9 47
7 73
8 53
3 43
10 25
6 74
6 48
9 36
9 40
5 54
5 32
1 2
9 97
1 95
9 99
3 86
10 99
5 13
1 92
2 65
4 100
7 0
7 0
3 73
4 10
8 2
6 51
7 95
10 55
4 75
4 97
3 63
6 30
2 69
5 98
6 80
8 75
10 78
5 25
6 29
9 43
8 100
5 12
5 33
8 60
10 50
10 70
10 94
6 94
6 39
5 5
2 45
5 48
5 67
4 32
7 38
8 94
1 77
6 89
5 66
4 52
9 19
6 56
6 72
8 28
4 62
6 15
10 43
10 35
5 1
2 16
10 31
5 21
4 62
8 14
6 0
8 4
9 26
4 72
8 16
9 25
10 45
5 88
7 100
5 37
6 27
7 35
1 79
6 72
7 37
5 34
7 87
1 40
10 88
1 41
10 71
5 67
6 52
1 38
4 53
10 94
2 62
10 70
3 95
9 90
7 22
7 68
9 75
10 78
4 24
2 55
5 7
5 1
9 99
2 16
6 14
2 46
2 77
6 89
6 93
10 67
7 80
6 80
1 5
5 43
5 30
5 25
6 31
9 10
6 31
4 10
2 27
3 74
10 19
10 30
6 41
7 39
6 47
9 65
2 67
1 4
1 15
2 56
10 3
8 57
8 40
4 56
1 15
7 59
9 63
1 27
9 0
7 50
4 85
1 62
1 10
2 36
8 43
2 70
1 25
3 34
10 65
10 91
8 39
4 17
9 15
10 81
10 50
3 66
7 44
3 44
5 70
7 3
3 42
1 53
9 45
8 100
3 8
2 93
7 51
7 52
10 89
5 74
8 62
4 68
3 28
4 99
6 70
7 77
9 86
2 26
9 99
2 76
10 71
6 1
2 13
6 17
3 55
6 9
4 57
5 80
3 79
4 11
8 57
8 16
9 25
4 95
6 32
9 61
6 24
3 24
1 34
10 52
6 6
6 12
2 2
4 73
8 95
1 38
6 16
8 68
5 16
1 80
6 74
10 3
6 20
4 43
1 66
6 23
4 64
8 73
9 24
4 48
2 61
9 24
6 44
6 87
7 35
2 82
6 95
6 96
10 92
3 2
9 93
4 3
4 89
2 56
4 72
6 30
1 30
7 17
5 98
7 50
3 7
5 54
5 90
1 38
4 95
1 68
7 98
4 45
5 98
8 67
8 23
1 10
8 41
10 22
4 47
4 9
2 73
8 31
7 0
6 77
10 90
6 97
9 87
8 91
5 77
6 57
1 5
3 78
8 43
10 47
3 98
9 86
9 96
8 72
4 32
3 28
7 2
8 22
7 93
10 3
9 74
10 69
6 88
1 7
2 30
1 59
4 0
7 35
7 28
3 88
2 67
2 59
6 34
6 63
1 6
7 100
2 63
5 19
8 60
4 35
3 39
3 2
4 2
4 80
8 14
5 33
2 46
3 59
6 63
8 57
3 96
8 11
1 8
1 86
1 13
5 2
8 90
10 83
10 6
5 85
7 70
5 27
7 15
8 69
3 51
5 20
9 71
6 60
10 67
6 98
3 10
8 83
3 45
1 6
5 2
1 25
1 6
6 83
4 47
3 20
9 55
6 83
3 33
1 88
3 78
6 60
10 20
8 97
10 16
8 86
3 50
8 71
8 15
9 11
3 97
7 29
1 69
5 17
5 37
3 84
6 29
5 64
7 69
4 91
5 0
2 35
6 88
8 17
4 85
1 38
10 79
1 11
8 49
7 74
5 16
6 45
6 55
6 68
2 69
10 98
10 11
5 15
7 51
7 55
4 89
9 24
2 52
5 46
9 33
6 41
7 41
6 18
7 88
6 36
6 74
1 89
4 10
1 25
3 6
10 35
6 12
7 93
7 14
1 71
10 75
2 46
1 99
8 78
2 68
8 24
4 5
1 47
6 27
4 15
5 5
5 11
1 78
7 28
4 100
7 7
7 52
8 20
4 92
2 91
1 36
7 34
8 79
6 98
4 100
4 86
2 2
9 34
7 26
3 0
6 10
2 81
5 2
7 26
7 21
6 94
5 97
2 5
7 18
4 76
5 43
1 94
7 80
5 7
8 78
9 68
3 71
8 22
10 35
2 67
9 55
8 100
7 13
8 15
2 45
9 64
7 94
8 25
6 80
4 44
1 64
8 80
8 31
4 65
7 5
7 4
5 34
6 6
7 62
5 43
10 12
5 27
1 87
5 58
5 57
7 11
4 93
2 50
4 28
8 8
7 88
8 67
3 23
7 9
1 1
8 48
1 73
4 58
4 5
5 38
6 60
5 48
10 71
4 40
10 79
1 48
2 49
9 81
9 24
4 53
9 39
10 36
4 75
5 34
6 71
1 100
4 7
7 41
7 29
1 62
8 28
1 84
7 23
1 32
4 51
2 32
1 45
2 69
10 57
10 95
6 50
7 47
5 74
4 88
4 87
5 36
4 71
10 47
4 48
5 47
8 69
8 45
3 8
4 19
5 93
9 31
1 16
4 15
8 89
10 13
3 35
8 12
8 51
7 43
10 67
9 52
5 1
5 43
5 8
4 79
1 84
1 73
5 44
3 9
2 48
8 43
4 90
4 5
8 74
9 86
5 95
1 65
7 20
10 12
9 29
6 51
2 64
2 64
5 88
9 75
1 50
4 38
1 64
1 46
3 82
8 95
8 74
5 18
1 62
10 82
6 64
4 36
10 95
1 30
3 59
6 8
4 19
9 61
3 19
1 8
6 94
5 51
9 43
4 31
7 35
2 52
1 88
1 70
3 99
7 81
5 19
9 87
1 61
8 10
8 18
3 60
9 23
10 96
2 3
2 55
3 95
6 92
8 12
6 1
5 52
5 81
2 20
3 46
10 1
4 14
10 25
4 34
10 81
5 78
10 88
8 9
6 64
10 98
7 34
9 52
8 19
1 65
4 33
10 89
10 61
4 44
8 64
4 86
4 65
4 94
4 100
10 24
1 41
7 7
5 52
7 15
10 73
6 70
7 29
10 26
6 36
10 15
8 15
8 74
8 39
4 7
3 32
5 35
8 97
9 46
7 33
2 74
3 0
1 80
6 55
1 5
3 67
9 60
8 56
10 48
2 69
8 50
3 2
8 25
1 33
6 93
3 75
9 2
1 98
3 79
4 79
1 33
4 78
1 13
2 45
1 88
8 95
6 72
3 31
8 13
5 11
4 49
1 79
7 100
3 97
1 23
1 40
9 95
9 65
2 97
9 51
7 86
9 44
2 15
6 2
5 39
10 21
4 59
8 10
9 28
2 78
1 32
1 40
2 100
3 51
6 44
5 59
7 45
6 55
3 98
7 25
3 46
9 54
1 18
2 39
7 50
8 63
8 94
1 29
2 55
7 42
4 57
7 41
2 7
7 62
8 91
5 76
9 40
7 79
7 87
7 86
6 4
1 97
1 56
8 49
3 92
5 25
5 37
9 72
10 46
4 47
9 8
1 84
7 44
9 56
4 55
1 83
1 80
6 66
3 94
2 2
2 98
3 80
4 52
6 1
9 36
3 3
6 75
2 68
3 65
10 87
8 86
9 29
8 85
7 5
9 9
10 36
7 2
7 41
10 11
2 9
7 51
1 41
8 34
7 74
8 41
7 34
7 23
5 94
8 26
1 79
10 93
6 100
1 59
9 34
10 70
6 36
5 5
8 2
2 28
3 75
8 100
7 90
2 95
6 98
1 0
1 37
1 49
1 42
8 75
7 49
9 59
7 62
6 35
9 60
8 38
7 48
7 52
9 38
9 70
1 49
9 13
2 55
5 36
8 21
7 80
3 91
4 53
4 41
10 95
1 40
1 48
1 1
5 50
7 100
8 56
5 74
5 42
6 99
3 73
8 38
9 66
4 93
2 57
1 26
5 9
6 67
3 57
1 36
1 1
10 41
3 19
10 49
4 90
4 75
9 87
7 79
8 25
9 36
2 65
2 76
9 18
5 77
9 22
2 68
3 65
10 2
4 68
2 98
9 85
3 92
6 38
1 19
6 32
6 54
3 41
2 22
8 90
7 72
3 8
8 19
4 6
5 14
2 87
6 81
9 2
9 27
9 2
8 18
1 86
7 72
4 60
1 20
3 98
3 99
5 95
2 61
4 7
5 23
3 58
4 6
4 93
2 80
5 11
8 44
9 21
1 63
2 97
6 86
9 45
4 29
7 72
6 70
10 94
6 79
10 41
5 42
5 82
7 35
7 60
4 54
3 86
8 11
8 92
10 25
3 16
8 84
4 6
4 97
2 39
5 11
3 85
6 86
10 18
10 51
9 55
1 98
7 55
9 23
9 43
7 77
10 96
4 63
2 69
5 95
5 27
2 100
9 63
4 4
8 99
3 57
7 32
1 83
3 4
2 22
2 100
7 3
7 45
8 73
6 27
4 24
3 43
9 49
10 10
3 77
4 93
8 82
9 9
10 67
3 47
3 18
6 35
2 9
10 67
2 74
9 75
6 34
6 100
10 3
8 80
10 87
7 97
5 23
3 54
4 1
7 71
2 16
9 88
1 59
9 74
3 98
3 97
6 61
8 4
4 93
10 63
1 92
5 8
8 9
7 50
10 59
4 11
5 62
2 52
6 37
1 93
9 55
9 11
7 23
9 21
5 33
7 5
6 64
3 41
2 73
9 96
7 8
8 10
4 11
7 70
6 6
7 3
8 64
3 40
5 91
3 90
4 96
8 8
6 53
1 29
9 69
7 48
3 90
10 30
7 70
2 89
3 18
10 8
3 53
1 31
1 45
4 96
1 12
3 66
7 41
3 18
6 36
6 47
10 41
1 60
8 90
1 23
1 84
2 84
5 35
7 64
7 68
6 74
9 63
10 41
10 74
4 80
8 47
1 73
7 90
3 65
4 5
9 70
10 64
8 78
4 32
3 33
4 1
5 19
2 75
8 60
10 55
4 49
10 77
5 67
9 15
6 52
1 20
3 31
5 97
4 17
4 63
4 76
5 72
7 78
8 30
7 31
2 54
7 54
9 1
5 46
1 79
6 91
8 34
2 93
10 49
9 3
7 20
4 6
5 8
7 42
2 38
2 45
10 37
3 29
6 14
2 23
1 7
2 44
8 44
2 16
5 99
8 11
6 97
5 81
3 31
6 30
5 47
1 74
3 94
8 51
9 75
9 22
1 83
5 18
5 93
3 35
3 3
4 17
10 89
9 20
9 46
4 77
4 86
5 68
6 89
5 59
8 59
5 56
2 52
1 30
5 56
5 54
8 73
10 10
2 64
3 2
1 3
4 52
5 57
5 72
4 19
6 87
2 58
1 92
4 80
3 6
10 96
4 57
7 48
8 78
2 61
5 57
7 72
5 99
8 96
9 7
10 17
4 51
8 43
5 1
4 81
7 29
8 47
10 97
3 90
3 32
2 65
1 17
10 50
5 40
9 21
3 98
4 35
4 26
10 43
1 2
2 37
6 41
1 54
10 76
5 26
10 49
5 48
2 49
7 32
8 45
6 25
1 17
4 72
10 95
9 89
10 45
9 54
9 71
2 60
9 74
2 2
2 59
4 58
6 39
7 25
1 25
1 15
2 0
6 74
1 6
4 31
6 21
8 6
4 28
4 30
2 83
1 100
2 21
7 68
8 52
1 80
2 65
10 16
8 88
2 83
10 32
2 77
5 81
2 80
9 55
8 72
2 73
9 91
1 30
5 9
5 19
2 14
8 2
6 53
7 8
1 4
6 62
1 57
5 59
7 48
9 72
8 47
10 26
9 14
5 20
10 66
6 15
8 18
7 47
8 30
3 10
6 73
4 28
9 55
3 28
10 83
1 36
5 60
5 86
2 49
6 95
6 10
9 14
4 74
2 37
5 42
4 29
1 65
10 10
3 16
2 7
5 91
1 50
6 89
6 79
9 77
1 76
7 69
1 65
10 4
4 33
7 53
3 88
1 46
9 59
1 3
2 10
1 97
4 46
10 31
10 63
4 44
6 27
2 60
7 61
8 5
6 3
10 29
5 72
6 84
4 3
10 21
3 88
5 63
3 9
10 84
8 39
6 67
5 90
5 75
10 37
7 53
9 97
1 78
9 46
6 18
6 59
3 92
8 92
2 89
5 47
5 37
3 53
6 45
4 64
10 4
2 56
5 64
7 5
5 98
4 89
7 24
10 98
3 89
7 11
9 36
2 81
4 11
7 41
10 87
2 96
8 94
7 17
1 60
9 24
6 72
7 23
8 20
10 19
3 88
1 45
4 53
1 38
3 67
2 51
3 10
10 12
7 12
9 67
7 51
8 52
8 19
4 36
2 70
10 100
9 4
7 94
10 63
8 91
3 81
2 1
4 35
1 54
5 2
1 32
3 12
6 96
6 94
10 91
9 3
1 89
1 36
6 60
7 37
4 7
8 9
1 65
8 91
9 46
4 32
6 83
1 33
1 81
9 29
9 68
3 34
3 57
5 3
2 72
3 83
9 8
1 74
4 7
7 95
4 13
1 55
5 55
4 14
9 1
7 38
9 81
9 69
9 28
6 85
9 99
2 76
2 3
9 1
4 0
9 45
6 33
5 68
4 40
4 19
3 54
8 24
1 46
10 91
7 79
1 57
1 96
3 11
1 98
1 98
7 89
1 44
6 67
1 60
2 34
8 37
5 44
1 19
5 72
2 56
4 36
9 31
10 2
4 22
3 12
10 69
8 5
1 46
8 55
10 15
2 74
5 5
3 82
6 70
2 87
1 87
2 55
3 27
6 42
6 40
10 51
1 53
7 25
4 69
2 58
4 24
8 77
8 31
8 29
5 55
10 31
4 25
3 89
3 75
1 62
6 98
6 61
9 96
7 82
8 30
8 19
10 27
1 81
2 58
4 9
9 63
5 64
4 39
4 18
2 0
8 16
8 50
2 20
5 44
2 13
1 95
5 22
9 10
2 65
10 31
9 22
6 83
8 42
7 19
6 80
8 40
9 29
7 47
9 80
3 44
3 40
10 24
7 63
3 19
9 42
8 64
8 20
4 64
10 18
10 97
6 58
2 55
9 54
1 77
4 40
6 4
8 21
7 88
10 18
4 18
10 47
7 80
3 100
9 77
9 96
9 82
7 40
3 46
1 11
8 41
10 89
4 60
4 27
6 48
8 3
2 46
3 52
7 42
5 57
7 32
5 94
1 95
3 96
10 96
8 18
2 2
4 79
6 81
4 16
3 7
8 68
4 75
10 37
1 0
5 3
4 30
8 19
4 21
8 4
7 64
9 19
7 35
5 5
10 29
9 44
9 82
8 55
2 27
6 33
10 99
8 43
2 93
10 48
8 82
9 55
8 76
8 24
1 71
8 5
3 12
3 67
5 88
7 0
6 71
4 20
10 84
7 1
9 57
5 33
5 33
5 64
8 76
2 67
5 15
2 89
8 70
10 51
4 46
7 71
3 81
6 17
2 86
9 93
1 5
10 14
7 98
10 100
3 29
8 28
5 28
5 76
8 12
6 54
9 48
7 24
5 60
2 13
5 71
1 67
6 76
4 52
1 40
2 53
6 30
5 18
1 65
7 65
4 40
3 99
2 10
3 93
3 4
9 55
8 93
4 24
10 38
6 59
6 85
4 44
8 9
3 87
8 2
10 94
5 79
2 94
1 31
4 18
5 36
1 60
7 63
2 69
9 8
6 19
6 97
3 85
9 80
10 90
2 73
9 15
2 71
7 4
6 20
10 24
9 58
6 92
8 60
3 99
3 41
1 29
2 1
1 81
10 57
5 25
2 46
10 17
5 15
8 0
7 20
9 63
7 9
5 87
5 33
5 30
10 37
9 5
3 38
10 65
5 52
10 82
4 97
2 76
9 90
7 17
1 16
10 12
2 46
6 96
2 62
2 56
8 19
10 79
4 12
2 74
5 18
7 94
1 84
7 91
1 77
2 32
9 71
3 42
6 93
6 85
6 59
1 32
5 48
9 30
4 34
8 62
3 75
9 64
6 60
3 87
4 52
4 53
2 4
6 1
6 9
3 40
9 87
1 80
3 50
6 63
1 39
5 0
2 97
4 22
5 42
2 6
2 4
6 65
3 4
8 92
1 0
9 88
10 6
2 40
7 68
8 51
8 52
10 7
9 72
3 21
6 73
9 88
4 20
7 73
3 34
8 60
4 7
3 27
3 13
2 8
5 32
7 93
7 27
2 28
4 100
3 43
8 63
4 11
9 93
2 10
5 98
6 28
9 30
6 100
3 60
4 14
9 59
10 19
4 16
6 84
8 88
2 90
8 86
2 2
1 1
2 63
5 23
5 39
1 29
2 64
6 21
7 14
10 94
4 48
8 66
1 8
4 4
9 59
8 84
9 27
1 73
8 87
8 36
2 8
8 55
4 49
9 91
4 72
9 36
7 72
2 78
5 9
6 30
5 30
2 57
2 70
1 98
8 33
7 42
8 68
7 52
2 70
7 42
1 13
1 69
4 36
8 80
1 15
1 38
8 19
6 88
10 52
2 15
8 33
3 9
4 18
9 50
2 93
6 4
8 71
2 59
3 97
8 25
7 64
7 65
2 6
2 46
5 60
7 97
1 43
4 42
5 6
1 21
8 91
3 30
9 7
3 71
7 18
1 75
4 40
5 2
5 48
7 32
2 33
9 100
7 2
1 78
6 92
7 81
7 58
5 33
3 75
8 69
2 24
8 59
7 74
4 47
3 0
4 83
6 28
7 91
9 29
5 91
5 5
5 37
9 80
3 94
2 44
8 14
4 92
2 72
3 16
7 4
3 28
10 27
2 25
7 85
9 50
10 11
6 79
7 92
10 5
2 22
9 49
4 45
10 98
1 91
3 39
1 25
7 18
9 94
1 100
2 77
3 29
2 13
7 39
4 39
5 68
8 14
4 35
5 86
10 11
1 86
5 89
8 46
5 47
6 80
6 16
1 22
10 52
8 83
7 2
10 45
7 58
2 45
2 70
2 13
1 6
6 48
4 34
2 84
2 28
7 93
8 71
3 92
8 40
7 60
5 87
3 52
8 16
10 7
6 46
6 45
2 19
3 21
7 61
2 88
4 80
6 65
10 23
1 30
9 52
8 70
8 40
10 32
4 4
7 6
5 11
6 46
10 48
6 100
8 60
7 43
1 92
2 27
10 4
10 39
7 95
8 13
1 45
5 88
10 44
4 18
6 79
6 53
7 99
3 75
6 4
10 93
1 45
2 6
4 23
10 78
6 97
6 13
5 47
9 51
7 45
2 26
8 19
4 17
10 35
6 85
8 17
10 88
6 50
6 48
6 28
2 85
8 97
9 47
9 44
6 19
1 83
3 5
2 12
7 10
4 58
6 80
1 59
10 67
1 46
8 0
1 95
9 12
9 52
6 5
1 98
2 19
2 74
4 31
7 83
8 87
5 14
2 55
10 19
9 85
1 50
2 36
9 91
6 97
1 25
1 41
10 20
9 0
2 16
2 27
4 60
5 85
2 62
1 11
2 42
10 18
2 71
2 63
4 29
3 55
9 0
9 19
4 46
1 90
1 83
10 9
7 74
9 39
7 69
8 16
4 29
6 74
4 1
4 28
2 92
6 41
1 99
8 1
1 43
4 72
1 56
7 75
5 42
7 96
7 10
2 75
9 65
7 39
5 8
3 2
7 1
7 91
1 72
7 51
8 11
10 21
3 87
5 7
8 33
5 44
6 26
2 13
1 75
9 12
6 28
9 86
1 28
6 86
10 21
5 52
10 4
10 41
5 8
9 90
8 85
3 63
9 72
6 60
6 60
7 78
9 51
1 72
4 58
2 95
7 43
7 39
7 87
3 63
8 61
7 40
3 25
8 85
3 98
3 87
6 46
1 79
3 26
3 56
2 26
6 78
10 88
4 62
1 75
6 7
2 19
3 91
2 86
10 49
9 93
6 7
5 95
5 93
1 0
5 9
5 1
8 85
8 20
10 8
7 18
8 32
5 76
6 91
4 26
3 97
8 16
10 88
2 87
4 58
4 4
2 44
6 55
7 17
3 20
2 37
6 52
10 89
5 46
5 58
8 93
5 50
9 9
6 13
10 73
9 21
9 18
10 7
10 99
2 81
5 18
3 1
9 59
9 60
6 62
9 91
6 51
2 3
9 2
9 46
10 20
2 95
3 20
9 61
10 15
8 16
5 65
5 43
8 94
1 79
9 79
1 82
9 78
6 70
3 47
8 100
5 40
2 34
4 0
4 27
2 62
1 61
7 30
8 93
5 87
4 62
2 69
1 66
3 6
1 19
7 94
10 19
4 47
3 10
3 2
3 26
9 40
7 71
5 81
7 82
4 86
4 79
2 21
7 56
7 59
2 22
7 94
2 46
8 10
5 90
7 32
1 69
10 38
7 62
3 61
7 74
7 38
6 53
6 23
9 76
4 79
4 13
4 10
9 18
10 15
7 78
8 76
5 7
2 47
7 25
1 7
4 58
7 28
7 12
10 85
4 99
6 68
1 84
10 61
10 50
10 86
4 14
1 43
10 21
4 75
6 42
6 67
7 86
10 13
8 64
6 47
4 78
6 82
6 67
1 37
8 93
10 16
9 56
10 0
1 36
3 28
3 65
4 73
2 89
2 63
5 62
5 98
7 26
9 28
8 9
9 31
5 39
2 41
1 58
3 38
5 6
6 32
5 10
2 89
1 70
7 56
4 66
6 44
8 31
7 59
4 65
9 34
7 98
7 62
10 18
5 46
6 42
4 54
6 22
6 47
4 70
5 15
10 11
10 84
10 64
1 28
9 34
7 10
9 77
3 17
6 73
3 3
5 20
3 37
5 82
9 77
2 69
4 24
5 56
10 56
7 49
5 48
2 34
4 58
2 52
3 81
7 0
10 19
2 31
2 92
2 84
7 63
3 26
6 0
6 19
9 32
8 11
7 13
1 83
8 19
5 8
8 97
3 80
1 85
10 43
1 28
8 29
2 18
1 54
1 4
6 53
1 30
2 21
2 20
5 64
4 49
8 72
4 8
5 90
5 88
10 19
8 8
7 96
4 32
5 89
4 99
6 57
10 45
5 53
6 50
4 58
8 40
9 96
10 72
7 3
8 23
2 26
10 32
5 34
1 42
6 89
6 10
10 60
3 11
4 37
9 34
4 72
2 17
10 93
2 31
2 24
5 10
1 64
6 98
9 95
3 4
5 49
7 3
2 76
4 6
10 67
10 5
5 88
2 62
1 25
2 14
8 86
2 59
2 83
2 74
6 14
7 53
5 39
1 95
8 15
3 20
2 35
10 22
2 68
2 3
5 83
2 99
5 85
4 8
3 23
7 87
1 59
10 50
8 87
5 80
5 54
8 26
1 100
8 35
10 81
1 51
5 84
8 59
10 36
1 38
2 49
1 20
8 77
5 2
2 42
1 20
3 50
10 2
6 27
3 77
7 8
10 57
6 55
3 81
3 5
1 77
2 77
5 91
3 98
3 98
3 68
2 13
8 65
9 12
6 88
5 5
6 62
10 95
5 63
5 27
7 74
1 26
9 53
9 88
2 96
1 21
3 87
6 12
10 92
1 100
5 28
9 16
3 50
10 23
10 24
1 99
2 5
8 14
2 99
2 53
7 95
7 53
9 56
9 54
3 99
2 22
4 67
3 21
5 8
10 75
7 45
10 41
8 94
5 40
3 46
5 60
1 56
7 17
1 94
2 41
10 81
1 51
2 48
2 62
3 19
6 32
7 19
1 22
1 73
6 55
7 13
1 68
8 62
5 21
1 34
5 18
3 75
6 9
9 19
10 2
5 7
9 1
9 66
8 40
9 50
7 75
8 18
9 27
2 86
1 21
1 66
2 98
5 6
7 64
8 54
3 93
3 80
7 32
4 83
1 80
1 43
8 47
3 85
3 19
6 46
7 77
9 14
9 76
2 89
2 21
5 71
6 100
9 9
3 57
1 0
2 22
4 60
9 88
5 84
3 88
1 91
1 52
3 90
3 38
9 69
6 24
5 59
6 96
2 72
3 48
9 37
8 77
3 39
6 80
5 21
5 45
4 19
4 3
6 71
10 22
2 88
2 91
1 94
5 39
8 46
9 33
3 39
5 50
4 96
3 56
8 61
9 23
2 14
8 3
2 84
10 9
2 41
9 25
6 34
7 49
10 73
4 8
3 88
1 26
10 15
9 100
2 100
4 3
10 66
5 75
5 15
9 59
3 11
3 0
10 35
1 57
4 28
9 54
9 25
3 38
4 39
5 83
7 16
5 12
9 100
4 56
7 95
7 56
3 15
5 15
6 96
4 7
2 82
1 45
8 71
5 60
10 33
9 36
10 67
6 13
3 98
4 40
4 21
4 2
9 35
2 93
7 26
1 26
5 75
10 47
10 53
9 66
6 9
3 57
2 34
3 76
10 47
5 65
5 50
7 95
6 63
4 3
7 31
4 22
9 24
3 70
7 28
5 74
7 7
10 44
9 35
5 27
4 25
5 45
4 0
7 2
10 67
5 30
8 28
3 93
8 11
7 13
4 72
7 39
10 47
5 71
7 24
4 24
9 95
7 68
6 60
4 31
10 99
7 27
8 29
4 36
1 62
3 91
9 82
3 85
1 38
7 53
1 22
2 16
10 27
1 34
9 95
4 95
1 63
8 65
6 28
9 77
8 34
10 9
1 44
9 50
7 29
7 50
1 10
5 60
6 33
8 86
7 80
6 79
8 8
4 52
6 93
6 39
7 78
2 21
1 19
9 79
6 58
5 44
10 27
6 41
3 12
3 99
5 32
4 68
8 61
7 81
2 39
4 8
10 94
1 5
5 13
10 44
2 59
2 45
2 58
8 11
1 74
1 76
2 24
8 26
9 99
8 35
3 43
6 24
6 36
6 0
8 72
4 51
4 63
3 77
5 65
3 63
2 89
4 1
1 14
6 83
6 78
1 98
3 100
2 39
8 7
6 48
4 24
6 85
3 28
4 81
10 62
1 4
9 58
10 58
8 78
3 68
5 100
3 73
6 82
1 38
7 31
3 89
4 98
2 31
4 100
4 95
8 24
7 13
5 85
5 22
9 50
5 17
7 58
9 17
7 64
4 85
4 87
2 94
3 85
10 62
4 17
9 77
8 68
2 39
4 100
3 96
2 65
9 17
2 47
4 45
3 76
2 28
6 49
6 55
9 82
5 95
10 87
10 51
7 79
3 59
9 20
6 54
5 59
2 21
9 22
1 20
4 42
1 29
4 46
1 24
10 88
2 82
10 67
5 94
7 17
4 42
3 47
2 54
9 88
7 68
4 47
9 61
5 3
5 6
7 98
5 78
2 25
2 27
5 57
9 95
7 94
8 64
2 41
4 12
4 25
9 61
7 100
8 81
6 73
9 14
7 10
6 55
10 85
9 91
1 100
9 82
7 55
2 30
1 83
7 23
10 27
6 67
2 2
9 33
8 63
1 61
3 6
5 30
9 51
5 36
6 5
1 93
4 52
1 50
7 71
10 41
9 52
7 32
1 41
10 57
7 6
3 34
4 48
3 30
1 81
10 56
4 89
1 2
6 80
1 70
7 11
10 91
3 61
9 72
9 28
2 82
1 65
4 73
2 2
2 40
10 99
7 63
8 61
7 1
6 79
9 28
10 60
1 63
1 35
7 67
2 16
9 60
4 59
4 89
7 90
2 66
10 62
7 34
7 23
1 34
1 37
4 85
2 5
9 3
9 61
5 63
2 44
1 69
7 49
1 20
3 49
3 91
4 68
8 64
6 18
2 97
1 65
6 90
6 81
9 43
4 75
4 24
4 40
2 27
5 36
6 23
2 41
10 54
4 45
5 91
1 33
8 54
8 8
3 100
9 85
8 68
7 53
5 16
3 17
3 3
2 77
5 53
5 72
6 49
9 21
2 0
1 34
3 58
10 90
1 22
1 9
7 27
9 20
4 28
7 68
10 51
1 21
7 74
2 60
9 10
8 66
2 26
5 48
3 77
5 22
3 64
6 32
3 91
5 7
2 35
1 64
6 2
2 46
10 8
3 43
3 13
1 33
4 86
7 12
10 10
7 97
4 96
8 89
10 82
6 4
10 100
1 33
7 31
5 29
9 80
4 25
2 33
2 3
10 34
5 70
1 9
3 2
4 3
2 31
4 15
3 36
3 88
2 36
5 100
2 75
10 4
4 89
2 36
5 63
8 36
3 12
5 8
10 63
10 97
3 79
10 53
10 48
9 59
4 29
1 19
1 89
3 50
6 85
8 87
5 88
1 87
8 23
6 34
1 94
9 30
1 0
5 3
3 28
4 44
2 81
4 86
10 20
3 94
3 27
3 61
2 36
3 13
4 61
7 94
4 95
9 68
9 11
4 94
10 8
10 4
8 77
8 92
7 92
7 76
6 7
2 45
3 71
7 56
2 63
3 95
7 18
3 47
5 46
8 21
8 20
8 25
9 97
1 84
10 71
1 89
5 90
2 60
5 24
6 94
7 63
5 38
6 18
8 40
3 37
10 25
4 2
6 75
8 73
7 100
3 89
4 82
4 97
4 78
1 16
7 30
2 59
10 87
1 90
8 21
6 49
3 15
10 64
8 64
9 29
10 46
8 42
9 92
4 29
3 100
5 48
1 47
10 84
2 51
9 15
4 51
4 17
2 90
1 8
9 83
7 32
10 59
7 96
1 64
10 99
10 88
6 1
1 82
2 6
2 56
8 70
9 44
4 34
4 10
6 35
6 71
8 5
6 44
5 85
4 40
9 84
3 99
1 35
1 91
5 52
8 48
9 92
1 33
8 100
5 49
6 26
1 16
8 75
8 53
2 34
9 8
4 19
7 53
8 94
1 38
9 72
8 22
8 1
4 24
1 5
5 78
8 93
2 100
9 83
1 89
6 7
9 99
4 18
9 4
2 63
6 3
9 80
1 58
2 22
1 16
1 97
2 6
5 75
8 44
2 33
7 65
4 19
4 60
7 4
4 19
5 2
4 46
3 54
8 75
7 66
7 48
7 10
1 55
2 48
10 5
10 32
8 86
5 100
2 86
10 7
2 45
5 82
8 88
10 71
5 42
4 24
2 12
8 65
7 42
6 3
4 40
2 3
3 86
9 41
8 41
1 15
2 2
9 2
8 96
5 46
7 25
7 39
9 14
6 81
5 82
6 50
8 12
1 50
2 19
4 75
4 5
2 77
3 41
1 83
5 8
2 32
1 74
9 3
7 94
6 63
4 61
5 79
9 54
5 51
10 60
3 12
3 14
7 21
7 65
8 55
4 35
10 64
2 79
6 97
4 6
5 81
8 59
8 57
1 19
5 11
9 24
5 71
10 9
7 58
8 20
8 52
3 81
6 5
2 94
5 96
8 78
5 71
2 3
5 40
9 45
3 16
2 48
5 24
8 89
2 37
2 50
7 54
3 85
3 90
1 70
3 33
3 16
7 98
9 16
1 29
9 2
6 31
4 84
9 88
2 91
2 20
8 65
6 87
9 90
1 59
6 11
3 45
9 96
7 88
7 29
6 48
4 38
9 14
3 35
9 53
9 27
5 94
10 23
2 32
5 63
3 41
10 66
10 82
8 92
3 81
7 49
1 94
8 5
7 37
7 76
7 84
4 29
3 0
1 43
9 29
5 41
7 3
4 47
5 56
9 87
7 2
1 20
5 12
1 38
10 9
8 18
3 79
1 29
6 11
5 5
8 23
5 78
3 90
1 1
9 37
4 45
6 10
10 25
1 59
4 86
3 64
4 87
5 48
6 36
1 45
3 72
1 5
8 71
8 93
5 5
8 55
8 49
9 6
1 87
7 22
8 50
10 81
8 72
5 67
10 73
1 9
3 38
4 41
4 28
10 9
9 38
4 20
9 26
10 100
9 63
2 77
8 70
2 93
9 30
3 18
9 42
6 44
10 21
5 4
1 93
1 64
8 80
2 29
6 25
5 12
9 50
1 42
2 31
9 99
6 100
6 0
7 93
1 52
10 96
2 70
8 4
4 71
4 35
7 77
2 37
5 88
6 54
6 94
9 19
7 79
4 88
7 43
8 9
5 78
8 68
1 43
4 21
2 3
9 22
1 45
4 76
8 69
9 35
7 16
4 49
10 41
5 67
5 79
6 92
2 35
5 73
8 30
9 71
4 10
10 70
9 38
2 21
2 16
7 8
8 27
6 40
10 15
3 59
5 96
3 0
4 90
8 53
2 12
3 24
10 76
8 96
8 80
9 70
7 71
2 34
6 62
6 55
3 79
9 28
1 95
8 39
8 87
1 89
5 38
7 92
9 62
10 49
9 33
5 87
2 91
4 43
10 35
5 24
10 36
1 5
3 1
1 16
6 88
1 96
10 50
10 31
6 57
9 4
3 21
4 38
7 45
8 77
2 74
9 70
1 35
10 67
5 35
10 23
3 47
3 84
4 34
1 0
7 55
2 62
5 56
6 13
9 23
6 67
10 81
5 12
9 26
5 3
7 28
7 78
6 90
4 74
9 36
5 92
2 9
5 40
5 83
9 62
10 99
2 84
10 23
3 21
8 1
4 35
5 13
7 37
3 26
10 62
8 5
4 58
7 79
1 24
7 56
8 16
5 5
1 63
4 2
2 83
2 67
6 68
2 75
3 54
9 25
4 10
1 63
8 91
1 36
8 21
2 19
3 49
4 4
5 94
5 67
7 99
1 40
7 12
4 21
6 3
4 71
2 23
6 86
3 32
7 40
4 91
10 31
8 61
5 10
2 20
4 87
3 61
10 90
10 43
4 29
5 96
5 22
3 42
7 74
3 56
8 24
7 32
10 28
5 45
3 9
10 61
10 95
9 98
10 48
10 80
3 53
3 17
1 58
9 68
7 20
4 25
10 55
5 82
9 82
3 15
5 55
10 15
9 85
9 23
1 97
4 15
10 36
2 80
8 4
4 25
9 99
3 3
1 86
1 73
7 56
8 36
2 60
4 0
9 63
10 7
1 71
3 27
4 60
1 88
3 85
8 48
4 64
3 12
10 49
6 62
10 90
1 89
10 81
4 66
3 20
4 42
5 58
8 75
10 95
10 67
10 83
7 6
9 2
10 71
7 16
6 17
9 51
1 52
10 30
8 41
7 12
7 33
3 67
10 42
6 50
4 13
10 29
10 25
10 26
2 59
6 31
6 65
2 72
5 94
4 17
1 76
4 55
1 7
1 81
4 16
6 6
5 49
10 83
9 2
4 78
3 55
4 78
4 16
10 93
10 18
5 44
7 11
6 46
1 68
8 27
5 71
7 90
10 23
2 74
9 15
8 93
3 17
6 93
9 64
7 56
3 100
7 41
9 18
9 52
6 31
9 75
3 53
5 16
7 56
5 48
1 71
1 91
6 3
8 44
5 3
7 82
1 79
7 54
7 30
6 52
10 18
5 27
4 67
2 86
1 4
5 63
6 42
1 84
3 80
3 95
2 23
9 20
4 5
8 33
2 91
1 13
4 58
7 59
1 49
7 14
1 13
9 73
3 50
8 14
7 77
10 55
4 15
4 37
4 88
8 6
9 61
10 5
9 1
9 53
3 17
6 84
3 44
6 99
2 1
9 98
5 87
7 61
7 64
10 30
7 95
4 85
6 50
6 81
7 95
10 52
9 43
6 20
2 21
6 61
10 4
9 30
3 68
3 33
3 20
2 37
5 1
4 97
4 31
8 84
1 63
10 39
6 52
7 18
2 82
9 71
9 83
1 68
2 14
5 9
7 68
6 68
6 6
9 68
6 44
7 72
5 47
8 79
1 16
6 86
9 6
1 39
2 52
1 34
1 0
10 46
7 36
10 50
2 63
4 17
9 23
8 73
7 49
9 56
5 9
1 58
10 82
4 26
7 1
9 41
3 14
1 96
9 45
8 62
8 24
3 77
10 74
9 9
6 64
5 29
5 79
2 66
10 92
9 11
1 20
2 17
4 65
8 13
7 95
6 16
9 0
7 51
10 84
7 1
9 57
8 66
7 32
7 6
10 83
8 44
4 79
2 71
1 53
7 36
4 92
8 33
6 71
8 28
3 25
2 75
9 86
1 54
1 6
6 45
3 78
9 64
1 63
3 4
10 60
6 96
2 23
6 60
10 92
10 42
5 53
9 27
2 7
4 12
5 8
7 24
2 85
5 24
1 86
6 23
10 98
2 100
5 28
7 18
3 29
3 16
2 20
3 63
7 0
8 19
6 35
1 22
1 11
8 95
4 55
5 25
10 66
3 89
7 83
10 86
4 77
1 25
10 83
10 19
3 93
6 55
9 23
9 82
5 6
7 19
1 1
9 56
3 97
6 78
6 52
9 97
7 22
7 61
3 36
2 42
8 61
3 32
9 22
5 63
9 11
4 37
9 88
6 64
7 33
7 89
1 98
8 0
9 78
3 56
4 47
1 14
7 96
3 88
6 92
1 96
10 0
2 60
2 98
7 95
4 83
7 96
4 55
4 35
5 67
3 50
6 30
8 38
6 87
10 59
8 72
7 51
4 94
2 59
3 74
1 76
4 35
8 24
10 33
3 30
10 59
7 60
8 1
3 1
9 53
8 51
3 13
1 24
3 52
1 71
9 100
6 69
8 5
1 21
5 44
8 79
10 54
7 82
7 12
1 22
10 59
1 99
7 3
6 62
7 95
1 82
2 76
10 26
5 14
5 74
4 87
5 56
4 100
10 90
1 12
4 17
3 13
10 54
1 1
4 43
9 40
2 40
3 85
8 94
10 92
9 16
6 16
7 68
9 81
6 22
4 28
4 71
6 100
7 80
1 9
10 43
10 81
1 76
6 62
10 25
3 13
9 45
4 76
8 60
2 60
8 26
9 92
3 42
3 39
3 73
5 31
4 37
8 41
3 67
8 41
7 1
5 9
2 60
5 84
6 74
8 15
8 99
9 42
4 39
5 40
3 53
1 49
4 16
4 78
7 85
5 65
8 20
8 34
9 79
7 100
4 79
2 65
4 43
5 86
2 75
6 21
9 76
10 51
2 66
5 78
1 96
5 42
8 9
9 18
5 47
7 72
5 55
5 49
6 1
6 7
5 1
9 39
7 22
6 70
3 99
4 25
10 11
9 96
1 72
9 42
3 73
7 94
8 63
10 84
5 78
1 55
2 80
2 17
3 70
2 57
1 82
3 70
9 78
3 81
1 43
10 30
8 76
6 87
2 37
3 52
8 62
7 4
7 65
2 92
8 42
1 77
5 80
8 80
3 93
3 89
2 3
2 45
7 78
9 1
5 80
2 94
2 41
8 46
8 80
7 75
1 89
9 0
8 49
10 73
6 29
2 9
5 24
9 15
1 53
2 40
2 97
3 40
8 30
2 74
8 91
7 35
1 79
8 3
2 68
8 18
3 4
9 9
10 99
5 53
6 7
8 97
4 79
1 44
2 69
1 24
3 48
8 15
2 30
9 83
10 20
3 46
9 44
4 0
1 49
1 70
8 79
7 2
6 49
3 60
8 36
4 54
10 68
5 32
6 1
1 9
3 77
3 49
7 70
5 73
9 91
4 62
1 70
6 65
4 17
3 29
2 91
7 75
5 7
3 13
2 86
1 91
10 91
10 93
4 16
8 27
5 65
1 55
1 49
2 85
5 5
1 52
4 71
6 18
1 89
9 51
10 71
1 45
2 35
9 20
3 10
6 83
10 26
8 16
8 59
1 77
6 40
9 56
6 56
1 7
5 46
4 15
3 14
9 68
8 88
7 16
4 32
4 36
6 36
9 60
1 11
9 79
5 53
6 42
10 96
8 25
2 86
5 13
1 87
3 18
2 62
1 53
5 8
9 33
7 87
6 86
2 98
8 73
8 65
9 19
6 27
8 89
8 92
4 18
8 84
2 51
10 17
8 58
9 12
4 93
6 27
6 74
2 77
4 60
9 85
7 21
1 14
3 2
4 85
8 97
9 31
1 94
9 74
3 25
10 7
9 45
1 75
3 22
1 65
4 6
6 90
6 25
8 38
6 90
7 64
4 21
9 10
6 13
8 59
3 29
4 46
2 32
5 4
10 52
4 48
8 64
6 20
6 30
9 2
2 87
5 74
7 81
7 83
5 65
10 33
2 70
7 12
7 99
7 46
8 71
5 30
9 44
4 43
8 5
10 37
7 28
10 8
7 34
5 9
1 36
6 34
1 33
4 49
2 52
9 82
10 18
7 99
5 80
6 93
1 11
4 34
2 91
5 85
9 96
1 59
7 7
2 71
7 24
2 13
8 71
3 81
4 64
3 71
4 41
7 25
7 20
9 35
6 43
3 93
5 76
1 29
5 9
9 19
9 97
2 32
8 34
4 22
3 94
5 80
1 56
7 90
3 28
7 2
7 0
6 71
6 87
8 33
5 53
7 39
10 18
9 77
6 16
10 20
9 67
5 91
7 56
5 43
9 10
4 47
1 45
1 78
2 79
5 34
6 27
1 100
2 34
8 39
5 53
5 3
7 58
5 66
9 3
3 42
10 81
7 47
7 11
6 18
8 56
5 63
5 74
10 100
6 93
5 83
5 38
2 21
3 10
3 39
10 35
8 65
2 43
7 49
7 76
2 35
5 80
2 95
7 6
9 4
5 32
4 32
5 86
1 43
9 99
10 8
6 26
2 17
8 43
6 61
4 49
4 48
6 90
6 2
6 91
2 59
6 25
6 53
2 30
5 59
10 90
1 22
8 11
9 46
3 97
9 85
3 94
2 56
9 34
6 57
3 70
6 93
4 18
3 66
10 92
5 85
1 96
9 48
8 4
1 15
4 37
7 55
8 89
4 66
6 50
1 28
8 95
7 97
1 96
9 3
9 95
4 1
5 60
3 90
3 79
7 71
8 99
6 39
7 0
8 91
7 4
9 9
3 95
10 77
1 89
1 10
8 7
9 27
4 58
9 45
5 96
7 85
10 81
9 21
4 3
8 59
8 87
1 22
5 80
10 87
3 10
5 46
2 19
6 17
10 4
5 16
1 56
3 4
6 35
1 4
2 93
7 48
7 86
1 84
1 87
6 50
1 77
9 64
2 10
5 68
4 61
4 70
5 67
1 86
6 20
8 45
4 27
3 8
5 44
3 71
5 48
7 76
10 45
3 19
5 23
7 31
10 98
7 100
6 46
8 24
7 13
10 5
1 93
9 55
5 65
8 74
4 94
8 6
5 60
7 94
8 99
1 75
2 11
3 93
1 49
8 87
4 64
2 57
2 8
8 25
3 77
5 73
8 38
5 81
3 31
4 0
4 54
8 14
9 35
2 78
5 45
2 33
6 65
7 96
4 94
8 43
10 44
4 40
2 95
3 14
4 57
9 85
3 53
6 48
3 17
3 83
2 40
6 54
6 99
4 21
7 76
9 57
7 85
10 95
6 87
4 7
6 57
8 62
9 51
3 84
5 14
6 33
9 52
7 66
8 72
6 85
7 40
6 43
5 83
1 78
2 35
10 55
5 15
8 0
9 91
1 8
1 80
8 8
2 47
4 6
8 33
1 56
6 39
2 90
6 70
6 86
8 88
4 65
4 34
8 92
9 74
2 60
6 93
4 54
1 22
10 77
10 68
7 44
4 40
4 31
4 25
9 73
10 21
9 82
8 53
3 28
7 6
1 0
4 89
3 27
3 79
3 87
3 27
1 35
7 85
6 0
2 14
6 70
3 40
3 3
9 61
3 64
3 33
8 80
9 86
5 26
8 25
6 21
8 82
10 13
8 28
2 11
3 44
1 29
9 100
3 75
2 8
8 38
1 66
10 32
6 99
2 3
4 58
6 1
8 41
6 67
8 89
8 77
1 91
9 78
3 78
10 0
5 3
4 50
9 74
6 4
1 97
10 75
3 75
3 99
2 56
7 0
2 27
2 1
4 13
6 78
10 0
1 2
3 93
9 97
10 37
1 72
6 6
5 80
10 15
5 78
2 95
5 7
2 58
5 62
2 7
4 35
8 7
10 6
2 82
4 21
9 92
4 33
8 46
5 26
5 6
3 14
2 2
10 10
8 85
4 25
8 38
6 69
6 21
2 35
5 15
5 96
1 81
8 40
2 10
7 15
1 76
1 53
5 1
8 23
5 4
7 89
7 90
4 60
5 30
2 30
4 26
6 85
6 50
7 26
2 74
9 80
3 60
7 60
7 87
4 77
8 21
3 6
9 67
2 79
1 88
4 6
5 77
10 71
10 100
2 73
2 8
2 67
8 98
7 56
10 41
9 29
1 99
6 58
6 92
9 28
1 42
5 1
7 7
6 68
1 89
5 49
5 15
7 32
3 84
4 46
4 91
5 96
7 86
7 12
5 94
7 49
6 69
7 46
6 19
3 41
8 64
8 84
6 65
1 95
8 25
9 73
5 6
1 68
9 68
6 95
4 50
1 94
10 8
7 36
4 100
8 81
1 3
10 42
1 23
8 98
9 6
7 8
5 33
8 8
4 74
8 45
5 12
1 87
5 29
2 85
9 76
6 23
6 20
6 82
8 6
7 85
10 91
1 21
1 67
4 42
4 47
6 91
2 88
6 53
7 87
6 5
5 12
4 20
5 32
1 50
7 18
10 80
6 41
10 100
9 85
6 96
10 5
5 63
9 24
10 9
3 99
3 45
2 54
7 99
3 31
7 74
2 20
9 88
3 75
8 59
5 61
5 94
4 37
5 89
2 95
6 39
5 80
7 90
5 98
10 75
9 49
10 12
1 44
4 31
4 59
9 82
1 5
1 94
3 23
3 15
7 74
6 99
2 25
2 73
7 40
4 66
2 41
8 85
10 16
5 65
4 48
10 52
8 80
3 24
2 0
1 71
9 15
5 62
8 3
3 10
7 9
1 39
8 14
1 67
10 91
4 22
7 47
8 90
1 10
3 22
9 77
4 96
6 83
5 92
7 32
8 34
2 58
8 94
1 47
9 100
9 28
3 55
1 35
10 7
3 97
9 24
5 29
2 46
7 21
5 5
9 17
3 3
10 35
1 24
2 68
8 86
6 63
1 19
7 88
9 46
1 80
7 63
7 55
2 35
7 60
5 52
1 24
10 82
5 24
9 9
1 80
4 25
5 19
3 41
2 52
2 54
1 86
8 23
9 85
9 33
9 98
2 18
4 76
1 12
4 66
3 90
8 78
2 27
8 83
6 67
8 92
6 60
6 26
4 45
5 14
7 100
6 1
6 71
1 55
2 98
8 40
4 37
5 88
5 6
7 83
4 0
3 99
2 31
6 26
4 79
5 40
8 96
6 76
4 9
9 65
7 77
8 13
5 41
2 51
8 57
10 17
10 35
3 65
3 59
7 32
10 64
2 49
8 34
6 84
2 55
8 30
2 18
10 33
1 77
7 38
5 99
8 52
8 35
5 33
4 35
1 28
10 98
7 42
2 86
5 35
7 20
7 30
4 22
10 35
7 96
8 33
8 18
10 63
9 99
8 40
2 98
7 60
8 5
7 39
5 14
8 14
8 59
6 0
2 87
1 56
8 20
9 65
1 45
7 4
4 58
4 12
2 30
2 20
9 69
4 77
10 82
5 72
2 13
8 90
2 76
1 99
9 55
9 18
1 57
6 18
9 78
6 71
8 16
7 48
10 11
4 99
5 40
4 34
10 63
7 62
10 5
7 16
9 17
6 91
8 91
10 81
8 74
5 13
6 48
8 87
9 93
1 77
1 48
4 64
9 85
1 42
4 31
9 55
9 68
5 55
2 91
6 61
8 17
3 51
1 68
8 42
5 71
5 2
9 27
1 37
3 70
8 40
2 29
4 88
9 85
4 22
6 12
2 4
1 3
3 47
7 52
1 28
8 11
10 58
1 39
8 59
10 2
8 40
7 15
9 20
9 56
4 32
5 0
7 48
7 56
8 57
10 47
3 14
1 47
8 74
6 52
1 45
4 81
1 40
4 63
3 86
5 41
3 65
1 30
4 93
1 67
4 61
4 55
6 86
10 25
4 18
10 44
9 65
10 100
8 70
2 22
10 32
7 21
5 98
10 83
4 31
9 32
9 44
4 90
3 39
2 72
5 59
2 3
8 65
1 59
6 80
1 48
7 16
4 23
4 82
7 50
2 35
3 85
6 16
6 81
8 88
5 88
6 4
10 80
3 92
3 5
9 51
9 33
8 62
4 65
6 98
7 54
8 93
2 25
9 58
9 84
7 49
8 57
9 87
3 63
2 65
10 83
1 5
4 45
8 16
2 56
6 94
6 100
7 30
5 40
8 77
1 14
6 60
7 71
3 5
10 15
10 81
6 3
3 74
10 73
7 91
1 74
1 15
9 4
9 79
3 90
6 72
2 19
6 89
9 34
6 63
2 30
2 10
6 33
8 58
2 52
8 63
4 83
3 19
8 43
4 4
5 32
7 65
9 26
4 77
7 38
7 6
4 14
8 85
2 8
10 45
3 7
7 73
2 92
1 81
9 75
1 6
4 1
2 10
8 33
6 67
3 22
4 60
8 47
3 57
3 20
7 64
8 44
3 53
3 65
9 66
8 87
3 95
10 80
4 44
9 2
1 85
4 84
6 36
5 2
6 63
10 41
8 99
3 20
1 10
1 84
10 85
1 74
10 8
6 81
1 38
3 72
3 38
7 58
1 7
9 44
9 82
4 17
2 57
5 93
10 5
2 13
10 42
4 97
9 16
2 45
1 1
8 30
7 69
8 36
3 46
4 79
1 12
8 22
5 89
4 68
8 82
3 15
6 13
6 35
10 100
10 74
10 23
6 78
9 18
6 29
8 68
9 1
5 4
7 59
10 75
4 11
7 49
10 77
2 66
5 50
10 5
7 95
7 55
8 26
3 26
5 46
6 63
8 70
6 3
4 23
2 39
9 91
2 63
5 56
9 45
3 66
8 17
8 16
10 63
10 59
7 11
3 81
8 11
9 33
7 51
8 69
5 28
6 41
4 76
6 19
2 30
3 1
9 25
5 61
6 36
5 6
1 48
6 98
9 59
8 85
2 50
5 90
3 24
10 99
6 48
5 80
2 22
4 4
3 15
2 17
7 95
6 73
9 59
6 67
10 48
1 45
5 89
1 66
7 99
7 43
5 55
1 8
9 35
8 93
3 56
3 84
10 41
7 44
1 33
9 19
10 47
9 60
7 68
1 97
3 34
2 82
9 84
8 58
10 90
6 30
1 29
7 14
8 60
1 100
2 79
7 3
10 20
4 90
9 33
6 6
5 8
8 69
10 74
8 45
10 9
9 3
8 16
10 50
9 80
9 87
3 90
7 57
7 19
2 12
2 12
4 44
4 81
9 90
9 82
3 64
9 49
8 28
9 82
4 6
5 51
4 80
1 88
8 93
9 47
1 55
8 39
9 90
2 19
6 77
2 21
3 10
4 52
6 28
7 82
10 61
6 6
6 41
2 59
5 90
2 92
7 7
10 2
3 61
9 9
7 97
7 91
3 63
3 40
1 62
3 73
5 36
7 73
8 96
9 74
9 23
2 58
1 0
3 22
1 92
5 52
1 5
7 28
2 74
4 28
8 4
3 54
10 83
3 36
3 0
1 26
10 2
4 84
9 31
10 9
5 24
7 11
9 83
1 49
4 8
7 52
8 44
1 20
9 48
5 1
10 46
9 30
4 100
6 96
2 88
1 38
1 80
9 1
2 2
6 44
4 18
3 16
7 77
9 60
10 60
8 11
2 76
10 50
2 70
2 20
2 42
10 95
3 39
1 61
5 70
4 82
2 54
9 70
4 93
5 25
8 55
10 96
4 41
1 93
4 21
5 10
3 79
2 77
4 29
7 61
5 38
2 33
4 86
9 95
1 34
2 88
9 47
2 98
10 6
7 60
3 53
7 85
10 49
2 9
1 4
5 6
10 11
10 100
5 7
5 30
5 59
5 38
1 88
5 24
4 51
6 78
8 22
8 30
4 0
1 69
1 1
6 80
6 55
10 96
9 95
6 84
9 38
9 0
6 56
4 20
9 46
9 62
8 93
3 92
1 31
9 1
9 7
3 54
8 5
3 76
10 90
1 35
5 15
9 22
10 53
8 13
7 61
6 3
6 42
9 38
7 13
1 22
4 97
5 20
7 66
7 72
8 52
4 99
2 7
4 93
4 91
2 6
7 27
4 81
4 27
9 17
3 34
3 18
9 64
4 9
1 65
3 13
10 95
6 1
1 48
6 8
6 63
7 69
3 80
10 33
8 53
5 98
2 55
7 26
9 20
8 74
4 7
6 57
9 34
8 6
6 66
9 30
2 30
1 40
6 12
5 93
3 47
4 26
10 29
8 95
2 75
2 87
6 62
2 95
7 7
2 79
5 74
4 73
5 68
9 26
1 70
4 36
8 66
3 23
1 95
8 73
5 94
4 86
1 65
2 29
3 87
4 75
6 96
4 56
3 23
3 43
4 31
3 70
5 27
9 41
4 92
10 19
3 69
7 1
10 70
2 84
1 93
7 99
9 51
8 85
9 27
9 57
10 49
8 31
2 51
10 59
6 25
6 91
9 55
4 5
10 9
1 32
9 21
10 51
1 44
2 62
9 21
1 72
10 65
9 3
5 47
7 94
1 56
2 30
8 99
6 13
7 83
4 87
4 67
10 41
10 25
4 71
9 94
6 65
6 87
3 30
8 34
6 70
9 22
5 65
6 41
9 48
6 5
9 2
8 53
2 69
5 16
10 76
6 29
5 12
9 53
2 65
3 5
4 60
6 10
4 27
7 75
3 49
9 38
9 18
3 10
9 99
3 43
2 14
5 98
9 75
5 54
5 81
2 24
3 6
1 63
3 2
6 93
2 91
4 82
1 4
7 91
9 50
3 48
6 95
6 87
2 88
4 15
5 56
9 88
9 20
7 20
5 53
6 14
7 84
2 98
2 58
2 35
8 65
3 1
4 11
1 50
7 49
7 31
5 4
1 26
8 57
10 3
9 23
5 56
4 97
10 10
1 32
7 36
4 2
8 62
4 65
1 92
2 45
2 60
3 93
8 11
10 97
10 49
9 95
3 11
2 35
2 38
6 47
5 72
8 99
5 53
10 38
6 31
5 84
6 3
4 3
8 84
9 79
3 56
1 32
1 24
6 98
1 5
2 19
9 57
2 68
5 55
9 41
8 24
2 67
4 34
5 26
4 4
7 31
8 49
6 62
7 52
10 82
9 60
5 40
10 68
4 100
4 14
2 11
8 51
1 66
6 59
10 56
9 44
1 59
4 63
4 19
9 5
4 76
8 20
5 74
5 58
7 53
4 75
4 9
9 10
3 3
10 11
8 64
1 82
7 35
7 46
4 46
3 75
10 66
9 11
7 92
5 28
10 44
9 53
1 29
1 77
1 72
4 66
7 43
6 9
8 84
3 33
2 9
4 1
9 72
3 66
10 63
4 83
4 11
9 93
1 70
9 47
10 23
8 69
5 82
2 9
1 19
9 48
7 54
3 61
2 66
1 27
4 69
7 80
6 92
7 42
4 3
2 15
10 33
2 14
3 4
5 40
8 79
7 37
5 58
3 78
5 39
8 94
6 97
7 73
7 32
3 96
2 51
4 46
9 83
2 81
1 4
3 27
8 35
9 19
7 19
9 87
1 39
5 4
2 82
4 47
10 74
5 58
10 66
10 65
8 90
9 81
5 80
10 44
4 75
3 88
5 86
4 62
4 22
7 94
2 45
5 87
10 96
4 29
5 65
2 71
10 31
2 7
7 44
6 22
3 82
10 46
6 90
1 25
10 99
4 100
10 8
8 70
6 70
9 53
5 72
7 48
4 49
6 86
10 65
5 5
5 19
1 47
3 24
8 9
5 57
6 68
10 63
2 13
3 82
10 2
10 31
7 48
1 25
3 36
1 97
2 96
4 35
5 34
1 45
9 42
7 67
4 30
9 77
1 47
6 15
6 1
5 25
9 11
3 16
7 42
1 76
4 4
5 59
8 89
3 5
10 61
1 91
1 23
4 74
6 96
1 16
5 5
9 64
7 71
6 47
7 78
2 10
10 47
1 13
2 21
1 54
5 71
7 99
10 65
10 49
5 66
3 69
4 39
10 42
6 45
6 2
9 78
10 28
4 53
5 38
8 16
8 100
6 63
9 38
5 20
7 64
3 86
6 19
9 50
5 47
10 92
5 41
2 42
10 68
1 48
3 98
10 24
10 94
7 67
10 15
1 53
10 93
7 13
2 31
3 44
7 53
6 88
2 93
6 45
5 77
4 4
9 18
5 41
8 31
9 15
2 55
2 49
8 29
6 2
6 19
3 85
3 42
1 44
7 100
2 1
7 32
5 21
1 74
5 87
1 34
3 77
8 64
8 8
7 9
3 100
2 17
1 84
9 54
10 36
8 85
3 42
5 45
6 24
6 59
1 90
2 14
2 67
5 4
8 24
9 6
5 79
3 74
1 41
7 15
2 64
9 0
5 74
2 37
2 89
1 63
2 28
10 21
2 38
10 3
5 21
2 47
10 89
6 72
5 97
9 25
7 30
5 52
1 15
1 7
1 39
10 95
9 50
2 99
3 2
8 79
9 77
5 61
8 0
5 5
5 46
7 42
2 43
3 69
6 75
4 67
3 73
1 3
9 54
8 52
3 84
8 13
4 82
8 77
4 51
9 56
4 18
9 94
3 8
1 86
3 92
7 72
9 56
2 28
3 0
8 54
5 8
8 81
7 78
9 69
8 7
10 89
9 65
4 41
10 70
7 7
3 94
3 86
9 39
4 56
7 61
3 84
1 51
7 9
8 72
3 76
10 85
9 55
9 21
5 38
9 28
1 62
9 46
1 15
9 89
7 7
1 86
2 4
2 1
9 81
9 6
3 68
5 53
7 65
1 28
9 68
3 79
8 53
7 89
5 1
2 19
10 27
1 32
7 16
4 62
10 51
5 1
1 6
6 36
4 21
10 63
1 22
4 49
2 48
5 58
5 98
5 86
8 81
1 29
9 72
2 33
1 91
10 64
6 33
8 99
2 85
3 57
10 41
10 7
2 81
1 27
2 16
10 46
7 100
8 21
4 57
3 67
10 9
1 71
3 51
4 85
8 97
4 48
5 8
9 83
7 10
3 100
4 64
2 92
6 60
6 7
9 8
10 17
2 44
1 31
5 1
6 24
9 97
5 22
9 4
9 95
5 96
6 77
1 9
4 62
3 58
2 25
9 30
1 86
6 40
1 7
6 88
7 79
3 79
6 66
3 19
7 49
10 70
7 13
10 94
7 9
4 24
6 68
3 10
1 76
1 18
10 90
2 80
7 59
8 15
8 17
9 53
3 29
1 88
2 24
3 92
4 62
7 0
7 87
2 28
8 1
6 51
8 36
6 80
9 81
6 11
5 82
9 89
6 79
8 72
4 25
8 69
6 38
8 31
4 5
10 89
6 54
8 68
10 80
4 58
4 1
5 77
10 2
1 77
7 64
3 77
1 47
2 31
3 100
1 18
5 74
1 15
2 89
1 82
10 80
9 30
7 24
5 58
7 58
4 79
9 24
8 51
6 94
2 76
2 89
3 6
2 52
7 77
6 47
3 45
9 18
8 15
9 25
9 45
3 62
3 52
4 73
9 8
9 77
4 72
2 14
1 70
2 65
2 100
3 73
1 21
8 51
1 100
8 79
6 4
4 94
1 60
10 54
4 40
8 86
2 59
6 47
6 75
8 64
1 18
10 72
9 85
10 4
10 55
9 31
1 77
8 68
9 58
6 74
7 62
2 37
9 19
1 1
7 28
5 29
9 33
2 38
3 29
3 88
1 17
10 87
9 40
7 1
4 29
10 59
5 43
7 77
4 0
6 80
3 28
8 37
3 83
10 40
9 26
6 8
10 1
1 41
4 38
1 62
5 72
2 58
5 48
3 95
5 40
3 82
5 25
3 39
4 17
8 79
1 17
7 61
3 33
5 87
9 3
7 65
10 46
4 49
9 91
2 4
7 26
10 66
3 73
7 65
1 88
8 83
7 25
9 22
10 9
2 49
10 6
4 37
8 84
2 53
7 86
10 7
2 52
5 89
10 4
9 38
3 42
7 66
10 92
8 31
4 70
5 24
1 73
2 36
10 54
8 29
8 31
9 58
7 37
8 85
6 27
5 60
9 24
2 51
6 36
10 31
10 56
9 62
2 15
5 9
6 63
1 37
5 2
2 62
1 17
1 28
8 6
4 95
2 40
6 65
10 95
2 59
4 18
6 5
3 57
1 67
8 21
2 15
2 16
7 8
8 28
3 62
8 59
9 59
7 12
8 30
4 86
4 34
3 99
7 23
7 61
10 36
1 45
9 23
3 63
5 37
4 16
6 50
4 56
7 87
9 76
1 71
4 26
9 84
7 59
5 79
2 33
6 78
2 47
8 79
3 80
1 36
8 60
3 84
4 69
7 81
10 63
1 93
2 38
5 1
7 46
6 73
2 6
5 29
5 22
3 72
9 6
1 89
10 46
1 13
4 69
3 34
1 68
7 70
2 32
1 10
10 92
9 57
7 40
9 10
3 46
8 21
5 6
6 5
6 32
9 2
6 46
9 22
8 63
4 42
9 100
8 56
9 5
10 42
3 50
2 49
8 54
5 12
8 76
1 27
2 7
2 71
6 86
5 66
6 97
3 18
1 5
2 60
5 96
4 97
4 40
8 13
1 43
6 47
7 1
2 85
5 54
5 54
1 1
5 58
10 10
8 62
6 84
3 42
10 33
4 61
8 31
5 97
3 31
2 2
9 7
4 38
7 81
6 80
1 32
9 36
3 89
7 2
6 11
3 75
3 13
10 100
3 75
2 55
8 78
9 65
4 87
7 84
5 88
5 64
3 98
9 51
5 3
2 60
8 17
3 87
6 12
2 24
5 65
10 14
3 72
5 48
5 47
3 89
4 59
5 24
5 48
9 65
5 19
2 98
6 39
7 53
8 21
6 53
6 88
4 31
8 2
7 21
8 35
2 73
8 9
5 60
2 26
5 67
10 99
3 59
5 97
5 87
2 83
3 54
4 87
4 67
5 10
8 7
4 68
8 85
8 40
6 87
6 15
1 36
4 15
7 12
7 38
9 7
5 71
7 93
7 26
5 25
9 67
9 62
2 19
7 95
6 92
3 22
9 96
3 47
2 5
5 60
5 22
1 95
10 98
10 11
1 72
5 44
7 90
10 20
8 26
8 91
8 92
6 46
6 99
10 34
9 93
4 73
10 25
2 73
7 89
6 49
3 54
1 97
6 59
3 4
2 57
1 90
2 15
2 10
6 29
3 30
9 15
10 88
9 52
4 2
1 49
4 93
7 21
5 89
4 12
6 26
5 63
10 37
9 4
3 47
9 28
3 56
5 43
2 16
9 64
10 29
4 9
1 37
6 46
6 5
10 100
5 68
9 37
7 1
7 21
5 8
10 51
2 50
2 89
6 11
10 2
1 89
9 100
2 80
2 34
4 17
2 10
3 45
8 86
5 54
2 28
7 28
5 76
5 45
2 47
1 85
7 75
2 17
3 3
9 1
8 93
3 5
7 22
7 66
4 12
10 69
4 12
7 47
3 84
7 12
8 94
3 83
4 62
9 70
1 83
7 82
6 44
4 39
3 25
8 71
4 88
6 85
4 76
4 1
8 47
6 84
4 2
7 14
6 78
8 80
1 73
2 99
8 17
8 69
5 49
6 22
9 67
7 45
1 18
4 86
2 0
4 81
2 81
4 29
3 93
7 75
6 4
1 96
10 22
9 81
5 17
1 24
1 17
9 58
1 0
9 47
2 17
3 26
5 28
7 57
6 33
5 5
4 0
9 12
2 96
1 24
8 95
7 0
3 96
10 97
5 34
7 28
1 39
9 20
9 97
7 38
1 78
9 68
8 81
9 48
4 76
6 58
8 58
1 97
5 32
7 90
4 35
7 98
1 20
8 75
3 97
7 71
3 67
1 43
10 47
9 44
1 31
2 59
1 23
8 19
2 99
8 38
4 36
9 74
7 35
7 80
10 52
10 75
2 87
2 29
10 21
6 25
10 53
10 36
5 75
6 85
5 16
8 19
2 32
1 36
1 51
6 52
3 86
7 55
6 76
8 74
4 85
3 87
1 51
5 22
4 40
1 3
1 16
8 72
3 59
1 0
3 23
7 11
7 36
10 61
2 31
2 68
1 5
3 19
4 43
6 66
9 99
6 24
5 75
7 89
10 8
10 67
4 76
9 31
8 8
10 59
2 60
6 13
4 36
2 55
8 25
4 18
8 52
7 67
1 61
10 100
1 41
2 70
6 46
9 36
9 89
