50
4 6 4
1 4 2 1
100 10 1
1
5 5 10
2 4 2 3 4 2 1 2 1 3
1 1 1
1
100 2 2
1 2
1000 100 10
4 3 9 1 2 5 6 9 1 10
1 10 10
4 3 4 1 2 5 6 9 1 10
1 10 9
1 1 1 1 1 1 1 1 1
1000 10 9
1 1 1 1 1 1 1 1 1
934 9 10
8 8 8 8 8 8 8 8 8 8
734 3 10
1 2 3 3 2 1 1 2 3 1
345 19 10
10 10 10 10 10 10 10 10 10 10
765 10 10
10 1 10 1 10 1 10 1 10 1
1000 100 10
10 10 10 10 10 10 10 10 10 10
734 20 10
1 2 3 4 5 6 7 8 9 10
631 16 10
10 9 8 7 6 5 4 3 2 1
3 9 5
5 3 3 6 8
4 7 6
7 6 2 2 7 7
2 11 9
6 1 2 6 10 5 5 4 10
3 5 9
4 3 4 2 1 1 2 5 3
403 14 10
5 10 1 4 10 10 6 5 2 7
69 7 10
4 5 5 6 1 7 1 5 4 4
227 11 10
2 6 1 4 3 5 3 6 9 2
766 10 10
8 4 10 1 7 6 8 9 1 8
8 22 10
2 2 3 10 7 7 5 7 10 10
7 21 9
3 5 1 8 2 10 2 3 10
7 27 10
9 10 7 7 3 2 9 4 5 8
9 20 9
8 2 6 10 3 2 3 9 2
91 19 9
9 7 9 7 6 8 7 6 6
78 13 10
8 6 8 8 7 5 9 9 6 9
75 25 10
9 8 8 8 5 7 7 9 6 6
280 14 10
8 7 9 6 7 9 9 7 9 6
275 40 9
6 9 5 7 6 6 7 6 9
162 24 10
8 5 5 9 7 6 9 6 5 6
523 76 10
8 6 9 8 6 6 6 8 8 5
366 85 9
5 9 7 9 8 6 6 9 7
808 10 8
5 7 9 5 8 5 5 6
22 29 5
7 5 5 8 5
949 49 5
8 7 8 7 6
672 30 7
5 9 7 6 6 6 6
670 27 8
9 5 9 5 7 8 7 7
837 65 5
6 5 6 9 5
604 18 8
9 9 8 6 8 9 9 6
268 79 7
7 5 7 8 7 6 7
520 24 5
8 6 7 5 7
119 66 7
7 8 9 6 8 5 6
559 62 9
7 7 6 5 7 6 8 6 7
728 51 8
5 5 6 9 6 5 7 8
380 95 9
8 7 7 5 5 7 7 9 5
522 63 7
8 5 7 6 5 5 6
