100
2 3 2
1 1 1
2 1 2
3 2 3
8 2 8
16 7 16
99 4 99
3 1 3
83 4 83
67 7 67
4 29 4
47 1 47
7 17 7
4 3 4
10 5 10
5 22 5
25 1 25
48 1 48
2 59 2
2 38 2
28 10 28
2 12 2
4 1 4
91 4 91
1 13 1
55 9 55
26 1 26
4 2 4
72 7 72
1 4 1
14 7 14
42 9 42
3 37 3
13 2 13
4 17 4
3 3 3
1 100 1
3 4 3
18 10 18
80 8 80
1 24 1
1 3 1
63 3 63
61 8 61
30 6 30
71 2 71
30 1 30
2 14 2
76 1 76
1 64 1
3 14 3
31 11 31
100 9 100
56 4 56
1 66 1
32 4 32
1 48 1
47 10 47
100 4 100
100 2 100
39 11 39
100 3 100
92 1 92
63 4 63
24 4 24
2 2 2
2 25 2
2 16 2
26 9 26
15 12 15
96 3 96
2 58 2
2 43 2
1 63 1
64 2 64
39 8 39
100 1 100
17 10 17
39 9 39
11 16 11
4 4 4
69 1 69
10 18 10
65 6 65
18 11 18
1 67 1
41 2 41
46 10 46
12 16 12
96 8 96
2 4 2
28 4 28
76 9 76
1 2 1
18 1 18
20 1 20
12 1 12
44 8 44
48 4 48
83 1 83
