100
2 3 2
1 1 1
2 1 2
3 2 3
4 4 4
4 1 4
11 1 11
18 10 18
8 18 8
7 19 7
50 5 50
8 4 8
98 9 98
9 9 9
92 4 92
52 6 52
56 8 56
25 12 25
12 3 12
72 1 72
1 2 1
100 2 100
94 2 94
66 7 66
4 2 4
1 5 1
28 5 28
8 10 8
5 1 5
1 87 1
34 1 34
2 4 2
6 6 6
64 8 64
74 5 74
10 5 10
2 2 2
3 3 3
80 8 80
52 3 52
4 29 4
3 37 3
4 14 4
4 3 4
2 5 2
14 6 14
8 12 8
10 18 10
7 20 7
42 5 42
56 5 56
55 9 55
6 3 6
28 12 28
21 9 21
60 10 60
100 9 100
2 48 2
1 29 1
100 4 100
71 8 71
100 1 100
1 32 1
3 20 3
1 100 1
52 2 52
44 3 44
14 14 14
95 3 95
77 4 77
2 59 2
91 4 91
31 12 31
3 1 3
12 10 12
49 7 49
1 17 1
93 8 93
51 5 51
4 20 4
8 15 8
1 52 1
91 3 91
31 7 31
3 4 3
7 13 7
1 4 1
72 9 72
24 4 24
1 48 1
4 27 4
5 25 5
85 3 85
65 8 65
47 1 47
14 7 14
31 3 31
86 9 86
1 3 1
100 3 100
