20
113 51304587103122063086234867477045723173180547403247145600300063966119431864569659559335776509576195196593245332640561449734900616851975700264874390248030968166
167 7097501306639266460334251854124701398441264526401775944932032561851537066954595173614023494661949988333225311
134 2406258858721918774208848120315517208323779940599828715494389738665554681038314446893101871003518703575496336511449627393919132748479928913340144555418397315103310973766058610954180421686012930554663239422912710632257959476189261669997676809989671567278292632886370402049069985046878555076392720791616383499884307075233764956906527854413716114792441649375534077153257152101247222135886802040538230547674927916381416649052144975585897241738727151911864406075
25 646522
175 33261754228351577578476525209779523127988179898466814632178091966058732629419096182580147726136461252536159859524910309245482518510505400224632364198859663324442131165491882159875547854981497794081342777200378592265262155658847609559210120775240641876041334241839722160083429540405974129979019249434170766042056362227975365345975347996046245948796399196770147994465983195413064659360096554725677890698596977258412582128147198281435385157843685997656109714879412014816286117391379038777327721869676082363453428964553414522582206337809654803310865854542820645495167089958357370335148408859823985527100656590244938554098917907444254926202944319101970754422155318990081301125652572165950553705741636948079747710140051073020357141045775814824559298927842929023036895195372463299081602885132125136042633005801172450983103013385560426338
255
219
224 2487323315219036305119522514586914514992258092515923847091331536327563425076754497614583159414480884501649219370710323252847898226085122496517560821297108819714616754255018516844563766341
90 4657792635807324354837720297526378517183982130663318441767993667273162151581154568833078842147657012720840483968446450279932334516
70 8675309
173 30112824594327595526379236283733863054755720634395622456658473382016537089827468578466186440548412571221610515303525092317381280436948960142601743842389999840805575879010781899131467875
159 34547389644611849324902048638970235
197 99549789825776366897151574826765450
36 47535259024547208982019240866549128223533497184879808355855834278389362293644101374873794784103627966059977206730315221676055275048105254086231825161183825398378241999021760601119976227358281353338615988290370298568412785903703509442264
30
1234321
40 9188174
144 403420455286144733012394352796117676232438993658729712221550931250841303194844906324788136156913626810108948602023083594977223986502041169240216642530162552975968233385427485675131472718018964836808453936722129133940950121976774689537233792725857619706585846714131638551181612253217
140 14081739843975501051165157925935539505458771396682117602623690411292162645875639965745417670827042186680858848536653039548367352690174908952912337675176219645613802479750293944671739084427422387764770357943062
190 1486139411639384409848749958784650368455059410476755670372360119439112197939878529158062954308851
111 2636907296373399885646047517304031318176238406483770114869777782538642745151012568233889125626174631927487710326357830166987670817345199561837513121049890870755907
92 87425153970967993390831896675153851510854781083794529288118964576857047283178102891855976962574675710971584027
