10
7574039
68834
6
69
3
4379
7
472
15139709
8
1230060
558679
9
2
13178
996789
95
76634
12213707
339
764
28
462032
7961060
6596
5239241
709878
688837
33
21
772996
9
6
82
1
5
2
43
631119
54169
75
6
452
5616
1
4131
3902
6
3
46876216
9692
9
35009081
20
61049
373315
884
49290034
5193298
7671386
4
6
9702795
24
17417959
9
9888
74568945
9555
4816993
1
373
36381
6744907
5
886
6724054
5
34941
115
94724
9
88767
36460109
1590
41757
44516
5815
60537778
92
8917282
52334
68488
5462110
7465
66882
7
3018
3356
5062563
76083902
34361910
3
5526922
238122
72473
87
4284192
20167278
2
79802261
6153
485
42
132
136
7
9599
9
414
266759
3704583
1
85518462
5927820
5322
4333854
9493
75819
14762338
5
107
659
913
8
6649597
6792
7421
633
6750
4439604
685961
6366
1609
6
85
3205
30
50
7999
5
324867
65527
178865
76719
733
3
77
73016078
3
8
76
84
373439
26749840
7
27768
71537513
105
62541
84493
90772567
2835186
73265672
770395
78489355
132856064
93202
636
48
700
72
21853
774
12362
2
47180
9200
392
4
771
5
90424
485492
1
10
17
32552
3726410
10
99
7356
8746171
6686
541
53607
423
71628
5487767
8921
75599312
7391
201021
3602
7
548
9
695
49738
9486
7407870
96417262
17355
95966385
719726
10
84040
862
46910537
34953858
13648235
751536
21571
103
27018530
7227
164
291957
450
324
205556
3050
9417
82
86027754
70
4506
5291
367951
819792
145
1000
9248
2
173566166
9
441
59901984
48
1
8568
24
26348144
7
53
76
4922
35326766
2205460
3
3249
3
65
6662652
4785
1121
8
5896595
48374431
5022174
4358037
35
11738
8896843
8
7233
48917771
46332683
977572
36
4713
997
788
22637106
647
8803961
720
45006
201
867641
73495175
64
13
43
138108
3773
44685
51
83498728
880694
335
18
99529774
67
55
2696
2694990
823967
5
446453
659445
8358
177666
158214872
5
5279453
173616945
774
19997
2068773
50421299
2295
9220356
3
805433
81746
63153156
54315834
14656482
501982
6584905
973
25
878
28166276
912
941
613
262
4
3836
178
60
700498
877956
612
757907
54681
835335
93426207
100976
5
421065
64383205
6809739
195
8236085
6076259
45394
4557
5
20428
5939812
197
915734
5
8055173
17
521245
7
821099
60
27709
8634
7725484
79483444
6878
97621570
6
3738
367
26
4208
83071423
8036
2276659
34
7
71
18586
90
7184
9594
49
574
9
6
8686393
2694301
294
78449832
447868
84760678
144667039
37162
127693
234526
8352
770077
9479762
754016
86376
4726896
3842820
75100288
956479
588490
850
988624
8594
4
26795773
69
4630
58063
82216818
702
4
44871
72455
6
2213356
305222
867
4989
3697
50
390
6140
721365
5597101
2574136
6288
9
6869297
185645
6
69885027
1
9
3013
45
7100
9369342
9679886
26
298
9005
50
4087561
2262402
3
48494
189
3383
482377
10
276
86945696
26057765
94792
1
36
6574013
3
4941
43
7527
5987
248594
77
86631
29169
6762374
4415511
408
977038
402
7
8
71808212
679
60682
1791
9
2
2945506
741
91610
385458
3819589
73
58071
448
4038218
25585439
74271
3485910
12828798
3601776
464938
8061717
66
6
6
72
58548085
45218414
4310766
70617
3060935
19834
641729
3
3
166869782
52194
456
225717
7376143
923950
485605
95
6688
643
226634
8924911
458
418
5
3782
501
9298577
4399
3132
51
58051989
3
6
6935
35784122
7
2481325
8917
7066272
3
3111302
97717701
9
708855
323
166
54686082
10
60531665
96443
355096
86168228
63
2295209
869
3
5367595
10
8663565
3
7538832
59
698
780531
10
155
43112
84117524
8808231
56073
5261855
4550676
8776
2
9605885
463
51
29774
3980
1106
460399
29
8250
42007209
6901
89
3558876
3828956
152
96334
90343525
36535804
909
381
1
7348658
46908430
90
9851258
18074
40
44925917
711540
56
6886523
111202930
3922
27873440
79666295
244850
644
18045
397155
131052296
2
43
34
2765254
6
2640
682
455338
354853
453
4
4
24
10
6689086
72894448
6165
174786031
47538752
257
309573
21666
14912093
42
43071
854480
994
2258
29922412
24
10
3
6278260
41
1368
984305
331
75620
14943
33168027
55110676
174157
787
84
162
86370867
4971
9463440
3281
2
15440352
118043262
835
140
10
81930
4430
9450
31107813
89484
2
372505
9
54226172
446800
10
68658654
328
3
83178379
44689
54
42292
36
31945849
7833516
1582
628
7656
506
1
87
6472235
964028
17588
4298851
63902188
797
10
44
685303
309117
5217277
26044
988
74816614
34754
5920036
9593
2908
6232733
24
3002
1
3695
8101711
76
6
32138
3
953
447211
2
189
239
192616099
3503649
144
29487
3
138
23
3259514
87172
33076243
1
39701
715911
70910036
1306157
58
5
8
60
9202404
2
72
894
56008091
9069
1578516
4968229
29430616
95
884
168306411
1
3
93379
83
686780
83
72206580
264
3635357
64
9
13799
5
3806023
10
21
2
15457
44
65921
17177554
5
6033
100
591028
270786
19205652
2806
2442431
6475
603652
844
4
3452
923
4
807
92
5122258
1786
10883611
59534
50446746
85
30900572
5854095
13
234959
52200297
157853
665187
63
1
284608
640
4566
9546329
23187139
409100
35103605
2893
1360542
5131
43880
52618
63033
2561183
566914
43184055
268
261
552096
7254
3626
79477234
102761
12377169
9853
5037095
3
621597
5
727180
888
10
4138399
4
879896
73247
8096
66411
584
19331
24
87
920
28
46854033
314843
5035
76
4567897
7
25545
781
138151637
73852
8603
31723615
53159
1
682395
88121
169450950
43812743
8219358
605220
869
8004
5
8
57
14
38
396954
70329
462
6420739
1649
4941728
598
481602
30
5036377
8
31748
424587
9316300
26
1901
8043443
6971919
5
7
129377
3118
52644
554
27842951
86
14
41717288
6380
64495
770
6
2
50
1697365
90025
53
4
5904
33702008
64
4158782
74
90250268
4702084
57
66
313
2371
34914
2839
7
828253
8
9
891
60225
61
63543455
27038
49
2641
556242
2936
9962
641356
80
45642684
871
378177
821047
200834
678388
1219
4
33842984
2617
8227352
99645
214
15047
5311801
2
31397050
43975
29
66
9390461
92185456
0
