49
37205.0000734084 11.920762610703608 4.26970546022044
32178.898229215945 6.5042967493372625 2.229373736944593
15314.481435086975 0.9071926125063312 15.028170013971904
21964.46864369017 3.213439331479665 1.9705414144276934
5369.18591733928 22.259269500043068 8.438364193707784
1903.9459880803645 8.839067920562657 18.943122061367628
23274.35241625191 7.121444062281551 21.30163963539317
7862.519031092088 22.365739383051565 4.957939114354478
11077.527146365643 5.236222835029575 18.657314874033446
15402.21479188042 28.921667515134423 25.01807045633572
9120.949509708436 19.524219682445842 8.12058826806373
7658.063190503417 15.09085804831633 8.465857615949353
3386.3486994066516 24.9444757852938 24.463372107037298
6489.312204606445 3.6182982219767745 15.52967660933225
2821.2124495879552 22.59485475659059 12.54418316622554
6396.841441673664 18.361885126960274 4.540526047910458
33202.28756576476 10.602635530856965 26.10856346933062
36050.7644629465 2.6600671299595415 16.073638716406403
36588.87661368649 17.25226401752136 11.800221693896564
6936.545236311331 28.55581071349859 17.54302207621191
39294.48516051537 26.74011288504456 26.297943684174474
4222.650204709062 21.237339033806368 4.808493546890103
19518.265824866172 4.7774006784036995 21.41583264459833
29315.373485511715 15.805542767569033 13.057034481209126
30922.86868488261 9.580895729634179 1.3740427164769342
15258.985723362963 0.45401393089653297 0.3267435060431101
30445.43553805433 4.888661731003127 26.60460851283049
21607.10647746795 25.892871427951448 14.045733584415478
39355.3396903957 9.018097678063423 21.96579800607357
2410.0485693578876 18.121420254200338 7.415379186501364
19294.078426340304 28.842272587177874 17.075580319541885
11184.400719765596 15.407021742620067 13.20935215715529
2627.940288584769 24.096057736590208 19.02617827042452
19924.852968795236 20.98788448017212 10.491266356902369
20759.754691814713 21.240695418617253 7.387552698581388
19057.26519549229 14.659941938129473 4.783198675987518
8962.128922157945 7.88302952168319 5.146643929514402
6905.550211302587 9.802568921990375 25.678442441389915
14757.841913663153 29.556713523801108 13.243349206418449
3571.428564180783 21.03647820536258 8.862690087966074
30226.977144813038 16.196146472739798 29.799797090429465
29207.705317257874 5.604250569419382 3.489342376692429
34877.935311051275 26.20925508737092 16.688122436104294
17879.23780836703 28.521349273963345 24.710174689228495
19841.954632057335 20.53943383232642 19.50476798216074
643.1576571002795 29.940850450332427 22.376746343739214
4227.709822215275 4.83277286119802 16.451039765885575
15529.89308533561 12.902204235163616 10.201870695206013
9088.157063081939 11.59541613220185 9.503784442950543
37
3629.743688758058 17.672810987194783 3.7715513762893838
6685.8188103581815 1.337475200467605 28.525254388079322
19054.686311665944 21.298379978207848 10.578235619533052
15894.179037845668 6.392913397027103 4.276988441334931
12917.963949293036 25.163435834314022 6.512661258561563
24098.810832828647 6.370663015704406 1.6807444826865503
3373.346268877908 10.753413458341242 28.30104177458112
1230.58918713423 26.00489348696167 18.837434974007728
28216.4785817625 24.84455324151925 22.3213128671937
5523.7453365614765 4.759415788135194 22.006769319346635
6934.75349574633 27.29087026057652 16.84556804594844
34209.24317571516 0.873441862305645 12.324468343535296
31997.102267694434 5.3502486909450075 19.321887271490613
19586.602450036302 24.233239185088003 15.234251659954467
4018.646288204848 2.2675854434392506 13.689860404967702
32615.66803427463 28.022898570045307 19.649060891347176
22435.137980903542 4.750255047178463 0.5245999894478504
11811.771997213173 19.389180949971276 3.572684366727911
891.7997374280961 1.1515050617001588 19.128772347989933
27887.964476168843 17.505917134557475 15.677151635494294
25099.85599629372 0.517506139135363 17.50607228841957
33230.0701200101 20.824956430111584 14.834086081068511
17673.352292025163 19.184433091636787 9.331615727993377
34516.366088682356 8.585925052704141 7.084598610446191
31182.001301841927 1.2610532913333639 28.703977060610317
30871.220620317727 11.179142776723754 5.0615432034763055
17941.920091020096 23.28417261348276 11.541238077379338
1004.262573667698 11.417174168491064 0.5372760504877827
8803.75255887675 0.9137649333880171 24.507987157058235
37238.86603721435 2.618698101582 25.889639896055044
13373.709056347627 11.222547933003487 2.367749091086223
9598.509070456024 18.6258488406386 11.463995567622035
14854.383858492036 14.756418721734018 29.8892413558113
23207.714074127347 28.74411656034771 14.382333083918875
4888.379550820127 7.001985960249376 24.291754496121808
29609.486583273872 11.547615914036433 4.74596796074148
4676.8145633369995 24.10098170534468 13.269159447665375
74
16009.133757903737 11.353665856917921 2.816390102042019
1098.8264059836927 24.048321009036997 23.439322163719297
22223.390910837825 14.722754482580399 4.474516328270096
30785.459257750324 17.848964239976052 17.565726080331345
28339.326507763482 2.0678200111809666 26.11407453892848
8763.462673590135 4.364784953038747 25.103075290511732
6407.192642317216 15.081134225706338 14.99549423268631
34554.02965383144 16.323763693182485 4.256018141583986
5455.16415447227 4.579214959842135 23.477519784444052
10241.008148936337 18.032759742910194 9.310891433557515
23303.667614927304 25.718854738626757 8.090994101526812
3184.9785682430597 4.01034039733616 2.3403135082436775
8548.369890762024 17.613979316354648 12.289081025411086
15486.891718274923 22.982217159867226 13.446556612662267
18766.509411475156 14.21843600557141 26.25691324199616
8411.408731648704 20.54280331221809 6.194734625583119
31993.802967362717 23.70336515264498 17.894423978904015
32059.688573844123 11.862004071693228 4.926031047191128
30549.243856873625 16.317022314035157 4.139426991167334
20266.166779593546 3.729785353729641 17.67812280923976
6935.933378718655 23.277434485707523 10.371508596983006
34154.878830370864 2.1443108414772416 29.833952212638444
33100.63344953735 2.5951451249399926 16.664542614124834
13998.303063322566 16.941130303292237 2.965584081853956
15309.72195925575 4.698173176558958 0.30196272741276675
23412.10931166315 3.1170392117617807 22.73018514058863
1934.52702755347 27.05133349681541 16.405083922775113
20555.2256039214 3.27627658613171 1.8874295867060098
8930.05872729843 19.577514154244337 16.394651944237527
35044.57993789223 8.98408200435863 7.647722112859742
5783.653592144015 21.091798873498487 11.273048154458618
25343.69739367659 24.716146244327366 23.79444095890116
10737.21052300403 9.967808843529149 0.9832120519165777
24884.50341747007 27.872172146754565 13.752066239223923
19434.929989319633 0.7736102641033493 26.156891823335933
35400.09163653377 29.880090975536213 12.334793699029138
20108.26754575344 27.924748554787612 21.202931341528092
17166.726922998023 0.5031961935280915 13.663428262019861
18448.82527269624 7.2811112026435705 23.667349329873634
5321.277466425109 19.751261608861977 8.44625888712053
11661.129916978502 13.184491342176775 3.4913300945288563
8277.690751810374 16.75175743410445 12.41042937021647
1930.1529219392366 12.809932012369652 29.105609285980478
34368.68196162991 3.3948197316504114 27.87236669189239
4100.0976110465135 0.16867669080759318 29.118732975856158
878.8607660981551 5.5839578237187375 0.2834198524781162
20645.076163935006 21.87694548933033 8.806093546751239
15690.831985273413 27.144498947897176 17.856986233251313
9289.557159259222 22.20914206108237 12.99736107719688
27238.082436663648 23.198065895546904 10.284208488097573
5398.1388738129035 9.262930458652079 7.257764108755232
16956.30198857254 18.794045107516943 9.862151477335425
16577.768900300594 5.557825412479277 4.761431483952979
16654.442362820868 18.639146978914066 17.093775476385346
11566.22823492146 23.89872617595796 13.556114840475288
27152.927086946966 8.410470790181586 3.779145986842538
1667.8195094427606 23.033422076179406 8.445268406012318
30431.50422917713 5.701700923413508 24.510639776686272
13345.120441765017 9.52162106264347 3.9487564068640593
26822.83923478741 3.9470373937077783 23.686338826585448
20080.2047962032 8.885209336776764 25.406458320638922
5990.0367416068875 27.220834218030852 11.695678901326694
3647.8530163073096 0.7050803932967653 0.03849839636329899
37629.777884397794 23.126063747649063 8.71957180085564
30512.919627194442 9.192799479202806 5.293658966412663
18068.77662555575 4.5829570250414395 3.466611112580061
34243.768422298286 4.024326336592136 21.549692372445623
5797.693026364987 20.189600569636863 11.070364300501495
10994.53575782043 20.65120731116507 11.362612914027713
24755.95505139408 5.302413054093924 3.17284755638004
25938.496877754355 21.13153737870371 14.288042660428005
36421.52486172276 13.817570368886784 8.849719781785861
8881.501210056673 28.179985853825364 16.68331021565109
5946.260965385144 8.984979075960675 3.2985815933086093
21
16078.288560760679 2.6090161693159253 19.795719870549217
8967.537414111972 21.454636527572376 11.611839657904126
4660.984881501368 24.039376669128398 16.617327453468885
2870.029598831785 21.299719407700675 8.345244298925726
6848.556330423116 14.064453836745907 13.351543379109202
2948.8984453096023 9.397265285141335 4.38346235537805
1095.1474297660725 8.647338312203965 6.14083820364505
14177.192972897861 22.739271374474594 10.709636158710792
5515.850851596609 16.060249723031657 3.5718324008368354
19251.472955862886 4.8812114347535775 26.13514523637019
7632.709376165003 0.9766764986821252 15.109843353076982
18052.199276644616 18.36936177159744 9.981558019003394
179.99106128600673 24.65709164809817 15.574227775152712
37766.10646401715 11.733069265164048 9.417255461714667
9794.640353666626 1.2574798119229114 14.820713724056159
32583.98171469537 5.7560038361419466 20.848680036145176
35090.31048233527 12.346433902375079 28.269290691299
28062.068366287935 18.76806315968864 10.700750128493885
34232.09107447577 13.697490466932114 0.5392334790158948
23634.94253576922 18.56052993385823 7.2124240321139235
38040.54188600749 5.026123739929486 4.962330447262939
24
34841.57641330869 25.6172847627717 15.25101043884562
10165.776887920792 17.101140481900362 11.529070390571981
27630.670122105108 10.785225707170289 5.457028465692901
25087.893925530898 19.033647309371823 5.385718222387234
34119.96077271661 4.791359138052212 3.0740671131180672
2296.8194304554945 4.537097579947672 21.354914707053183
2302.787128159509 19.717814486985905 14.723923781797154
21759.53917984457 13.531151619405918 6.866864669923881
25515.177220588976 17.807276948620096 4.0261722188681395
1700.8808029872614 21.21238729400648 12.173579180870128
21413.770071391467 21.760257575819573 6.319006337462206
6580.165225968409 2.9766364529232856 28.96484716581795
29872.16522202355 4.485840885436147 22.7705234626873
27310.8270076221 14.003985211759991 8.522267023018035
827.1876865921746 19.930150783596915 11.378342755736393
36537.228102272835 26.40036923406697 22.81831957503072
22685.246569561248 7.339473191740216 29.48706647715354
1627.3247886388865 13.674731248774545 3.5760813257443216
32601.104145419336 5.56911234565225 0.5436424825953423
21951.08550254139 4.228974803246071 1.4867091305598623
14680.040543753696 20.934405746104517 10.575732975592802
35989.333191024954 8.807544849896939 7.113599365361718
11345.83839407742 7.59766904888359 7.322167495152088
10950.308279271117 4.074839010350127 27.1934649853962
84
217.53871244525325 23.0594476816386 8.57066375398379
15272.45696677897 10.95495372400613 1.3837234032801293
183.53565422837727 15.773698377693844 13.652166056838748
6929.5803465570225 27.808798553476876 13.957488493692594
27834.814211786965 28.730296292128138 25.841758765068477
39403.86304955368 0.7840419749124494 24.609878553128006
480.46567028557695 0.8664801667179711 18.5902400851218
33937.48834758563 24.857511008080994 17.89608299023181
35020.314420216884 5.860372971330298 5.076368430283629
27545.979143769626 25.885679104374503 24.610193489303654
16439.64148723213 27.926355758830667 27.115492253694168
8160.4163910081825 23.889283019306284 10.329106391662625
32985.713553939975 16.896796867767 5.689814200426836
38656.83717931939 4.947764688280621 1.4151641980039542
38593.18897470347 26.24504282095363 21.856293960900064
34512.49902557592 26.63421332069297 13.078395434872998
15070.046152335452 18.441531947308437 7.2838491200062645
13644.36552630508 13.863471746051184 5.650910285344549
32504.915026565082 24.410800503808506 16.038769420155905
11847.462725557993 8.47263853434651 5.385551976908653
34476.584217795906 19.71226942262152 7.650333722183714
21960.372534927526 13.491838574052654 9.306046329174007
37551.01577696095 1.875210794995289 24.467382972264165
6348.693264541963 1.098293147511864 18.619345075446997
39344.73791482697 20.487526130320273 10.164098102041276
17265.58459177967 7.867175884364289 2.2038802976224603
22586.27920683357 14.174799907213604 6.3293011631433895
37434.467765826776 10.299024342450547 28.16665762145513
32144.546929463097 27.833852918584945 20.345552744583365
26425.421501218636 20.856832140901908 12.87251868631483
32765.108221417915 11.96349735072696 9.94506091887317
38210.687314420145 2.9045536872814637 23.599676422252337
140.46141910351474 26.652135198668155 17.833950178039327
10222.552767999841 26.87838452483809 14.23709505629862
32848.13797343255 19.404303722134586 13.249428141631977
37225.118151164905 5.817174223353113 29.940788708598912
11197.6944959881 9.440872558056498 27.508210999356642
30474.981005267637 9.868244817787199 26.97432775737258
3877.996442461753 13.817409245750632 29.81513426501476
12627.227603068011 28.07447969639674 26.224747796156265
39727.65565317276 16.261343864903868 10.666089904628793
19935.098695031393 24.629367435550503 18.095566608547884
8744.496379121358 19.068480824497655 7.601776897076866
14224.284823677426 9.204391351007558 28.73078116419127
10195.081057863166 9.62399041788619 29.105335229730635
34665.52537488147 6.009876743648156 1.7406972882344274
10907.646971191625 19.499789016319752 4.569058019233504
34070.88532172355 19.98269246511577 11.453603555651174
18496.583543755194 15.879342439834518 7.79521336824459
544.9585166706283 2.7224242397475953 1.900311484333207
38660.34432134488 4.1695707587496065 0.9746731945292209
20079.001433406156 22.394994485214994 11.636521058885446
38929.82666948976 8.93705547162867 27.50632900474367
20712.55340914255 2.913275567229997 24.787114267742307
20316.841380602007 20.940144020122148 12.22333986794381
9211.613655623534 26.51395099013092 17.109356223631707
8772.06895686939 11.442522075230876 28.30976582766135
39572.37644776667 7.828005964211475 1.831442930692515
32620.383092186254 11.991453140098256 27.826746789641767
32376.397512757496 14.505503473136383 9.734135390494956
11601.625852563 22.691123420626806 11.899892174367713
25176.521209802093 9.515545528764024 0.44038041539081973
11886.656358643424 8.253583399645617 28.62228891383511
8168.642108783777 8.49248521047828 7.025022333363524
19925.001298935833 26.697625176772508 23.293305700803888
10291.63379284956 14.12497999258714 1.2836705173805307
39555.643284097394 2.816683578705966 20.544914610665117
31495.74422600083 24.82689101559589 16.01321782883226
15530.658769465506 21.83768112426323 13.19084017380068
15485.448985022666 9.113635570185952 5.476322474168881
34009.67540393918 29.154895589580946 25.70532773922232
6316.731246910847 10.64011447757869 25.86896893203313
30165.886025603897 18.280633377578184 13.407544372652378
19085.144355653723 7.5320058324770915 24.147285826844186
11006.57853917553 25.524886922399165 15.654109678116424
17430.71162441075 12.025625679928542 11.026275150178357
29622.975667877086 26.61375933888789 12.408603223880416
30885.769011766915 21.321244614095825 16.75369853179842
10602.611996514781 26.62889143164117 12.9279038917544
35565.265957714386 19.94972890452798 14.685939215091814
32402.247023970936 15.930558033328904 9.778231152615264
1978.3166575718835 8.842187700026393 2.7474413343649404
19261.21357411728 12.151615883506947 29.45436924479382
36038.501439946514 18.705939615858593 10.736796222996032
27
26705.56700944873 9.868600145230664 8.367478658184137
24471.02629694864 24.336283820515508 23.782355543669144
19462.817424440484 21.66251293709309 12.728787477539907
30486.423019230413 9.272375526954765 8.78171949201747
37125.51868239381 15.442020261171091 2.2678589247278658
27857.03796270585 9.041154186958893 3.090379104962265
23734.906751900926 3.995700149472372 28.250533362857766
16733.925990765627 15.403275646734983 11.95603459715052
38736.67158776483 27.075934733097103 17.121810818772417
11892.595427567341 4.46950011239578 21.123357254741
7510.925133466589 1.8613254876201446 24.820816551256538
20521.477471488546 20.94215573654627 20.157768079077208
22056.71728113858 20.77585336388524 15.719244364368578
3922.977214244772 21.8631106008059 21.75700026678606
27733.868808642597 25.22515416630247 21.57252553543237
37070.72283202876 8.644321031073888 29.89725337110604
2537.952167012163 10.413109344542546 5.116603464297706
739.7106164658895 7.324536347220416 0.3559068517064923
35596.93031798616 10.993304334587892 7.97595262180514
23858.22532882358 4.3578227120192805 28.295479743501286
5556.210939182815 5.129538785067622 28.36819697030621
30760.280404136312 25.119292933456528 21.729525230404388
7483.0185666934885 17.765282522576413 14.858803504396533
14910.181434894017 25.667668960567575 24.299828080445383
23749.967413884297 9.500519014206525 3.701224195607278
22101.78923378305 13.633670376628626 8.632313311897205
11093.39967492507 4.049867616990043 29.375457116153946
99
38969.65361343038 8.428573668004688 4.674250218882559
13878.183830066564 24.661052005383247 13.735416972755923
10888.978664338729 15.255055148918045 14.442281180649402
6235.460687760361 7.078235536536411 4.111860795539458
7726.813172486651 4.002076471481403 1.412147820538534
1680.2746646672117 26.531560406998395 25.66370188304155
38779.022643220924 1.0480852143494146 22.146450865930888
37704.51028397917 11.59853211582372 6.001504528848791
21285.014930635814 21.32486527571761 20.099454460362246
15973.862983851426 16.710064197742472 15.021603362906042
14766.64862002064 6.627393001002134 27.02165219430854
6359.801166309405 7.076823473366592 3.301743213194077
4800.492399586238 14.34359903737693 5.942437587707287
22600.69287549996 21.8851174303366 14.270898846882176
19838.313879688005 18.710210304175302 17.86877961682321
29897.77657922149 29.323219067407717 16.704148374849623
13282.167601088464 19.463334408724805 10.00528318029577
37665.43007979466 24.837128483277112 21.31258844739367
7016.388413019276 15.001717416640934 7.469077176962834
2225.7432254902155 7.855114971432062 28.56892663713712
6607.162578816372 1.9112880792479259 29.348500643752587
571.122795548047 20.868038648239022 12.833653201779189
29565.18567049183 6.710904084653379 29.89253811425766
34133.55439612337 22.661486430402128 21.924634332177636
37433.33781523394 27.259715234190427 26.68391476449414
28754.95219360408 11.359615253058351 9.641416874774734
27618.097444628722 21.66289686012098 9.407933753340481
29413.397814532593 21.624007264788183 13.651639616920187
36503.716553164435 0.9337585567740447 21.872841787348868
19532.984827949796 5.190639699511044 1.4716423151338154
29186.666381830273 14.263187963590514 14.093425666917184
37405.961861727694 2.028491982088335 0.19627003075226024
38005.35002730989 22.258800538056015 17.20669451471721
8027.940812057195 28.57132751774991 23.21604156639969
5743.382760742986 15.9272045134421 3.6436362962681565
17305.26617639855 25.342952783187744 18.013268332778434
34470.869686412734 4.542501162893654 26.97845731660087
31778.9822111838 27.41390744024797 17.38379494172006
30700.399069235253 24.79499391093196 24.436943493247554
11138.13473837081 12.744702171737467 3.250185134357859
22002.36309007856 20.48190947066533 9.181843238319304
23724.361614625504 23.72667088729453 21.777819991581914
15072.459425555982 1.4320587722916123 28.64222276421662
38728.06259056244 5.7540222030084305 23.03057518358487
39084.0664905676 23.478831813354088 22.093746610269818
19420.368694949684 11.591125181104411 29.560457941860626
336.921428677992 23.569783500100215 15.126007204891499
23402.27384065192 20.015894305976556 9.087580189865253
22405.771739805306 11.18458413914147 29.078262937439856
1537.1778138772418 25.839580921354333 19.76140506094823
24126.21484339591 13.169905740612123 3.637517096045062
15795.969961460209 28.6691496256597 27.177372258348587
26587.489478576073 22.089111399048086 9.987294046027959
30135.115754121754 12.426492618146504 7.724438966141691
17352.205744519386 8.38767626261374 27.603783971284898
9152.699706884965 7.067218671818351 6.218438209216658
1757.1932772847365 2.821730180818255 20.45592037144092
31757.479162572785 18.96746797836393 12.525456100702145
12616.345157298618 5.827305920238715 23.80551355612248
1068.662331386645 0.2091443902854484 20.875156628702143
1002.7666967489068 8.654371758200886 2.264804561304703
20461.890626230266 7.9476293422157855 3.347758729569673
36573.96189219084 20.834534696328532 15.858433415774146
32210.422303855354 21.955621739436413 11.126365408246961
10856.992790156999 22.15321075770624 19.215729950205485
26066.06509733356 11.2267886794889 2.708078371383867
18813.245656202602 20.944906442660297 10.950983223079723
17464.219316402712 27.89204761510056 15.238261432149908
553.7259377514036 8.767586834538037 27.625999675939873
16443.99199994214 26.333576546747793 24.84986152182599
37451.41424022956 23.887345142674555 18.385539279102193
26850.088547340725 26.841539644702745 24.750690913669775
25567.8819050555 20.275067792806052 11.325138840514693
12169.002014840355 5.7425817598925235 3.1955255282139605
5473.496564692639 19.999293421754448 17.8054519551956
27914.001275004208 3.8094809392569964 21.33165654908447
37415.69755407229 9.790996903961632 7.000322323875565
33250.119028668414 8.908002472009041 29.710636236817052
38923.58854724573 23.37402474016337 17.097590138839404
23768.8536992356 29.27613465639027 25.854088918830353
22624.78085509438 1.6304516456736373 27.592015424573113
19789.74887555621 19.037206732466448 8.969690363171154
10380.767180191928 16.079820451478497 6.782825312594149
27983.31766888721 1.4902523338462437 21.145054006466843
2789.0335117746813 2.6981248973367524 25.868971219981837
39022.02918515744 5.453686119080939 25.67403247009339
4535.16335256821 27.149306195922374 18.61074052084817
39306.23992183507 19.707669985360944 12.3741596260687
27967.509516825794 13.129593459724665 8.055557583391646
36365.505229678194 7.007496664088244 25.2602178783735
33170.24965748917 9.737384113081276 4.900319611586913
15510.317841065327 3.243091757591161 2.6670618338834498
17817.072865946808 6.911815113103286 5.388230461093295
10515.350648638048 8.06408138714158 0.061959721402875534
3264.6508124572683 26.991971319829652 20.708808146243058
3554.042346715245 10.20949808765801 4.2264834613069455
25836.82868553043 12.994299711822704 2.173828829359472
16901.400656588095 23.680331177771848 17.49670312677434
38971.9322979311 5.279806917567745 22.954554918406924
61
28525.153118392947 26.29539263014412 15.442094372679549
1680.9369003928464 14.980921362967084 8.727298937880754
34123.6657810433 24.66857007112647 23.79608474293167
4148.68987460351 16.819248139995235 15.753672680280918
24136.185084729394 9.433706067453738 27.80698753911906
38389.21021195275 0.9154116844102911 25.489619791860363
8656.479987570314 11.251741113289388 1.9855823293896668
12858.357394708597 16.648335011588657 15.337906415231538
26501.176301752555 7.698583033599558 2.3294302665828956
35942.930232871324 3.9247318568185854 3.77365620482344
34162.51528861227 3.222175877112096 26.58433872789471
10714.117143375348 16.38157947914179 5.353157144682563
5304.45192713751 9.046398895736566 3.4212473050839876
15406.006218955969 25.203158417401525 13.384817158707502
23518.76807380162 6.1425615983336765 24.324034787775233
31930.189689929346 13.143594052469265 5.027743192965851
21809.170993315704 27.95162647457251 19.920951145360466
21961.046639279477 15.624936867502054 6.087717310427385
30669.044415707158 5.359262030166421 28.069415307322185
39439.30913625262 25.506756444920736 14.621033286406137
22290.369795840255 12.426990224019596 10.69906717469625
16169.777070747044 25.228540974689786 22.098807805942748
17067.23038481534 6.285655625030113 0.9634819521015081
8215.43587184407 5.747463620811102 29.49942288604232
10801.611439614453 4.508573959892886 1.5413650986078897
16740.430641772098 6.823346829075727 0.9191552441652318
658.0465381825506 25.80112072565309 14.983875458920807
14127.655213475446 11.20236904604392 0.10684306932575272
30936.917090884872 29.7239219028806 29.23736956013936
8606.312782551027 21.53257881271694 19.491621563650785
30946.992275291697 21.920785075463822 15.394563207942554
839.602365910701 11.005608327830084 4.711232602711533
26690.137753326817 20.359533259242014 15.932766091327872
21396.04476043764 27.13910812118998 18.683562166275966
8989.601487486429 5.041544731245016 2.7281323830869484
6102.423739553293 10.45307083940396 5.968153398257798
15141.601389255075 0.12716389007094708 20.895063239233682
20996.95061674274 12.36185113141194 0.5996124940733571
20734.13931184314 29.498117606314235 18.989424605089344
29844.280785331146 13.513794806709189 9.844899628455297
9385.08922766692 2.408613151132901 26.401384352524076
12997.824346024154 23.441628102294512 17.232204723089666
19366.50298665266 1.7349260983670023 23.11418874656639
1655.0163997476286 26.12371892556342 19.28022284017244
30239.718475400536 25.976589023272112 25.433202222090358
25135.816186288994 28.81350539891157 24.373015910065234
15147.95644933968 8.608126888604518 8.270289712602176
24014.207552705397 5.991473183119384 25.604299455742012
326.1409165540474 2.580545644596315 28.14583109951872
19707.3361187124 15.741811183883524 7.159953594938687
22781.284807875538 7.71206892482939 6.131806138311761
9034.078090325254 6.583274040302408 0.550624696819999
6302.744504061604 2.291039667828323 20.554265044706856
22079.560500110485 28.765001343585407 19.150568980990307
11934.57325158465 6.014183375727184 1.7786559061798535
19938.624216848697 27.02998049430056 16.440984087100084
35605.1317861524 29.355771146718162 19.62815206419429
12262.654386194808 7.769464035354735 4.13239926939066
39295.085514694045 7.177505393430351 5.706817194462257
1709.4764775923643 18.849373611283468 17.694307901306896
33930.663924816945 21.20120406453765 12.241582013524523
65
8448.056638271657 25.793375560887178 16.156356344332984
35832.9959911197 0.9954228533796183 28.492414252393743
5762.7645154134525 27.83216393865798 26.246749149020808
23328.19036606852 12.676783214114556 10.254045229638328
33566.04290161334 5.437511438043713 1.6080959577422549
33187.849304956355 3.938157419137951 1.7748762531597995
26719.21046729374 28.174608934683583 28.149938818763264
4303.939671800583 4.540431705986855 1.5712048485709662
36472.9298391966 19.690952653730022 18.256172992909196
37811.10155933718 23.20085924327992 21.96176725195817
12590.261764418887 19.279081525936597 18.800624576970435
1228.7293146110435 14.442932381623457 12.151967919795235
20740.128759849194 10.505428034214114 9.008031061683006
29302.059545002467 9.29787180251735 0.010519770756973745
24174.83127671456 14.800354221431725 5.7775039045338525
15528.716783322425 16.72951206321413 13.027039960924327
39246.519227915385 14.600328851237713 9.834105224133532
137.01719664146682 25.719485827862457 18.930872135486425
1361.4646182797596 25.84877416633116 19.312693317763216
5263.979808216255 19.808992668756215 9.039875747520412
10424.50502668293 16.179885221195153 11.138169127311064
23238.137961380344 12.441778391002643 2.6030650130135227
5696.411965408705 11.01625419928207 1.4905985151640522
22634.388658688014 0.12240622478043361 24.43919731766172
14290.502174929628 12.144771149153637 4.845996148067017
16115.618657812489 21.48959051664927 18.736755301903315
240.29687314055525 20.617965001876872 19.861421591597725
4371.853297607679 27.219453243261405 19.620160574225007
19558.852408361563 26.277320871166772 17.150749606078534
6976.368422369643 18.65713471216128 8.891332196742773
19491.516024574317 26.89930874951437 22.78791038977436
36637.79839546714 17.743398889002734 10.31559691028097
31271.398190163396 4.115053694481591 1.1729180865362088
15285.644033752735 11.60039296479761 5.034468158832565
2231.888223269207 20.860473121889044 10.86265917146727
23514.69106180159 25.66779924358624 18.002878547360094
7001.408653882298 15.32797241130641 5.6191056089759215
16824.160011263968 1.147688746017419 23.059006888895222
20482.536231250986 27.31046737879248 19.62247892699031
23968.7469260935 11.824840977371146 9.317201468260908
2221.3044339388866 11.560118840097132 5.393612261302373
16378.138389195796 0.3181538907896331 29.829208954760908
2072.130091188651 22.812601371946755 17.041620565720944
32517.803857585408 18.093366068851157 13.760607155582443
26405.90055999875 16.735978722023937 7.1560736228530555
6731.872440115554 16.917975936392207 9.253785196762497
2413.802820531141 6.534421472099101 26.66686151014661
8318.884189309758 1.7612514287858372 29.350730256806067
22076.279965359896 1.2736676420562199 20.695548630761632
10494.78340484546 5.481728195445239 4.421519053780363
22489.052901186085 13.320782551796132 7.583222787361533
11900.044702515072 0.45339495460052115 21.226819957998508
36939.265541177716 24.74338950416024 17.135015093212303
33853.26083204018 2.859360418499377 29.531302174078448
12807.974285926695 29.92581598900864 28.773846879221974
15854.948170654212 8.65563935981099 29.807470846861364
39266.807524488955 6.735252483338657 6.531737242439251
21259.299469010915 18.636120279625555 8.051846696426846
8943.13454140769 4.547555546878332 1.1498428114064319
28944.263873795026 15.308219507908593 15.305096022788014
39731.059784835765 16.827188173343885 6.221531473665345
21340.726417748967 28.30934843000898 26.067591956956647
17712.304149849595 15.695477775661221 8.773813353997822
34207.40879821146 3.1953266620358356 0.28564123115519924
1158.8801160076878 22.7958023573173 20.8576720819177
40
10360.508161241789 26.672748238096272 21.514258040927572
31983.24798556551 12.155805441755085 5.519035446686644
4810.964723512167 17.084131137969873 15.218409814655963
36738.91929272919 27.88342457730983 26.979688222542315
22739.966113759445 18.553485856255474 12.350620716425738
8403.422435309421 27.17087892390633 25.850819963310087
19474.960690933563 16.974235722051382 12.989721235669226
7635.53629183078 24.109153636935538 23.75871819856729
15406.280842586519 21.999227920781795 13.498806375070538
39260.57073790424 18.497977712145453 16.065188515132867
24745.565779513676 8.146302135153281 6.566141697947179
39268.9898582022 10.235965463841502 5.084928771718453
22604.727503009915 8.000141979653542 0.8668892669610195
17223.395538765108 10.426217359399217 4.219987897722848
14147.82097849101 20.82773337510969 18.22608789110921
23332.02493214592 8.529562972332279 1.6397617886130966
35750.79512504376 11.514833271209596 6.933838756218968
3386.931021811628 21.04846358989679 16.679124384234836
22821.63369620836 9.581503839504892 7.48499374359967
38735.043459370485 13.609022347389965 4.69781850509099
23246.195236057243 25.10908231653354 16.96361839476645
11721.168931334183 6.046026091340789 5.366587537977629
38179.930162646844 8.984764470001732 29.642404970423783
24863.94919497324 13.21490253229056 4.779358179082304
18503.291212435674 19.672201019615425 15.15840463007457
15498.800904743679 0.7932628981601009 26.738052033012075
27995.78076706725 17.84857177748738 10.665529573925284
29737.396056123947 23.09301103873392 18.771940747335613
7198.55458958441 10.730027358886247 2.334838222065857
22224.484585614045 20.915598483683105 12.969282487960077
27384.446947315246 4.881000584265718 0.6130730096996417
39836.59105331745 18.72498230119357 10.225609865742763
6340.883737974053 9.492746962482348 7.125065285220567
6685.039809042381 2.1952835820044436 22.984635017622747
39778.60607104345 10.142984526120541 9.226926586564378
18172.1948026338 13.567501950506587 5.654280660558431
12746.466726379082 16.628492908604677 10.49020748779828
38210.316051720976 10.03313968493581 7.329661639590484
35596.34878717657 29.009720903278996 19.7931558903339
38103.32734357713 25.44260915162755 22.386235213261543
85
29253.915761614768 13.511381519656599 9.230698851660147
21859.555640007904 1.5295487103370387 29.525180254290312
32196.932180599244 9.551249595885746 3.818178895336507
6063.533005856567 23.97680272194845 16.683460200534174
16004.522002406638 18.46205047029725 12.391887178875882
3197.155163001111 16.768854264039714 16.250551477895534
20409.88056355108 26.720614051713596 25.031684356206096
33696.997259611126 2.3314398214633023 29.15403074562143
16762.77541931365 24.75003951202333 24.56420224471995
22406.069982983026 4.931339863673624 27.102078828798426
23275.043551594383 24.387407958454055 17.760632004074406
35781.52232882654 27.902538739121116 27.659757945877004
38111.21016703772 25.57755364939281 20.85532784071534
29044.45309714341 4.407910048043664 26.515093694469442
27220.15005761857 3.88669137003098 0.552191880102163
36209.8268985983 8.500866368318873 7.488614504463706
23239.896806413282 10.191699471764586 8.000705123879353
22414.02181078275 20.531412318769664 18.357670216174967
6372.700690238679 7.264280154496085 0.03046454367191309
31081.085910791116 16.284554989779135 14.469309472986769
521.1772195602782 0.4293818758283019 27.698746542524567
7892.654765698519 21.174553529265197 18.149324816440085
8879.381118530682 21.83627809202581 15.412277555931697
33636.905458413035 28.56987667225734 26.048023322034773
12549.227802745518 9.080458893765137 3.4123806057320083
34912.65483322279 24.363180028415645 22.800037316526403
28511.523932740194 7.472065349686528 29.610647086280366
39546.36539872046 0.9109439096560901 28.081728087605097
9733.636916567935 3.4869125431031978 25.323355444920796
36115.96796872565 27.223699660453736 18.666890991640738
4585.977869568914 26.884174657424367 23.396640423629858
29381.546891386235 21.303502747676728 18.26889067842484
16763.209222956502 5.753642947725412 1.3538280748082943
11672.397307466968 0.816325131993918 28.09643182136769
28078.013552369728 27.68328718214994 20.740942066231995
13895.952399403617 29.79504941076637 27.156585807484205
8886.68609639694 7.945123194216116 6.210210525332769
32087.942409254687 12.725439554994024 12.390305831537402
31795.625947272933 21.88810623719398 21.78343686293704
2839.9034338677566 14.597697989749703 8.69298568066026
7246.38074489191 21.85723653468933 18.64149369060113
30601.06817516728 8.080066706976798 1.472049798682985
36307.330024214425 24.443512357178534 20.164463115800874
18611.845995006133 24.60004608759077 17.37648373002466
20042.83975155432 0.8506358982520246 24.39210741133509
25488.246531038178 22.708868218271597 14.448507828768873
11572.085254199243 23.2967402448462 20.676085597540087
7279.275423185063 18.317452795450826 10.062521722156344
3764.020821064689 9.549940739461958 3.0654280059087236
15771.41789364228 19.286595398491567 10.39472901619723
33450.10213462988 5.1693392834709515 28.055787271114948
6063.597295365595 0.08872032266810326 25.803480334534903
3622.5776427187293 8.985603940881452 2.7698871762822463
38506.19839098186 6.352721457987674 2.622084378976064
10293.563664995183 14.716533718373475 11.794706544486704
38221.721785216796 7.840649739593424 2.466868460630798
17230.61389899463 7.604674025207526 2.796042292023302
17230.792244244323 4.6927151471630975 4.373594863807437
39600.83662075876 5.963578952384227 4.191084111859369
4494.454413844711 16.790026975939938 16.15214101956876
22712.199001783356 28.702615603914307 23.256708656422198
3896.998444858193 21.206650313077446 18.334516957951063
17320.2735680346 10.534895159460838 6.613024210146562
34127.15230999063 5.742103892914585 0.721276635124638
25380.718775791393 17.65028982826713 11.536660955085335
8839.544108317159 2.5514269574968496 24.689759507709038
31016.466012444685 18.39403283784031 10.200970297562307
6147.691179589123 29.76473914437797 20.80535780181127
6979.201120953519 7.828220945609142 6.850111669671572
25424.21622392672 22.155145479350683 21.435544173628415
28276.05225584262 23.98699449087606 22.89450257893444
34123.933267618326 3.2133380861025462 2.1094085452496945
25380.954361701843 4.404927897789273 28.967789790966826
25961.062571303963 22.823075807038506 14.060606755708168
39988.0027468335 13.492619393483409 9.847743159362013
3546.7146057852083 16.767630040923112 8.45056460019314
6517.367708295185 16.34108031516758 16.116174513020656
20341.271211957526 9.757276564437788 2.497056248485631
7607.5756392996755 27.245821870408687 22.237848120419443
11704.58877013127 4.819421043844859 3.930770780383872
23419.405894387863 0.46848896972597753 0.43027842559343665
10166.65057955691 14.226195516622424 9.847801568192336
21935.426837685376 13.594837012353732 11.970857208795852
36710.46421802704 29.640363543111064 28.04863405179259
24266.921252486594 25.729480046174817 23.15232010021671
47
20293.522294015762 4.995740033610451 1.4608276670768006
35616.01468580651 8.637683948320044 4.739789998995162
3170.2695553128456 8.702498379903863 5.949930569826404
12335.999545831155 7.47930526799639 0.4791708743921097
8254.038827966408 24.605567258691686 22.184358285167956
23749.869192046597 29.80113473241421 28.95955177887403
18477.761721524097 7.261185998092178 3.087342470478233
29420.122312406183 2.747332117187092 29.180713462055905
13817.666757373863 2.6683809222540553 1.5991685157954583
39301.133375008714 1.40365187606878 25.245512305799835
5837.808135695876 24.745647216096952 23.519990160325346
5189.277713623297 28.060176004916215 22.592096329972946
10719.914037777784 5.746270409828199 29.04183147224898
20433.266010621428 14.713733542457321 14.653667467929063
21153.17307787721 28.294903788280685 22.844770396886485
28691.689421621195 10.20836529218412 4.532452956840649
29088.06654501521 26.094823931864894 19.287435350051357
6962.072762764496 23.49980358073063 19.722745688414268
16917.7396511463 21.0470871836306 18.666944727685056
3503.48379487901 15.762672038481996 9.492440944826283
8624.045766316156 26.0518956408606 23.26978240156202
30489.090017998336 7.962254412057803 0.43325910602539763
27454.729608678852 4.437163618347571 27.766061501671537
6585.774198885921 8.428969448738867 2.662908669425833
13068.983443198304 6.247613730767908 0.9285916411401274
676.3691912522285 29.327376431533914 27.919672173866868
21986.154242326542 17.085630806527565 14.912862986120654
22574.642308353184 18.420835580204717 11.45773754005685
33489.58914106933 26.43846937201308 24.041728544354488
16138.393218910307 20.19536676515171 15.27210817727217
18376.6884489581 22.566431359669227 19.05068601998104
17009.635925200382 25.76352845657179 18.76763216909455
12436.880683857971 29.96971575654299 27.210450264338146
14695.490053743815 9.697047893812258 4.732123576250081
5426.837553999424 24.99068569153564 24.633444740851978
1304.6728301687472 10.756013431298747 6.093570756787004
15643.312421388207 28.69486774093111 26.898693247403983
14267.48324038567 19.56224829697469 14.745654857763956
30289.12386742256 18.264781219800817 10.80203626269917
17589.87335819249 22.676533117456717 18.433945840911512
47.12760262442384 20.750681923233305 15.079894962787714
23530.580314415838 11.146328290126988 10.415166698205278
28639.765733190645 8.090557867294502 6.443040454222092
30769.110902936667 7.547150229769955 0.334163101116266
23543.57911619922 11.98095660506997 8.154688805361506
3938.5917871928823 10.379933131476587 9.165791842515604
27314.00480667076 0.4250906500674623 25.070066134522506
4
33563.00076510646 22.66110015674291 22.360031376487452
14163.866946247432 17.06084637584969 13.67506128090927
14469.956821878264 17.873824448622347 16.539836233376466
24243.427452059757 24.109701820135065 23.784730051242985
64
4469.805307028149 28.281862504285954 27.51205798938679
9899.62164709385 7.60474391759958 4.502026761124797
31179.77649715252 9.45364768701335 8.726204988131174
24672.111969359932 16.796302095910427 12.391660354455013
3675.3527013627886 20.68064977002547 17.50009684991258
34430.12716187192 3.3920895981553976 3.127327039524973
13354.28354540209 12.08662152457553 7.099880225995613
9759.682197475036 19.712660466782214 16.55220766953345
21701.86070818484 26.168841807248345 21.67935987122606
22273.208745892258 7.448878617039689 2.401793157810419
13812.696255550345 29.385899460925888 23.709057496760703
35864.65343419098 8.517959372687042 2.972634041163378
20141.839259670283 28.37802703191356 27.016759332799353
11870.034653591727 17.05370542994202 15.583167220938458
19840.147207639155 26.524123590405846 23.498872699683055
16653.496831636305 21.21528267089596 17.9185303593911
30844.36847695559 24.084312703257325 21.190092877036538
9160.174744189033 28.068387714894158 27.6399029814603
18445.70027532093 0.8353220974671727 25.835530052772327
25801.891596857236 8.550504145872665 8.239378766144217
5257.83037628758 20.229289879208515 15.169149568011218
24078.17932411233 7.547491477356364 1.5485507378747543
2433.846841582672 20.331907087662138 18.72928741382015
9332.715348829046 26.764979906238416 22.842405209855222
24356.264203781167 17.497155879155248 16.561512445939226
26056.097454710576 10.494572462371444 5.531293864196513
10704.802852331582 0.7241522557996849 27.85313391921993
2482.7777665100202 22.776050949715685 20.630386142166984
9205.992701589883 0.5321169837599238 0.0755851553441178
30847.441288492064 20.54415466797318 16.646520045795135
23402.357475634417 25.018368793718082 24.798862045448857
39069.09116654354 27.180934935151015 24.152649715086405
26033.642513738607 15.34601554766226 9.741206234238064
13966.846384771117 26.41765623325733 22.354859289430863
202.7040368893962 3.307654540206111 2.6380421255844135
22202.42422219349 4.33467493804418 1.8420554755779817
9633.038388264513 21.1189254724927 20.55151459576735
3302.1750226340664 6.9619094138981765 5.065424518806383
39562.80375718806 26.309515630637183 24.48110805353652
30647.755050630403 12.732901856132154 7.487556275214247
222.21774690382557 24.26152397835875 22.80349752924325
34112.39190249031 23.964762034931294 22.684581120244264
35333.06672372775 12.19914233539379 11.376278919261328
409.2170794989114 3.9580260607232596 3.2825091863393108
22368.04210818205 14.761672627645497 13.48992679403458
4155.3677171019035 6.803297375342837 2.818123969627546
28099.211905494136 26.171966189613006 23.8735558519128
25622.522989884867 23.350869649920714 21.114337261101234
37588.69050708717 0.16438384713396315 25.638711562030377
14997.850553254168 29.353817027962503 25.254654416667645
6876.671891008006 17.200484446324353 12.491046119651637
7521.18357161669 1.831986701976872 28.41558139556593
30458.456962363845 5.547051446149595 29.58343663673085
38923.77524586892 22.682384742772626 18.488938380273165
25961.030464702577 29.780595078231812 25.33331278497728
8963.224580652157 27.177862212278026 22.100119292245225
5016.655147838489 25.249127149434486 23.44610194001236
10499.81392819463 1.3419764920982602 0.06232746041486714
13794.846584879984 1.9776337463133764 27.857065578271452
32964.92222032865 25.43137214786809 21.58414190118593
23943.35028955455 14.725964265201357 12.631767476620903
27151.781900360962 20.795096487228697 15.174196455334764
21377.795777668183 2.9126056129836577 0.8355039188984736
6886.257101739006 12.638647464362165 12.082283727851777
74
5837.960582113379 20.300679209625315 17.314524915814697
9460.084411290489 11.644650506948587 10.099371808798276
16338.67734420495 28.674313328951488 23.77280304232275
4647.761508958492 25.919260492319733 22.344574311520965
24587.02915961539 14.245041888748434 10.878201001704115
10325.169927663903 5.430912954825353 3.7640016305406943
17804.680279476284 5.031900859679452 3.3493267983293515
24536.1289458363 24.954295179378175 22.505530441079358
37814.75051063468 7.691657664645298 3.1566523635708386
35614.90142261229 21.611865207149233 20.1669566958289
20482.618484945524 8.179268190625736 3.201070186458479
20725.699773812034 25.541611627088315 21.051909410736275
25673.634523830246 26.941492127435712 22.597715751027188
31672.445222144004 24.188393644834235 22.889646992954134
29479.135095124006 7.036535893081528 3.3033802858832995
17518.57980225918 9.745018920630661 9.027824067139779
5719.4347828944055 26.419595156442366 22.33953597963562
28112.786932594296 12.523807654637215 10.81200114699995
23894.609427652198 14.95741345321566 10.418999515974592
28803.275813623168 11.759837772014235 8.253593345143495
14510.099603314433 19.47226380771897 15.654810344951521
25717.660807963246 24.921618842415572 23.8087534443944
16013.850849314842 20.835415249260635 18.581239423971184
6461.34628354325 23.52720462081186 22.751086396083554
24548.80052324563 13.108999704713604 9.630730796394602
2648.6175487536957 1.5926534782614743 0.4892862812456855
28280.183113673564 3.2695578072300657 3.092626500260679
17137.00285181659 27.018090925249588 25.14474283270162
17907.216016701714 3.9513377023973306 3.007896383531816
8878.354999013807 3.962466638961788 1.8541679921579068
22533.313078366864 8.416865841506404 7.184535371697763
8097.254573833288 15.20812916536537 11.19863819019462
12838.949894127269 10.179723820003339 7.469406782662018
9495.554041295287 19.878884431102023 18.9382910310496
21167.212843504414 4.656316763224607 4.613321569921079
12646.002998645405 4.916772591606745 3.816043464249609
33240.30910676933 11.877282786040897 7.053108484604076
21246.332765393716 26.664387314956656 21.881492362758756
22951.744312319446 26.99046699038394 22.667561980698142
27714.75822955419 17.188959089594615 15.231953758694615
36400.8597678346 9.521159744997993 6.136200691688668
37579.80570966514 18.326198397704278 14.489930387483213
31703.176932449896 15.69737882385325 14.95649511990085
22533.036379817775 7.327731492041439 6.249335311599397
36722.59299144306 10.489585179061852 6.156785072637668
34978.73292356416 8.173043034794597 5.751527825979786
18333.986596348495 0.4015534213402139 28.927839882230415
7248.22265369502 15.682635564449685 12.763577673658169
39481.26352467798 10.306438362744272 8.896617118796417
25598.314172289 18.866464879637668 13.969814216600689
11523.701156006782 14.695859553345581 10.124727976510929
31901.33006118351 27.41092226633568 24.84821424761624
1101.7736709341275 5.6842817666777465 1.0761568223314022
5057.76778598336 26.60431583229538 22.58375662419498
14444.932562903463 16.97212251228893 13.22013282792759
18374.38479172577 16.6796459791873 15.405931273831802
36854.134658621166 20.126635623029404 19.67822930823004
28216.304864472033 8.460284472430786 6.234530974424105
18543.58469968671 22.449882711934684 19.819131376799703
5578.868983169207 0.5446731793126769 29.11173364327361
9281.108104365892 10.948520941010399 7.259665509626654
18183.127580099594 23.375600777029227 19.18979970372505
31004.548826995255 21.17647356153156 18.872655810355543
4277.962736053036 12.937514257004825 11.684311101590588
12847.330461780277 16.804405769244806 13.668881811759968
19042.080303283263 13.394527060715372 11.268370917758585
29881.016505957054 3.893767006594805 2.439840496717606
3290.758955383968 16.241027524871573 15.520098128567808
10434.924518035426 23.010017016375464 22.21275299268195
17656.557488378723 19.67027836587929 17.52731587893512
20222.356249550474 22.346042693331523 19.59261334594262
29147.4634167691 21.627020394767 20.261514534043506
21454.33403703279 14.071188602322644 9.858068145151218
5127.734984887744 16.569840293108257 14.318159762597919
2
4346.434289078585 8.741841342795675 6.212562268844223
31183.087863412788 10.81980549469677 8.70476818003077
67
23041.458885232703 28.997700216631756 27.382546002952527
15493.822096444546 2.89954509282215 2.243381492791423
19618.41513811108 5.954336709702913 4.529089530375527
14630.092487984804 26.91830310989671 26.28262774417931
34390.31180644669 8.215862835293251 5.468302912295497
35696.16121726828 12.986217051658322 10.299539661038905
17981.231461705716 10.943958324122288 10.547319727976674
36411.90944788312 9.287840798893438 7.911780982600028
33050.04019208906 18.953964206432907 18.58933745627659
22282.994185364754 18.26079748036819 16.556740111003563
5829.277324562976 20.68790626107606 17.959743411814237
24966.745200366386 4.776722958750299 4.522632454435945
27074.20564635246 0.769780236505323 27.84453603594198
33678.02415988899 19.326553128359958 16.672654809024444
13969.323316917918 1.283929280626811 1.1572054332298165
14969.44751066557 21.20999747976166 20.673651613651668
2965.6930065080855 22.45379518747043 19.650640685171854
3690.8091073283076 7.612733419726652 5.666850027585678
25904.89540877753 0.2332914587119428 0.15397818502364768
2213.89492878826 4.137423947315844 1.6084350334198771
28481.305185212765 8.39315086725038 7.0247932950211425
23925.765696597256 18.92941022160038 16.866389726567437
22303.859771807915 2.5850654044684465 2.249559872257217
35645.98445293735 27.424009619018452 26.892832326436665
32870.20205575232 20.25674337111882 19.628531270431132
29889.85773965253 4.233149586334459 1.666520061319925
36021.91722770279 14.865125376260066 12.538676927013512
13606.383265225599 14.783608286673372 12.041638589867356
16112.836974576052 3.1794326455751385 1.1214328014541453
3882.1878446231617 10.22167739159929 8.203154976609742
3999.4817565977314 13.656151252494464 12.850019253623426
1642.2455793157153 13.063183654701554 11.377210988065585
35165.361081357594 10.347026321656104 9.154777971016909
18781.831155687934 7.724430340079021 4.781287490452943
30874.32326170176 8.959645978875976 7.356503415788028
5075.538938008268 6.1611831312571965 5.72018883062873
7886.972803861591 8.111693422120533 6.633617974046118
28912.661315304926 15.209924256099379 14.588468638271742
36266.502054063356 25.08548857463485 24.041636319517764
33822.148214991954 22.709607038011278 22.344182172779643
3243.851439912393 2.3449020965887835 29.948186499065383
3257.6584430794896 22.35017237944084 21.937404289699284
15000.452194398255 12.869266640058614 10.050359317404109
11342.175769457033 10.116758876155174 8.999398355215495
12982.54590974944 27.31321971295202 24.67495763314381
34592.78957734885 8.082701077431429 5.483675899227759
26644.26321685665 21.94398652694673 19.252549552798712
33857.83423600934 16.15028489486341 15.370595861255818
4762.217147703062 27.715391298803144 25.749674150241372
25393.908688943535 19.828342979257496 18.874358293544866
35472.22035793789 12.482223871264134 9.848891044566543
17969.859480949915 3.0945915774693535 0.3337896551820063
5107.129352433568 14.04463579541236 13.43753541894767
30551.951970536662 16.40539497895515 14.2381306906039
2833.4918916910333 19.419659406923902 19.3260406423211
14604.662813197761 9.837959546085804 9.110831699291953
16991.18933904772 16.478662843916833 16.206803038134282
17680.4328076558 6.087097752988592 5.360539422028224
18017.750630734616 26.825407279176442 25.438008346681265
28045.877007749852 6.5787516355311 6.438393463835173
14427.10628193442 20.90045070897837 19.90197866716241
22953.444202667753 21.51141688017376 19.851862503851727
18620.65478194798 2.957215825937359 1.9450626454956366
10942.590724200612 8.987291528583347 8.140772582125411
34831.14910520867 29.82435262141336 29.757596534086677
26302.250074464566 8.849798793811244 7.509323291557111
32607.01170468243 16.125842083136522 15.129354728545897
36
3941.087811899844 19.58857716426438 18.458416004180535
37574.88743922205 15.04217197378295 13.69520901074016
7246.820603304775 26.23977156778146 26.22152591192492
38185.866321153604 10.236990691294006 9.062266570639514
15614.09796156311 28.88591480554166 28.623229434988005
6070.269140217181 22.50280213111911 20.77410432031869
35673.86881260924 6.026440216869596 4.231570237392505
14325.0903024551 2.1241128823036206 0.17211749282237232
7088.20868631594 6.741119068887284 6.492321947991994
5672.490763107794 20.29826764585282 19.82695594714884
684.2708620397708 5.294352605701107 3.9331728482417527
31605.175924862393 28.256526743539318 27.345557476716607
19541.66533139012 7.479745768801572 5.580866877962042
27976.606787939083 2.790361721695259 1.8676896170692503
15633.461742990872 18.41789742660545 16.83949038742784
22145.399325172828 27.247563368694642 26.646868240277353
29772.90190518419 17.95228465317351 17.030654337058767
13139.190284363802 4.9515654380956695 3.697636557799181
11419.380470437321 2.39416527069325 1.6579970103906105
25888.62991376076 29.76970887808758 28.777770939591395
12274.244093877029 7.1140593387340285 6.9765309839795995
21908.06519714424 16.782702093151592 16.446657067552664
39955.49630334008 3.4001210581781405 1.5558527826494084
34068.70183718516 26.835968397862093 25.298915306875198
33261.7328303728 23.268407485090606 21.966859155769747
3064.38803981528 2.8307471517498275 2.434653219752377
28117.98209380959 28.251124444067315 26.583909932229464
32628.167176292838 15.691039286956165 14.120826519562048
26031.712665899242 18.621259522280962 18.213620582737335
17132.335891976218 4.989217535759366 3.2885995465222893
33038.27290877711 23.12701232063614 22.078244679044577
38933.052675431194 3.7159705747270824 2.9535999663763643
6860.367674761583 23.855971699198577 22.203886854527738
5468.846907437821 8.335613771656517 8.18290159460385
25856.029330887308 4.965824596381832 3.12339414690514
25354.969619896405 4.331273617419581 2.749666278975156
63
26656.850711799685 23.13836219224277 22.86576569629817
15547.582448330553 1.3921408053579165 1.3187684851406944
19727.496025724467 16.857112958005523 16.61175607308053
4883.425032703976 12.384686938907999 12.383446512806058
2460.581921209011 18.859477605176256 18.56610231999828
15250.361131847394 20.21421216725888 20.076025068081435
25202.234289026517 2.7277122108569527 2.7026132363784128
31228.791139946337 1.3037652594049909 1.068676548151517
14672.445180191427 7.187392395022299 7.14283960107977
1674.2660585366398 4.727446736583695 4.60784605117622
9474.79016776097 20.828950269146702 20.767323442411037
11411.554136830353 21.83755128769586 21.165042676288238
8110.116043444968 13.97307163588453 13.955201211567026
10242.769808925636 2.9457457322836733 2.8114539059069275
10067.623359258536 28.537268544486057 27.772757759229407
35352.347959567145 5.406486534096874 5.2689006062974775
39483.52444659387 12.94523928839644 12.491594371543453
2110.846554307839 8.966677917686605 8.192424720236218
25814.44059751649 21.279418255577973 20.38487215989963
9248.33923665568 24.689146113868347 24.157372728305752
9318.683759530724 8.619334802747582 7.75214840413025
24216.762139417624 29.700903752075952 29.243983821933348
17841.146212644126 27.523773414821182 26.79067588211439
844.9339018194424 1.5427979926396207 1.3072231302047788
22462.179652406227 7.45347128558369 7.372919490135815
19747.70339133585 17.80739303843092 17.36261036907644
29112.162400083427 22.779317036258117 22.225848349804508
29690.872773530864 19.788088702633228 19.638178376382054
14174.890337967967 7.749905509671457 6.8342042592307894
39791.67141740743 20.170715581884238 20.037561978548833
24910.186440603153 11.763481671367016 11.652904980316048
5922.556032580588 29.032613779189546 28.163748810418817
34024.788610210584 9.567053204105134 9.441212863183676
24260.632814083317 23.117381823900935 22.49464340923652
10592.81996596476 25.621449855446603 25.32659019873493
7774.422727477006 9.0657132989671 8.152206153890432
20482.329775413327 21.370832021539698 20.706987379319706
6561.07937095006 7.119576818936317 6.604844054605285
17595.64580177477 20.571451656448765 20.154471203388354
38722.37573909095 23.51915499440374 23.07694923283833
13181.615112232836 16.311342866902393 16.104045977163032
21577.978169134163 3.7579706065387706 3.725871284487777
37883.2882996216 0.6315095533243453 29.953475375570196
37734.6875869445 8.749379150142477 8.262604488417711
20132.077249065413 9.557741137916548 8.905206984405384
7987.373663166033 5.859812114993605 5.075976609844881
12853.102713396991 20.410480741963106 19.489980630112935
14436.558554694195 29.957313101297196 29.930152236076857
1688.3255405393127 19.65867797691135 19.53498338428746
34002.243623470116 29.670231098353263 28.880859066479605
34164.034705688224 8.423351466586883 8.276258358316761
31537.477622384107 25.229373551277924 25.088344648145938
9641.241196253106 1.2749902438544347 0.9047764032622652
9086.678042558671 26.84151878651786 26.544095636906043
19475.59050070327 10.535520926033378 10.239733527775309
39696.46840674667 10.273801937287221 10.191500267778016
15862.405691772596 18.770913900333834 18.292131960829867
14597.056744044838 1.5845697781490342 1.1938760887924704
1504.4087796359972 5.414066344352059 4.490036582687377
32535.1345576863 5.269934022375579 4.404558302733848
33075.12543645499 18.03247340322238 17.171155007173564
30659.22207527745 21.084388091017328 20.797904835079823
261.04690994292133 0.7759333073319596 0.2434382587008066
81
100.0 1.3499999999999 2.0
100.0 1.0 1.3500000001
200.0 2.6999999999998 4.0
200.0 2.0 2.7000000002
300.0 4.0499999999997 6.0
300.0 3.0 4.050000000300001
400.0 5.3999999999996 8.0
400.0 4.0 5.4000000004
500.0 6.7499999999995 10.0
500.0 5.0 6.7500000005
600.0 8.0999999999994 12.0
600.0 6.0 8.100000000600001
700.0 9.4499999999993 14.0
700.0 7.0 9.450000000700001
800.0 10.7999999999992 16.0
800.0 8.0 10.8000000008
900.0 12.1499999999991 18.0
900.0 9.0 12.1500000009
1000.0 13.499999999999 20.0
1000.0 10.0 13.500000001
1100.0 14.8499999999989 22.0
1100.0 11.0 14.850000001100002
1200.0 16.1999999999988 24.0
1200.0 12.0 16.200000001200003
1300.0 17.5499999999987 26.0
1300.0 13.0 17.550000001300003
1400.0 18.8999999999986 28.0
1400.0 14.0 18.900000001400002
1500.0 20.2499999999985 0.0
1500.0 15.0 20.250000001500002
1600.0 21.5999999999984 2.0
1600.0 16.0 21.6000000016
1700.0 22.949999999998298 4.0
1700.0 17.0 22.9500000017
1800.0 24.2999999999982 6.0
1800.0 18.0 24.3000000018
1900.0 25.649999999998098 8.0
1900.0 19.0 25.6500000019
2000.0 26.999999999998 10.0
2000.0 20.0 27.000000002
2100.0 28.349999999997898 12.0
2100.0 21.0 28.350000002100003
2200.0 29.6999999999978 14.0
2200.0 22.0 29.700000002200003
2300.0 1.0499999999976986 16.0
2300.0 23.0 1.0500000023000027
2400.0 2.399999999997597 18.0
2400.0 24.0 2.400000002400006
2500.0 3.749999999997499 20.0
2500.0 25.0 3.750000002500002
2600.0 5.099999999997401 22.0
2600.0 26.0 5.100000002600005
2700.0 6.449999999997296 24.0
2700.0 27.0 6.450000002700001
2800.0 7.799999999997198 26.0
2800.0 28.0 7.8000000028000045
2900.0 9.1499999999971 28.0
2900.0 29.0 9.1500000029
3000.0 10.499999999997002 0.0
3000.0 0.0 10.500000003000004
3100.0 11.849999999996896 2.0
3100.0 1.0 11.8500000031
3200.0 13.199999999996798 4.0
3200.0 2.0 13.200000003200003
3300.0 14.5499999999967 6.0
3300.0 3.0 14.550000003300006
3400.0 15.899999999996595 8.0
3400.0 4.0 15.900000003400002
3500.0 17.249999999996497 10.0
3500.0 5.0 17.250000003500006
3600.0 18.5999999999964 12.0
3600.0 6.0 18.6000000036
3700.0 19.9499999999963 14.0
3700.0 7.0 19.950000003700005
3800.0 21.299999999996196 16.0
3800.0 8.0 21.3000000038
3900.0 22.649999999996098 18.0
3900.0 9.0 22.650000003900004
4000.0 23.999999999996 20.0
4000.0 10.0 24.000000004
150 2.024999999999 2.1
0
