100
90791995
969152884359
46452896
26963498821177757992
25987580
50
93302655
643384273959597380
47027270
11
12491751
3275717712112760
72789704
4312736359208921576
34529477
175760905343439875
79506786
3631
12229146
125548902508980738
28251679
01299731149495122
45902361
7
7919779
408114960081854208
36652637
7922906807
20921745
378
27330648
549729490812095318
80349852
70553403509512627709
41432903
198455295383077305
78530157
21230781749861989585
82885483
3497434962
29054696
79796
35105726
97191470125552
23587669
9404
74129001
43765073847
79477008
29895
7965341
9726389040423871
67261752
415164520
86310158
415786
87901447
799
33914046
03189646955216
6005640
28
47834317
147658024246
52752239
3
12826044
642070354348941383
65747370
98917
42648446
516758734
68637584
53859495
85085623
550363803170135
69556372
8673527
94457861
146435546311
52178911
34476289
8195288
5
74433151
487463732
41516962
59
13254642
223455604007
17775841
01
65189561
925982568695016513
9926266
252075772865
44544175
83855541386201614
73887798
058295419588477
51524128
23171638382888
29635988
3
94531465
87282289188039865
50758702
3383344053
76527198
06500773090295
99845200
28729644
49720052
586690646
176245
97820452752814651720
58164489
3841247
44254726
835524807013991007
75864891
23929755
82499165
364185
36528788
92376234408534107
57398377
33791685983907034
67797372
7111915107561
5769055
7
24403557
349066271602
45127420
4980054971
91985400
497077451074530
14995321
89164598862205244
19650454
830088262
32927938
011653798475
72331870
29820162
41104727
1382899539
16311392
511
26623374
8396995902052093
2661802
2166332042
23589124
8881
44338643
84
60921600
56625595605
60354839
7261300448568
52095003
6564993715010499756
81382424
9307145602010
7858786
785641
76422550
8022765652068
54201322
73
97149307
239478994
44827063
189702
53849725
566167129610529803
81770806
453630225
525975
7486815216
3638566
8041
48026748
929111213
78441323
33426
68385707
1281579427240
75043714
595601187122
32161652
389
68795333
975858610
98046829
8962
33
24
