2894140.7257975247 5564665.631423697 1673193.203899309 7200399.964095045 6969615.326994353 570424.8711606297
0.0010492974231617659 0.09462879191486306 0.02016900789112838 0.09563267588775855 0.0564754498998488 0.03261622331791111
7.189109948173893 9.597544247765967 0.11321476163474675 8.124408706890678 3.766810392685832 2.681422517055445
788153.5955328824 991876.3744861699 620542.8206310743 218733.35211976976 31792.197470777217 132732.79831525497
94858.57831409652 29798.922133033524 5145.916442325393 84570.34440564258 3902.5036163397253 7683.627465045184
617.5641072826395 468.43906242782873 40.55560777836686 958.8752750653961 364.5746481792701 178.802472706027
289.7590802253236 7082.3645564406115 1212.3466136266093 4294.685148686777 6217.793631227557 2617.0914418127277
0.08432751127097116 0.09778785603242829 0.037068501143826815 0.014479555049409976 0.06918923438031581 0.03031495735379247
3.127973816868528 2.9995693956163394 3.213283857456223 4.514090105450361 8.29128987264434 2.0213358220334188
5236491.849048697 4828369.0201688735 1604701.7907431005 846473.8061577647 916116.900332139 3644812.806447091
0.017566090103430878 0.09586005917262425 0.03608556124791492 0.0796074037362988 0.01075167559384832 0.05926984457557728
0.03284887597430525 0.07112563276112092 0.028386175028889616 0.08132597049785253 0.03681323427592962 5.830036015861739E-4
48.9154373702356 93.81456430660717 11.213527121117274 35.415037470375154 5.033283271599942 37.7302766687041
981.3339471052298 284.64089961700046 250.68907476816617 78.50384010853206 41.22439761765706 226.11597165467634
0.004340930527853777 0.006450981586664304 1.9356213858153228E-4 0.002111481718238638 6.850862850140694E-5 9.545003339242453E-4
0.645133095238774 0.9158698797704048 0.6510765874547576 0.37553900130188655 0.2013733069701268 0.10416868736005747
46795.98018728622 70920.60843583655 2413.7634379375772 19323.580802950757 7921.119124964537 61981.686756700794
95988.93990757443 94458.74280135828 36037.57483529536 32713.743549572227 470.52980646219436 70241.4883785778
17080.98455234135 22496.167394927692 26127.10261531862 88741.58910896828 98548.08732057291 13216.683529528706
0.08449522788250251 0.07585807367533998 0.0026060650414540423 0.0389630863356793 0.05240309290500455 0.03895755983918993
1414651.7568559358 1153718.4266919775 5393182.702364124 8690435.415600894 7463334.94200739 1653355.8893377653
602270.9539015252 680806.9058231259 57117.890675895345 143163.31582236165 221448.85815751148 392340.09150379366
0.002761199074882911 0.009395678660218744 0.0015957102773335018 0.007403241044417204 9.588420072012949E-4 0.0040984993817227
0.775326945366368 3.587927648532868 2.928418051684083 5.189451396027112 3.6098822940318964 0.9242203326874276
8.958161780349964E7 8.03513142517103E7 2.2568653600140344E7 3.4079810584652424E7 7.44738976262759E7 1.3301718379811123E7
0.9511396306115237 0.23660879210620378 0.45388595068397963 0.11395459518307549 0.10169342104249823 0.005202684156284443
5.18158554690978E-4 3.3510298571043476E-4 2.66962998661304E-4 9.066411321099888E-5 3.720427857087474E-4 1.2631271043484917E-4
0.0012249941447400436 0.00432538220631351 0.0012472092666010303 0.007608051168473324 0.007383328281707216 5.914276859583234E-6
0.01810407235354583 0.0671014963661096 0.02212669783028237 0.05180898635471212 0.08635071232659342 0.008294377254532515
5.375039241309427E-5 4.41428420508853E-5 2.4320967729703602E-6 2.800203847776891E-5 9.164185393195045E-5 1.4500153893837954E-5
6.7812709821817756E-6 4.969179921934617E-5 1.6587664477733466E-5 6.556971581742464E-5 8.15564588523503E-5 1.122177672595992E-5
0.06101599012386405 0.00910009426427757 0.012501569792286183 0.028766850688858883 0.018993042184824605 0.004131045706332582
3382020.981181952 303597.25645524025 133333.26933534394 1582068.9086861594 325153.55655527767 1208477.017035069
0.7752631540300616 0.27664200957953733 0.04411355672648187 0.09632613170740745 0.7527029560354518 0.0642027830447488
9.650371073983185E-4 7.625935054691149E-4 2.2676516273901693E-4 3.1904001497338054E-4 2.9943223440525025E-5 9.754152346466527E-5
642.3992566614613 996.6559411800504 18.410563152186256 805.4561384307702 379.87788226863216 227.5634305475448
9.16987410517125 67.39646488660695 19.85009549232114 65.85787522636035 37.07955154854137 15.970358015381036
0.9823661883786633 0.2259772170686123 0.44368468854936605 0.29522793618313203 0.520927681490821 0.050891097365882376
0.1937263659928542 0.0653115790345028 0.21657732105868688 0.785013407805095 0.02786938568769115 0.37135003490006413
897147.669794135 297056.37799523276 252815.44549844536 305411.4527291517 504562.25701657665 354765.8539900289
6.243258387036971E-4 6.31036003413136E-4 7.886117231539525E-5 9.693014371631126E-4 3.3031635400787075E-4 6.56384192941395E-5
1043.7636966592645 656.062917556024 5427.913722580351 2149.8426346473875 7734.4249461127165 1352.4769255381086
882.0923674052863 820.4332991279659 232.8932171087107 80.45994459262783 617.0379485598123 438.25875818718316
5.69308601949565E-4 1.8001043543635397E-4 2.2047007551546395E-4 9.209708646892212E-4 9.990797775256196E-4 4.691819219121389E-4
0.014411180045557682 0.07713975214587857 0.007774245987978346 0.052632764040988725 0.09368055555659233 0.02850464219595089
0.05944634067545085 29.319185521551184 6.564965960997804 85.73090038886042 57.23350685389461 64.93419889116501
0.08379988662870111 0.03767616983243034 0.01496940674128714 0.006255561867397109 0.02734003681730838 0.04875030280938687
47.56251289949227 85.22737475387704 21.375734932115908 52.375231519391654 13.91180582009608 44.37925385656409
787.140073641803 825.9714379937259 590.7391856222947 211.23930535205815 496.08042333840297 69.73753191515497
533.1029030279811 330.22486861731437 34.73651004615397 956.2485566317606 48.21760436214284 239.0556598685778
740.3641625039669 879.2135638135201 119.45377708188009 450.95941907510615 83.71857362031999 101.62160343906245
6.311175989229591E-5 7.850548121008299E-5 1.2017037428728906E-5 9.425990342951904E-5 1.9693468719843897E-6 4.0143446087417044E-5
0.27526520613589 0.7572987398575715 0.03786407126723956 0.9018696852318272 0.45542759474031713 0.27601233660090885
77755.97790084117 15882.879219383738 3686.3942996563037 27066.47475884362 90411.53492275081 39366.00952514947
0.019886336105194715 0.08907009082155172 0.03364099366796093 0.09905402438554584 0.003288643577541106 0.07092855074688592
60900.949073384436 75993.97967300563 10480.75593797666 71574.18778836144 13774.544582307302 32418.044710034934
6.89159611685163E-5 4.995928270811159E-5 1.0317971755757404E-5 2.2321248180485644E-6 3.3982076756674944E-5 5.881670843293174E-6
0.01815453024199073 0.05189081683093133 0.033095035376149086 0.07752744706723556 0.0015469767146042313 0.0027018852947841565
6.733343637569622E-6 4.577443519140061E-5 2.557327862449901E-5 4.7124329318587765E-5 3.988683354214029E-6 1.677222135314531E-5
4.5462707748380207E-4 8.015412939897107E-4 1.9854869040579083E-4 9.49675627231222E-4 3.267051902259026E-4 4.504782319066096E-4
0.0982614314084348 0.07486159138195941 0.09425578786814048 0.02601515828988852 0.002191419403552364 0.007411944134962567
4.6113605007515905E-5 2.0223331979931215E-5 2.8848861902670555E-5 1.249241174406146E-5 6.490150399076215E-5 1.3742589597961875E-5
2900797.7664861483 628182.1152600864 2839575.7618620796 8922423.816995515 8713001.99397216 4675236.572809606
12968.122943168835 53488.94048352872 38677.55333668057 83737.72833888004 56465.523422397644 8066.117820439378
899816.3632949183 113994.13327777974 156226.38819231317 362023.2652773697 245628.05704339995 355695.89650495036
1.7729264401095713E-5 1.0605488990118461E-5 4.911898338480623E-5 9.366203353101203E-5 6.62386311332453E-5 1.2742342633067495E-5
0.00799764152449357 0.00891408559824923 4.924120437227431E-4 5.92668199515023E-4 0.008306331508907168 0.006054531746189829
13352.539820745335 69095.37664819171 6888.529042680336 98728.20733431025 81242.81815777114 2614.609560301595
0.08878404944066481 0.007957360405380642 0.008991136584322447 0.03914361944485898 0.07835415926151963 0.004954440439267205
97.51222148746608 374.0424826504295 180.44510915026913 922.7699139181525 709.89548140895 645.0805052143108
0.0064202034489151405 0.6909519344144274 0.0062984761233164654 0.48325553792604115 0.8245840218169632 0.29580096019876656
0.008104539672929246 0.006303202707294398 0.0018700929028259605 0.008742436292149313 0.00999193399805615 0.0016310066686932422
9.357952175005396E-4 4.2779924914516823E-4 8.06141248531228E-5 3.198896685985734E-4 7.228918817477318E-4 5.597062612105229E-4
0.02511788378006834 0.06400570398835612 0.013670219117015815 0.005735432051038991 0.0902220609037927 0.0028682923657723184
597.5508750903442 577.5107784180173 98.3551195951905 145.64385367890497 591.1738272447382 279.09011756120583
2.1954175627925165E7 4.258103040038682E7 1723443.145535275 6.819093266924007E7 4.3551077763536096E7 336901.0016710972
7.03079323226924 0.6776235364714323 1.2338785249093565 0.308936712817951 8.538496685370058 5.755741313776719
0.6016401795626338 0.743297485972745 0.2515137932662296 0.26894420293382537 0.16445307785217378 0.27562045634346377
658316.9277193112 353566.2256492782 71560.28447553475 312363.4303513172 752686.9020321914 261469.87680583345
0.0013686845382219082 0.008140021325569291 4.7132738929708373E-4 0.006729139590607653 3.4830532671559E-4 0.003613202701063927
44.133276749741 11.347844043957755 12.072584882706838 57.574036082014125 98.45017103491585 43.14714087161029
3.889816492885128E7 2.5415462317819882E7 6123371.41145245 6.760541583588383E7 7.310292499796046E7 3672383.253746703
8217.409288256591 9765.574445802024 907.7004281052548 222.0788990417122 252.6812948703938 4220.482782327848
0.007263760469485169 0.008992921625623415 0.00258360362672751 0.007943076069529863 0.004538122321409131 6.958089298108672E-4
0.06647473956736048 0.0985721008550479 0.008756880569747938 0.03632796388470221 0.04359951692619321 0.04974021454541151
78.66627579947496 25.651572478927232 3.731914960029692 27.821808344429645 73.74483727099266 42.38979685664456
0.4860969690100535 0.8439772244480994 0.3304431067437741 0.02696535082848983 0.4982418175334258 0.07366591037882753
8.100234675345374E-5 2.6216183366229597E-5 3.5267248234299855E-5 1.953431525412678E-5 6.664534307025045E-5 1.6571251216873785E-5
3.483297052944888E-5 8.956229207776179E-6 7.590243510358319E-6 6.165075393719677E-5 7.34578119215179E-5 4.755879022752669E-5
6206.449635419203 8650.626262027785 1949.3115389167504 4313.639987189126 6452.1400068738785 483.2707821469784
0.02126764823845423 0.030333859487363193 0.03414633164860155 0.09853560739688198 0.0021340200884989225 0.020392628223549404
570299.1586588451 701873.9622602634 305504.3141579231 469134.1334675013 123468.52965745758 263107.97630289575
4027697.8480214565 444118.5329479691 2829360.567884723 902688.8319462045 8027438.037742686 3156281.492611005
78.00692872316468 7.521258311531021 18.28056239132245 80.29059284995466 52.46356498443168 22.884902206073843
1511.8759621130996 4587.599502069063 2048.814638099734 75.71164876444602 9025.75140528685 1240.9260312453896
9.739741906797093E7 1.0540144088860603E7 2.772731350926455E7 5.11464589737128E7 5.659390413188032E7 2953847.7614450166
0.023907934920400088 0.012503290912381282 0.03493942743072448 0.09935664055325866 0.00901285299932405 0.0049715080533987216
749.106975560706 5449.437114760418 3956.1645305144434 7588.331858414601 2314.1657133599215 872.4099236069449
91.8278379403902 4.136316195638045 34.56157256175676 70.40390696386943 73.08313758953665 29.64257089943625
7980497.253774982 467719.2861793478 4752850.52757825 4103114.964803982 6103886.033659083 1235595.1486134452
