100
1
19
23
512
99000
2000
1100
102
90
30
1111
99
10011
999
210987
900000
789012
20
100
101000
2201
998999
999999
91
990001
21
10101
101
31
11
9999
4
10000
22
8192
10111
99001
11110
2100
12000
11100
999901
12001
999991
999989
100001
2101
999001
1998
11011
989999
1110
1000
111
2001
11010
109876
32
10
1000000
100000
900
9
12
10010
10001
990000
200
16384
234567
201
10110
1001
999990
901
2002
10100
999998
11001
999899
2200
11111
11000
32768
29
10999
1999
110
11101
199
999000
899999
1099
1101
900001
456789
999900
32
19
101001
