20
24576 30148 1171 1922 740 19787 13047 34 74 34 11
4 4 1 1 3 1 1 2 2 2 2
5726 4567 144 121 1000000 454 3685 99 81 46 52
39527 38179 294 327 1000000 12899 20050 56 52 99 46
4 4 2 2 1 0 2 1 2 3 4
1078 5052 143 146 1000000 857 568 15 20 2 7
5134 2621 141 183 1000000 2309 282 36 56 66 26
36598 39593 9 164 1449 27518 12034 65 2 51 34
4718 7077 134 115 1000000 3964 4597 7 20 29 77
35277 38250 2 199 1349 28136 16549 49 90 40 96
9883 7515 100 76 1000000 9567 1921 35 86 77 52
39353 39838 20565 20767 3 35517 37854 90 60 17 84
943 715 356 144 449 893 533 86 24 28 90
1163 9027 94 86 1000000 1054 6993 92 90 59 19
39954 39461 443 17 1000000 34349 36388 60 98 69 44
4886 4367 95 87 1000000 3493 4363 2 66 19 64
6503 8478 146 197 1000000 332 8138 33 8 90 43
38850 37146 6 132 1443 28733 35729 1 38 55 58
38095 39579 180 6 1507 11485 32227 86 32 39 26
16 18 5 1 5 10 8 21 27 29 87
