100
11 5 16 5 0 0
3 1 3 2 2 0
3 1 3 2 1 0
2 1 5 1 1 1
92 1 19 23 0 0
99 1 100 48 0 1
99 1 93 49 0 1
65 19 57 69 9 5
92 1 96 45 0 1
96 1 22 50 0 4
100 1 45 49 0 2
100 1 90 49 0 1
94 1 48 47 0 2
2 1 58 67 2 12
99 1 40 48 1 3
19 1 99 8 2 1
98 1 91 49 0 1
100 1 93 51 0 1
98 1 100 49 0 1
95 1 93 47 0 1
90 1 99 45 0 1
92 1 95 45 0 1
96 1 97 47 0 1
20 1 61 12 1 3
71 1 43 32 2 2
54 1 59 25 4 3
91 1 37 45 1 10
36 3 70 21 3 8
97 1 32 51 0 3
96 1 90 49 0 1
90 1 91 45 0 1
95 1 45 49 0 2
91 1 91 46 0 1
93 1 100 47 0 1
80 15 55 89 33 87
92 1 92 47 0 1
100 1 98 49 0 1
100 1 97 50 0 1
22 1 74 13 4 3
91 1 47 45 0 2
90 1 22 46 0 4
98 1 99 48 0 1
91 1 93 44 0 1
88 7 48 60 0 0
94 1 92 48 0 1
14 1 33 6 1 2
91 1 96 46 0 1
100 1 30 49 0 3
100 1 47 51 0 2
91 1 97 46 0 1
55 11 86 97 43 45
97 1 24 52 0 4
96 1 94 47 0 1
99 1 96 49 0 1
98 1 47 49 0 2
93 1 94 45 0 1
100 1 94 49 0 1
100 1 90 50 0 1
92 1 24 49 0 4
36 41 85 76 28 49
6 1 42 2 4 2
93 1 71 24 1 1
21 7 62 18 5 5
100 1 92 51 0 1
38 1 70 26 4 19
99 2 2 8 0 0
82 2 88 39 17 13
94 1 30 49 0 3
100 1 22 53 0 4
26 1 60 13 3 2
72 1 53 28 2 4
86 1 7 34 3 7
99 1 96 50 0 1
91 1 32 47 0 3
96 1 96 48 0 1
98 1 94 50 0 1
100 1 32 50 0 3
10 1 89 5 4 3
95 4 23 34 0 0
97 1 22 50 0 4
97 1 35 51 1 28
92 1 90 45 0 1
16 9 92 7 64 3
100 1 47 49 0 2
94 1 92 46 0 1
7 3 8 94 5 41
61 1 52 30 1 18
60 1 40 26 2 19
91 1 91 44 0 1
98 1 30 48 0 3
100 1 100 49 0 1
97 1 30 50 0 3
74 1 87 28 2 5
28 5 50 7 0 0
97 1 100 49 0 1
36 1 66 6 1 1
98 1 93 48 0 1
93 1 24 49 0 4
95 1 26 66 4 27
93 1 96 45 0 1
