100
5
1 2 3 4 5
3
3 5 6
2
5 6
2
5 5
1000
361523 480481 416953 446760 409516 657706 258856 634996 10129 302044 335064 141951 743415 310109 789242 956206 253507 893541 807637 667419 27370 456789 626749 296226 224336 309791 258236 787826 347781 423124 643023 948384 293022 44007 973885 832571 790332 523373 234801 154510 304239 460883 65732 699286 727883 13068 842429 491532 918766 475079 795739 454267 613028 499233 22755 143950 232262 406217 369249 539220 659367 400011 319375 511123 952767 782823 655404 816989 227812 100905 93128 121515 9139 625582 918754 113601 686801 940578 765383 153180 638352 255476 178147 11140 525404 918984 104034 147238 388332 38585 464457 730252 460754 39036 30328 198203 667163 924936 502845 103291 215925 415944 108243 115879 433994 840522 237539 882944 876092 432845 224876 184602 667432 825695 860512 208708 426592 21962 304659 294958 123757 76203 993244 304968 498985 534365 472198 589480 502443 490318 79535 632478 668764 723977 313267 462371 806308 727881 52460 334836 171467 710954 402393 391176 222968 454117 718370 631046 221645 395179 623111 55478 902351 22927 625051 147308 956313 691829 222579 503606 845449 854084 662806 638489 742361 915501 513757 615195 798250 510698 218664 580527 349332 714177 748067 906477 108768 22463 931278 730433 997432 813840 953366 155346 185846 612912 757957 117539 948155 229858 203564 436279 182085 89842 78809 32656 150590 679370 779921 772723 417492 752866 115189 864876 409988 122801 383249 193521 742979 374245 16954 192538 80127 951527 411141 783466 593544 412356 732154 552934 43516 994068 348857 651722 416945 962348 166975 56364 42560 400118 848250 447448 931319 143067 966091 167659 884102 195009 582380 614102 971186 412032 842283 51380 899186 518518 537227 969065 313857 614253 586611 302601 146617 429248 282919 609953 408512 82329 689580 923753 616896 297740 303124 957700 444224 724838 74585 813929 893502 260750 306968 650163 952903 786114 21798 114937 888633 401833 952808 449711 835180 218340 964583 474476 4109 197823 82424 418778 957290 970980 927751 408787 769296 743080 831684 968982 832858 764484 317346 169776 417998 290753 752578 157289 202651 730935 39468 83653 485 19594 98484 739856 268949 106749 497727 357489 3575 65806 253897 419635 118048 419469 483854 928262 608961 304719 222688 182415 387161 954063 968463 148216 644918 763812 925545 758527 633293 90838 264039 939673 910508 885117 336884 782026 788036 395988 335116 459714 538122 19070 21500 999209 406811 410030 589556 528644 697782 532206 19234 43219 263080 361063 985761 497092 130782 835747 314736 420928 632339 719565 243826 413989 9868 934848 876017 819119 204773 627106 431725 151516 213066 872012 607826 596970 136237 587206 893566 201350 234900 933955 273798 460270 917617 735346 312658 333840 246868 40534 523878 146517 257130 827877 120465 80522 51652 631990 245126 268784 520882 731896 970079 59741 347753 15322 352905 665986 337830 429026 305963 980509 809814 888581 613499 894027 643945 92419 132095 950702 552722 737622 559309 894729 199852 159703 217967 732984 597051 530399 204157 424242 288539 96456 954230 799475 792900 374273 837999 810357 233580 955422 807520 55935 104645 86638 670637 156662 147925 33426 437130 306010 562280 179501 699461 625691 395430 965438 592198 542826 237291 301818 716941 347022 108065 419008 490486 142320 243899 925728 810537 437102 758391 644154 195772 549027 65701 604225 536353 102919 516310 243753 659689 988504 806273 66740 595512 551051 917219 283630 95511 369431 339628 843013 885380 597918 760704 435977 272963 434807 680440 323179 828515 455614 242365 509631 867023 361197 315884 511921 950848 795566 719926 249946 612581 673462 299189 526103 158936 914958 668969 648914 817287 762337 343287 610355 125787 684171 372332 527464 830021 295270 188595 798868 290168 901625 931728 158688 560960 942259 650892 640106 138945 435301 807721 886 711203 308480 284299 834255 368993 499157 997311 302684 961859 315612 589348 53829 977889 465486 495572 962188 417611 23314 337505 22971 38018 873117 785192 720143 641137 379875 570177 300460 627980 780312 380704 268633 332227 218485 921462 833345 307947 103689 501829 755660 289836 759452 374506 197534 808378 718088 387976 704411 310166 762684 656221 564781 305370 632403 242992 971301 561378 756174 58443 117258 333154 191248 379964 605768 771395 112595 667068 124848 755770 859356 703677 349044 348853 724912 853237 115115 263296 874403 776420 217621 155257 47706 284509 848396 568973 171451 156919 101513 387114 134689 106173 554269 155144 10949 37199 779633 666211 9102 954863 860269 10022 886424 1095 216907 123518 550223 659823 218169 589396 786598 63927 169201 779156 4812 297273 271174 589595 13514 2255 603938 718985 53366 614212 210460 813960 660585 627387 240875 460017 978369 509921 667103 764248 282288 306422 974357 704139 176100 530999 319663 671848 675267 855287 562061 133927 519707 108817 464869 418174 364012 247962 164585 266904 657047 168063 480121 957739 966410 753896 515302 580333 481591 882594 440682 52673 886744 221965 912376 890192 282602 254164 865218 892321 491559 101057 504246 929214 364074 646823 894851 537852 344864 588186 283744 828379 215879 766070 526465 225384 902630 944515 147388 339182 892733 133877 737330 298443 467939 307138 44917 497679 916288 208053 705905 111916 892240 20170 237374 246763 632215 516057 671700 571765 860100 192936 217410 562593 777994 439344 907224 248265 882113 507130 726392 979387 896629 796220 684486 349550 727255 609610 572748 124963 885492 808744 942698 469527 343553 588654 901188 374945 357840 654541 997534 621480 799779 449291 72565 889373 481252 657514 288590 820514 153433 543083 910917 742533 64462 856037 966615 939212 242007 4244 545874 649730 139808 486237 53095 97635 917700 613997 278040 575029 142670 358621 700250 307987 91372 947597 97728 611038 418868 538002 737322 264118 440626 324815 436677 630184 423317 783418 670463 684577 390728 293178 568431 638864 490610 992262 188322 530559 975088 272262 739363 708954 910335 385460 305281 736319 747610 612013 519673 84403 476938 346971 747792 980919 502875 824035 380226 418942 657137 183501 465187 54415 351347 878467 986641 248113 568363 518698 29835 157388 665924 125224 877129 916762 272171 24506 76524 84608 892855 632407 983281 645817 778882 438896 649640 938618 149477 80504 33153 379226 295430 299295 415499 523790 465126 306066 877357 180934 779921 702662 29958 390459 915460 503209 84017 782790 163206 529730 748452 3302 984007 75651 15574 266559 25564 651254 432131 513957 580077 90688 356539 949835 884272 551048 495241 819522 912712 32525 418959 999091 753463 653038 684798 57372 709209 526747 63730 134252 205842 355004 222436 648643 705258 811156 595584 598068 503660 693921 721317 75358 799805 994248 985741 297284 223577 941203 818773 87192 526634 615560 78066 962975 212100 876027 199589 26516 218005 58209 711147 581888 238814 797112 264634 372533 245539 545517 930652 792883 834014 858968 681823 250646 566902
1000
540002 425345 541335 363100 181933 867071 667818 578633 496154 129564 490825 39321 434007 356763 500535 634217 155466 111717 136772 279243 666762 159326 434040 41163 844211 886818 886722 835591 96496 444876 282249 366533 563552 883797 823143 134946 664084 921637 584175 236962 737991 68368 192185 16494 341712 448172 708865 242833 64768 550195 95459 747327 568835 399380 533767 63461 584068 517916 965309 968054 901756 42621 227786 987481 911913 964288 674309 166265 367143 377221 815300 186939 588039 572415 948224 787944 767368 756963 457338 381301 513817 206889 936479 28402 555850 932502 949942 243013 285794 231387 994094 804439 391341 980860 557119 289960 647576 595548 873165 284450 976399 768182 242983 258554 95602 880575 420877 870906 615652 38866 125487 673749 167904 87349 775428 996248 394208 989539 994593 500709 559128 262093 962063 923018 730722 353772 310858 18688 933821 601724 333140 80848 648092 982402 817328 116990 693205 23118 966604 729039 440002 612907 472887 508793 590145 899256 662784 979637 485556 818931 651495 744561 785533 464122 866873 370682 43010 249 959610 360980 334259 981495 80453 260200 767249 474744 595995 53700 774775 152583 484763 496902 984010 331200 254444 406819 459003 689911 640757 958590 422031 923001 409711 193424 588381 384956 233892 692416 949698 337123 929339 713854 276217 15243 440873 901339 565371 445942 793285 626585 825615 521128 644737 356740 921724 867330 198602 396031 11179 16473 898559 823158 850463 322011 290589 50339 550845 312988 565069 526896 601781 546006 268685 414279 201293 725943 216493 213482 958180 947284 953279 432321 513014 620160 699419 788588 673808 185769 825394 396449 295007 302129 32893 790027 642833 748409 650648 94176 74777 722626 947555 635550 713868 973983 253616 106862 60326 21650 105225 217882 893114 872566 539971 64478 453958 915368 996480 42754 72802 318347 515715 27826 765008 347188 414000 195139 815350 368166 245530 347043 887634 903354 535697 811321 792398 314167 818126 732918 461777 339196 539275 578305 621740 215437 865071 106433 114929 981480 24719 581574 517245 641696 794359 709601 867795 73809 318033 660298 494873 89649 709028 789662 17700 51376 186745 926575 701386 43351 813652 808344 869132 457137 813300 806584 434395 753977 108092 852468 178367 832816 841673 387117 867417 904113 907913 915111 891197 990282 318968 143456 703235 389064 409895 881310 995740 238845 112799 908692 816754 372470 538483 924042 408535 82044 516533 683707 973607 231077 400639 544835 245974 48066 876097 652977 950279 200569 941425 865295 562520 399979 208519 270070 178058 911036 461693 781683 181937 380918 88728 943208 177244 782648 997681 954173 105057 229124 339013 21077 674390 265734 605620 879413 177702 300341 244458 272852 388131 696687 729195 741647 921701 44939 462546 198498 625330 772267 137764 671644 637148 603594 879948 8749 285993 385360 152822 665114 941621 183929 851649 905181 990818 925646 324564 36343 699657 857253 639427 313512 335722 537906 42894 995329 651201 897470 930863 778249 468122 812797 827685 582508 371034 884090 86923 529838 491670 734238 590352 858166 492322 147998 925959 633584 947938 324501 9852 461919 585259 840992 471253 80604 844469 852559 57683 956846 609481 102553 967479 147596 832695 596609 942787 601977 894235 864810 635162 911215 605176 395243 717598 11670 635293 392499 262070 220436 677466 596691 364449 34804 44174 897040 262285 735284 578790 515406 123089 573932 28153 389473 687375 475581 196514 84857 834446 885583 315126 611946 183198 469434 188978 126348 104023 467244 275217 882840 211067 551919 421005 204587 960616 146640 282410 627249 702920 432195 704244 599510 201117 811115 170315 848442 713636 705492 734627 796456 773272 905310 506627 977228 20665 101953 366576 222192 200493 64377 597455 996005 168161 87177 902532 933886 892291 4301 403378 730126 373428 190700 822465 789498 687891 224211 698986 454481 171755 525788 831788 208397 670902 315838 272946 451415 75710 341180 153353 214486 747264 730275 211446 779424 974106 120319 662904 206709 116173 58217 914136 368265 423100 787496 577230 319336 946839 822853 716323 918131 557221 474156 431770 98990 193449 551217 834062 773821 210388 491932 469960 854386 147244 78565 867145 827234 333012 779472 193317 48131 941020 984753 660059 745977 79770 58090 292542 621325 621745 297976 586488 631661 298309 827996 565715 639443 55286 658164 14828 41105 204819 860758 445111 818892 665962 33242 163512 868431 597217 44557 202479 441463 718107 444204 827974 16607 373539 102066 557760 868340 434050 401229 164727 170731 693076 689099 785838 991364 290006 81650 974835 195282 848817 179467 945476 14439 670514 884446 572468 363248 984893 754677 544669 530631 990326 249019 304896 526734 662799 585606 994483 437331 540696 874463 224942 703203 268672 9110 259959 814468 384119 776583 572311 448749 108679 25443 636223 257368 311331 408861 813778 776462 251796 910009 759869 50255 100082 123646 797729 512403 664164 503922 365429 957179 298192 898786 663094 503292 967020 690949 89735 462672 882857 182936 964364 237121 478120 105760 190365 398624 799081 124030 669559 664095 585986 621950 379742 260596 720842 982445 635631 218906 343943 258330 837359 670041 469386 712188 427733 959897 564793 577139 964628 639941 99190 273833 383211 426098 872084 633387 898851 253770 267736 822781 608774 323769 498492 282324 313154 298628 939083 565593 334734 235722 611946 152377 696560 65333 113448 600094 759584 29707 600140 572533 143191 556973 599627 124635 759382 88933 331763 122412 150403 276981 199750 866334 907771 336924 869208 118745 420480 474293 169784 162541 287783 368832 663837 646979 956915 250284 685671 84579 789120 858592 534424 970470 471148 156332 20154 241703 614143 950149 497486 555886 166697 536929 822474 384697 298271 133850 122212 829283 908642 291773 773126 612966 755410 607723 684995 654832 896520 760942 281239 561462 865167 549144 954135 857996 289914 929365 54532 543024 826140 382400 917342 975235 29877 629609 991317 434776 767783 561948 506273 38107 857988 315444 310062 592218 561584 190977 624496 294253 562044 681679 550496 364428 261047 439181 210549 881382 985316 165429 336023 984336 266223 486570 707126 59811 341559 638133 82160 60898 644946 957560 149847 595642 432423 480855 367900 821474 812557 900356 473943 408727 683154 424060 228518 877921 376551 516389 860706 676727 468699 496391 654082 532051 533340 560728 461648 494394 249652 978885 64331 892033 779464 614697 724056 775468 626579 735332 304031 761374 83559 219792 573930 173065 67923 264612 842927 377730 611990 768299 394798 140795 414589 551548 789800 897105 916052 952230 412811 844639 193815 866083 743719 83195 803930 922673 511936 112665 731224 128692 592212 248350 434073 413322 179121 331001 426806 858399 1256 211936 907782 560774 610198 206809 474565 718425 492798 311374 341186 587551 42446 800610 596772 793715 390201 187161 694072 940339 362271 732000 682815 210327 489350 25266
441
998214 51117 193092 248913 37244 822519 97468 917567 84219 748356 497793 748236 331690 204896 68998 289808 178408 671108 403276 73656 385628 521953 381863 593525 176576 951788 263709 112626 804967 684062 336208 125872 472537 714611 166817 729038 881225 585596 740560 848178 392896 49258 38377 231467 496872 729591 567812 139607 991914 331635 76467 178612 900981 449317 517901 601249 896837 731609 535630 93972 310321 679052 426988 741543 912283 35873 949000 985787 642208 609417 399250 188715 449199 839296 708153 957716 982363 849421 511076 391461 568701 803410 150086 475937 284167 867969 742652 964598 717983 319413 959180 116989 655144 444506 884314 506995 640626 228710 958471 595730 501488 992168 337425 853210 914928 451744 165380 484155 598555 350849 18914 172158 668515 221502 824094 984288 730008 360955 410627 211736 961907 542376 64167 577010 336265 538932 660636 543721 703487 919126 712982 91420 981411 770430 613562 572332 302307 987032 692042 993792 760067 242750 389567 596957 543679 474595 313472 902600 538417 98443 877480 15287 720148 59137 58899 501067 2353 82544 889127 921227 391690 484306 649588 931792 954066 296869 87011 745212 719949 339599 349293 494399 330111 816096 565291 292837 255843 196579 584216 709679 213148 209597 548943 868650 385416 289685 137477 143415 257820 150974 741600 510659 886910 382645 230234 164303 786508 953214 763136 979352 253086 434415 877491 126109 125434 167072 831617 738183 921144 863451 877088 546457 778000 995411 903766 565495 303977 805870 913284 743369 300512 686187 3791 204811 592368 250237 199239 456599 716511 115528 661057 752826 712369 861452 89292 151630 533334 866033 298741 891257 190773 725949 535423 189340 796074 618664 869396 142365 654138 405848 105728 360243 549418 408525 30313 556749 916300 576675 229066 730608 515526 82010 995146 224763 304672 893826 837896 418358 69758 259519 258174 731874 837309 413726 29630 113264 135686 247501 905218 891505 775206 768951 35118 433619 651262 140077 284072 649599 381182 129044 433019 747501 431549 356975 932494 383247 642399 9197 407499 643726 862243 246455 432926 518540 306121 525018 924597 74602 52959 421025 504721 249344 237592 752976 825850 755659 264193 454168 216087 7719 735275 727255 799199 85101 839921 541683 593044 888265 162207 456694 768868 181412 701723 95500 864122 589211 312517 468617 925535 452457 964155 720460 238055 81083 77348 919835 770673 548630 415545 661670 453833 429031 353814 858054 540265 577027 711808 498131 837276 74797 374257 936616 963067 476947 301230 828462 69435 531476 277674 718549 843868 114696 754777 112096 951383 712458 589866 211750 447668 723528 162654 444256 425407 740939 892523 394698 823781 865016 736114 46736 29061 139852 272035 266799 484381 160588 736270 523398 974783 748827 187112 700868 59406 61106 244687 993157 883900 78892 510409 634842 785624 453187 717768 305819 241837 97511 669694 78949 22450 152654 90820 161281 679409 328308 555017 100908 69309 508128 446607 115575 876026 185906 410626 217658 830123 135527 84253 137883 973384 742162 839723
282
71632 224873 85569 965762 777841 301213 107993 701321 114048 891759 856653 686363 693668 380503 293268 634165 587880 467263 571203 64899 304826 779831 537331 344394 118130 829840 980301 820883 140903 648620 472747 974101 59905 370728 239167 424261 50441 560329 877398 277907 964362 318743 575028 424325 10568 372179 590297 861525 925818 692560 725148 306116 743725 841581 39911 462253 335793 249076 83766 30543 765888 451750 15548 267140 797783 886014 234368 512255 715440 161910 497580 741472 406297 413653 424276 753205 351689 972722 608993 545040 68111 70614 466580 674093 986940 548385 560625 251896 226932 527617 122120 443221 999683 409416 806059 446366 310086 798398 629545 721666 417208 502409 909765 29889 880431 776952 34531 939574 614250 745319 822551 340002 693309 660776 438551 381334 425446 424313 606099 846048 641496 940543 204637 522397 998624 441925 580988 681671 271195 606445 772816 585882 991820 197979 106989 561561 448419 92687 20282 516504 857252 332369 608477 335657 65754 936667 966002 702090 885194 503212 983971 54786 207943 270351 218318 148492 230919 64824 906401 649203 737512 898431 949609 346835 82093 983009 515029 754639 406800 995851 164597 963752 517534 928620 939414 185541 138991 796455 965896 815208 359565 830972 804823 881899 981983 580441 875133 789387 142761 354067 552490 348692 537389 638347 331438 364574 893240 990217 730860 925754 98503 830987 554432 688601 906430 524442 773991 537350 581245 617033 245124 808678 183889 229421 977762 111978 871275 803 946704 623733 769930 41008 912373 120347 507788 740993 369359 773766 177950 850222 334439 369980 953059 733390 293154 228779 260349 585638 145446 166585 693024 614089 198337 42468 122920 321452 927874 351558 907835 863769 173406 275714 462968 666055 174263 588385 769984 917241 628027 885403 197895 867665 152951 689086 578008 218143 315010 823508 534936 804983 369165 354282 142371 417237 446890 383422 434073 247035 379245 471676 528598 881893
685
135996 232904 829598 765647 661336 239847 779537 543758 762787 822542 734934 905875 125427 143229 529400 881928 603320 260580 254289 619310 357434 188746 66274 510503 396835 388322 514900 220666 593170 707222 580867 648039 590178 801348 736242 731715 131478 370870 121113 346603 289596 539021 155686 854704 331270 287663 728465 599755 977844 722260 303223 405517 878854 85729 419712 492065 43908 461193 208731 982286 748119 621489 123018 814345 742747 228695 682288 106002 169625 736570 17073 144131 624957 115428 511795 372603 173465 887712 720588 743630 360923 798274 990302 766078 388211 517481 438810 386837 751273 804422 904503 30312 316039 666241 281599 780574 55921 144593 930364 6794 943380 359213 819391 369853 19639 207626 738504 329075 165768 849362 656621 527081 912465 718784 664698 879074 406353 223268 224266 1731 629006 759903 403318 345680 554467 828714 211498 250027 754828 497089 789546 259492 476465 161674 987840 565518 533229 615501 842715 196425 604114 966493 602416 565672 524431 953699 198180 581419 355841 981246 476004 192459 46677 431031 409283 896777 615733 258242 338267 272955 513846 873126 163867 199615 11580 180542 694173 612839 138944 350692 476495 859467 365299 559895 408718 913501 434094 325165 708252 869619 608444 594636 436837 946346 93077 537615 917976 129191 788324 847963 874428 314096 190794 139265 71703 214626 845681 299214 168135 745031 429127 472125 859758 361374 965029 271147 685291 213760 290966 882217 582983 826327 217940 736933 710927 560827 320388 993288 223820 694398 972113 297073 375690 676888 498570 367311 952773 806236 824670 794581 321918 560074 588813 287401 887477 991403 247357 884903 738883 141232 323802 333070 660208 645181 166581 329214 316047 631881 386756 612840 769379 416090 53117 835009 32940 299820 456760 793006 786814 761885 541839 496521 388820 553556 135383 207421 549808 41520 450690 696219 991839 453514 699853 28009 486628 72088 926524 180841 286272 473431 272149 515131 299932 581603 611030 956987 176191 213759 388530 978977 65790 140150 995953 459025 987409 604316 52044 711456 693212 72832 838199 225700 786896 8907 244064 878136 936200 393328 243364 238620 992355 137182 315842 629028 684025 525292 340073 678537 477748 968022 108150 898595 11054 669399 654828 49582 891018 985559 724701 896804 235205 2490 599724 24221 354407 184465 732343 813051 171195 540341 188199 975648 528186 316701 123204 172859 310029 925101 124696 433109 989419 76924 179789 797348 265108 922856 812995 901382 601809 892714 662300 250975 63572 593931 302038 350479 628087 283632 217279 991421 327499 340517 329327 626103 647993 539362 685376 117883 511382 731638 271052 124166 67047 694757 991929 788726 390189 596282 51260 359527 593860 305033 713978 998226 459192 513003 547120 278953 905162 832442 135733 820670 712417 823182 290937 80066 866033 125036 98382 722717 329893 799107 875021 630572 162813 510671 170528 665422 645177 903276 971990 63057 469631 276344 884428 235544 708219 1717 743571 633881 654425 803434 35187 5214 803700 198469 885732 475443 659310 461758 792012 114123 329813 687817 732435 200075 73061 210495 547243 143652 976198 621091 213955 952013 858711 36128 57026 516630 185124 655826 49848 704177 223810 580471 295914 429202 466645 324444 703191 637960 114643 169708 916155 890301 436441 662644 490947 313304 827634 695822 490671 459907 487905 884806 383951 201375 274241 254820 170887 116895 631582 233605 344483 78362 541829 730638 389084 268655 418276 201498 362945 240936 408320 653877 518775 566273 667326 833264 669229 780369 318662 602637 67428 652332 979978 485132 190031 987630 367533 271103 173126 342657 315717 679437 12706 936809 743540 510752 190422 232416 981898 422325 611542 389442 912351 602820 994636 575251 424193 13671 43854 922134 688572 255164 759003 355640 399353 146781 914501 467893 455607 461232 909389 717977 539081 193259 622213 277760 107678 494185 426434 142086 851452 331154 437844 452648 805633 773368 384151 89306 102576 384895 517205 767769 881774 331861 371800 817096 493086 921643 588949 327805 421523 870015 443874 530067 302504 244910 713663 308216 835290 970249 986835 23322 813041 930787 721561 190135 788087 807837 59542 464121 138506 640820 691944 73801 820597 412030 420098 546680 924982 294239 552032 940328 692385 748249 232183 50779 285164 696784 29487 984758 780356 588646 503258 961271 622644 124293 816450 274524 6327 954767 392829 452909 993832 254047 988565 710695 729222 342391 983212 377794 265934 430413 572635 162522 271450 878727 659825 63019 553020 240220 936026 778454 110281 787394 442592 203519 380925 660940 276135 621560 824239 293946 566005 36598 480052 406315 465042 255631 454004 553657 717478 527162 356669 589264 315935 237605 527603 151014 700828 589320 607108 569768 453363
797
579773 209712 723199 676540 24703 377679 64054 641989 122636 925649 915260 743037 197344 686970 384141 978572 492005 106197 499632 962972 485292 602651 943737 221106 594836 244488 421233 235268 896807 994525 624918 421709 301360 669047 141477 357589 663683 821984 134393 90944 910661 168598 675105 560479 188032 650800 979704 118194 145852 864420 498583 215438 603761 651672 243429 345791 500987 978743 615554 734559 910447 983353 81944 168789 194777 111816 854567 355236 322437 855343 676341 869258 288874 203442 454494 224189 588804 816775 806740 907517 355006 268584 471718 248087 60249 574782 385405 362228 591061 551203 868769 623742 466471 494731 498027 185061 576659 476657 516098 186730 938128 746713 128508 388926 236323 372058 403375 249740 476683 20432 779612 157083 959462 946660 558850 885450 877902 273821 769253 154773 464657 72426 138741 277019 369829 814465 673075 216896 371374 695986 574236 476249 883932 120212 24775 892899 49262 308671 361445 25237 260729 963832 303844 179014 879204 377510 57734 973809 411887 665338 421051 45807 155818 393161 312591 257206 412057 595409 637923 817884 19855 389107 375533 920624 78980 10043 743798 827478 279481 733178 490612 49588 952900 454102 921658 15851 882751 394742 695769 117117 647925 233992 633103 269951 442078 957602 636762 921019 579663 625937 921637 815519 598977 579582 871406 521551 239698 699921 306987 277339 421308 34499 42573 515778 675312 414205 439854 676568 609704 991829 723777 843393 204607 461214 799683 412320 157577 672140 19071 242890 966928 994572 288491 775975 883945 803835 104765 192883 183245 827204 667149 825294 54461 611647 591805 190550 994524 477224 47910 461100 967841 813505 700703 232082 899007 777434 906831 267479 361732 42622 805844 491089 402992 874916 649254 974448 779697 316649 426923 508192 459002 786935 746748 377570 446630 499201 471228 885880 141003 400556 673136 299112 12362 964036 328461 363736 478140 587911 943357 44262 865428 863746 887930 813496 233876 930938 443058 984486 526093 221075 934463 834861 759751 529761 290552 212646 596384 629486 927915 915962 468082 170628 708308 805002 501922 854942 354642 326561 750695 825592 927216 103776 479400 439801 224088 922311 300836 23251 451461 409510 966057 911794 588711 758985 277612 100130 388131 43327 190871 992904 151046 902808 848458 974582 820218 263263 441346 836474 516329 737219 750898 551581 207241 397363 181 400058 942123 143914 201867 11160 979651 456167 550551 768117 183333 498061 122720 857040 243713 915107 609476 1558 908660 664264 565842 356359 676557 792473 747579 412649 940668 254739 402768 529931 747494 301319 986473 672014 140656 437284 993362 689908 796350 88456 777849 274101 917620 398621 797855 912669 837987 667522 189233 149843 578080 699096 224215 836116 899187 294711 421162 725097 872740 794883 974916 964933 365411 750847 494026 23565 33179 112436 722330 238816 277765 412919 589467 934105 171542 629820 903452 284218 941752 110740 425273 786242 910701 519515 163599 301776 203773 795413 977840 505581 996032 997075 615661 991297 718975 562777 505505 328626 571613 175321 987247 176932 263449 340558 372942 437405 361473 120155 413851 818269 121163 918679 436019 79665 20674 136344 420095 88547 928373 72186 261028 446359 903250 711370 418544 925774 157596 506159 787529 996568 332414 158284 578433 744807 361502 330871 946964 491906 349985 320948 532901 344546 290873 628872 798494 95521 828441 786154 740026 811243 276588 372727 770784 132795 194717 981816 949782 314627 177753 35695 616671 374918 221953 902740 669045 99393 873372 249596 268165 148613 788215 603535 740960 878157 873116 269608 254683 909043 582120 390951 120359 204802 480821 572524 416851 567405 24604 965285 466593 69825 322817 905484 822693 519127 189407 114452 668719 398245 169431 164715 856761 429974 86658 610415 288589 178881 265019 717365 238218 592832 149453 509036 312703 510892 970139 332190 975406 276222 449136 400311 887745 647676 860115 954944 406254 484576 706605 826642 117541 693727 553532 870846 531460 392725 797912 163469 173417 322556 284609 329021 84975 523603 633248 743854 436635 873242 513611 214327 707143 699581 353749 176193 105446 908569 300942 671463 624833 995553 834420 911470 690057 300833 841001 286404 341174 847801 441053 648181 590571 387126 338774 241874 989522 52441 237865 586867 397871 621087 61661 422902 723699 333196 705490 804523 992280 310692 605162 632490 848211 359621 407546 855122 857586 111559 49206 674631 718679 199855 979182 730123 751877 804596 255008 267585 881590 36570 357656 657815 935467 796453 735199 329925 514366 509700 637666 131647 97026 301917 429263 775390 986296 797650 732594 191822 402289 617022 299027 522313 688911 208719 892029 394132 439718 715085 125421 108299 707112 887457 116054 328564 102776 267774 47479 946001 211165 316748 428822 220867 149054 445898 367398 338152 925995 617294 595512 184512 859708 559129 291852 662626 708389 789022 8347 745486 271458 628694 640186 402138 987553 881368 400863 725921 991357 770684 799637 591864 568369 287397 805429 154316 36074 963935 700517 472391 484292 168261 154860 719738 343353 688597 404338 539994 891002 315567 910937 583818 261928 125335 43215 21612 200809 978998 268600 892920 116495 25647 802509 12585 349688 161905 814639 850690 969124 320897 269059 151758 771999 499869 162954 935135 582494 331799 407082 435148 731239 210647 998004 237806 123683 577971 741802 185419 738732 205045 638321 146850 903465 773817 266006 377187 132083 337382 172970 76692 211742 414319 239458 756527 695220 458820 839715 405998 124020
983
685073 33101 649190 843905 682389 494342 746371 246553 362773 371044 141981 737754 668408 145897 533491 771734 858624 726291 875451 815758 693119 519108 801316 569049 270424 402977 355149 921523 716578 837758 513758 249590 175282 57973 130316 887321 835994 643577 26859 611826 393451 907617 836271 379077 816326 538538 436655 239785 617446 223587 13559 934941 352520 13202 286894 159941 19860 69242 916530 743686 977476 20441 190076 167238 784115 833447 549031 519310 582082 906616 935978 233008 948524 315617 890311 41125 822535 32594 805658 10985 761412 961780 620161 323988 949706 321285 621391 664894 202095 63184 310458 506451 444582 178824 382831 286356 277343 660292 755367 491441 189500 487199 76298 815042 638078 731824 490649 451179 47070 916297 917680 185894 357083 464826 950914 132556 632972 508587 414147 173787 826232 677407 223547 22528 459986 877097 731595 376531 574798 208367 67103 45975 267573 18620 427323 73366 368605 846184 60662 41269 938497 227834 429685 434275 304538 51304 274986 284596 740489 469691 26665 289394 113366 708823 683566 45729 722150 604064 532034 398363 990785 660139 387733 655043 297939 643275 553865 101487 259958 163916 570673 451515 734034 507544 713247 597442 779824 724708 482104 664518 386978 793237 667052 688180 154869 667922 207318 653893 95671 322929 222671 540221 931970 139200 592608 865411 92074 815528 680237 106108 821867 488607 414490 178226 927940 936796 850545 131283 883365 82787 397961 685079 354060 129573 216713 936165 354750 826607 739325 648340 985172 303370 943006 109721 483035 398532 34897 644874 660881 505909 339283 881364 177681 971540 255884 560314 995262 984637 339554 604597 13920 115963 792421 120572 280842 181312 709027 771446 734523 952511 527766 882668 234919 676961 480294 408233 269582 837504 209109 776837 243544 415429 512079 65183 466330 964449 118781 952784 40153 926259 592898 904699 620027 964102 120218 822865 47581 102236 120086 641438 1786 56896 564574 136761 609782 774674 76289 869529 470288 733560 968096 410193 829600 654463 626560 153338 788390 697024 17448 373871 82049 225139 344799 40084 710305 106180 537029 484141 751296 706896 537714 447391 865247 8013 469654 77983 176427 969581 800605 376405 282853 697512 185881 863229 615711 130213 982871 584977 355902 634947 873267 801063 67302 934342 27878 199861 517169 831079 272022 570190 512285 527102 12726 491585 396362 253641 604921 831520 175961 50863 662650 290871 537770 808248 613602 512079 830287 908093 297408 610118 200736 727666 27595 336433 41644 970464 171886 406408 250563 232119 500844 703329 480696 217098 649549 199071 508626 577606 883574 684108 742711 135897 160344 950220 687713 564107 976450 38443 537760 496666 842540 177727 286219 303489 268954 893099 575830 61322 998594 288249 301607 868495 360690 918168 592804 404726 362640 734466 814514 897415 514973 407424 439398 970870 327734 888440 625353 792888 810275 773852 597605 848510 162701 691952 377076 36474 72071 195689 263554 45741 975773 149807 912854 866509 875214 415177 309807 968147 703398 664396 887068 579970 643639 563500 244109 210394 176888 934738 702164 173815 218252 664578 992409 577959 888150 576281 956249 876291 230986 884019 872341 952823 601458 168223 689341 924061 599891 355319 147360 875621 61860 94715 322436 919700 86674 539411 56614 701071 829243 142903 626947 240108 427589 348275 374389 150448 126546 799136 490810 132229 622784 763448 311179 841109 344551 262099 671614 107503 209022 192643 520849 178153 30121 792535 714089 601190 853239 602617 579731 177172 668704 617393 888294 434036 840232 146077 651407 928626 838644 807029 733435 378429 272591 548514 781880 50418 869600 671098 210150 263595 149253 200357 255274 829037 95289 264181 130379 531530 539717 22669 291023 975417 435175 683753 626977 773630 229594 111326 296499 930356 790075 83773 705759 992793 264548 602231 592415 984216 706986 562863 656467 812568 518349 456625 770695 493371 990367 592451 395619 398199 909631 976950 50713 740551 392888 196205 289148 839582 888828 783698 70525 38054 551955 127372 989674 276966 776183 266374 795916 796502 172918 841383 629171 371396 798098 104062 142542 112801 377382 684946 50176 173981 941000 263196 632995 363826 645936 935359 767495 546396 906436 297181 403687 330435 300416 234045 593445 784004 981831 563016 728423 913281 255761 745635 814653 698820 816797 720348 121256 847364 335551 359326 129669 610092 794433 993882 112764 116348 363849 345795 287885 5299 698507 828142 523533 571161 847377 252445 681697 442656 84884 181277 202840 894478 206600 946508 309555 10287 840840 895035 215788 675071 380652 564945 337963 962663 440712 309190 232962 885240 685760 287915 420242 271389 880065 637937 552194 986058 620396 953435 106618 902436 60637 143328 276613 343006 214619 693086 494114 357273 558057 799418 913432 362948 538816 269697 478453 608933 86159 706217 183569 120159 471029 782172 168232 61426 890548 298688 179063 804105 134478 202095 827766 628525 432903 10304 232893 894204 464697 165687 408475 643570 69855 455155 920765 527377 470887 225032 103704 412598 9300 128948 307971 250217 578857 500136 611437 783790 848549 85736 893096 846949 286654 522492 809214 875199 901585 629132 749074 230561 950222 789100 642698 569428 538649 248958 771894 442087 625163 289745 56860 734519 654986 176467 460328 438124 359973 892405 603283 772365 514530 924336 305868 745748 537092 303230 130016 773554 568130 534721 991277 698186 544359 436208 632709 651567 280320 547467 296604 951996 624024 143311 707604 863347 530534 180286 529766 876772 557918 155294 993816 346071 425161 759837 684397 738034 133869 761197 799025 956172 80319 993543 808583 729742 82004 947932 616208 932811 79656 60775 379125 822223 625794 183247 219022 881941 496585 123246 975553 445826 610917 541026 44049 488740 671410 244692 272551 65084 147857 635155 307371 67091 3569 599311 558366 151360 228886 28635 180002 343043 819045 87863 796178 979166 925636 928989 740215 284552 489623 480881 970629 94188 310148 679112 752708 783300 511970 700824 591344 894588 586606 581980 235686 425881 980184 524655 765754 908027 623909 587506 840684 926779 336108 144341 470355 558879 612161 742071 529728 2719 459453 447425 154486 903645 317873 650205 876982 810700 259457 54110 878847 127021 657758 587488 156472 848932 568889 577024 29807 369172 427876 469497 739943 996424 106143 62685 457940 673559 304469 346480 662574 156276 214434 704142 493077 280809 654900 239817 803325 675589 657456 572993 11091 527312 646767 491600 960656 943788 337277 9665 332494 514722 463729 675693 142084 990082 84336 115541 518027 653246 665023 163919 511969 5744 24120 460438 246776 678585 168147 384857 473085 667453 448423 44536 364443 337032 928677 64755 891197 28635 547211 717295 520685 765003 724938 91205 849730 66443 699033 476401 403194 344927 818355
606
885203 453622 441871 775321 456144 527244 447841 166514 710271 975183 722605 78903 573800 36517 723991 674991 24815 841258 700290 995812 802335 611187 127006 518757 405234 150389 835277 746690 34359 379571 786104 775692 203871 159520 53852 574911 477552 46297 450120 718090 592262 805042 759174 84857 57633 281733 840229 807565 326856 960946 901877 176613 208850 592297 938278 682783 326826 497679 353823 462552 791059 970247 236631 315400 88182 26728 571006 716003 563 913850 321297 231985 880059 651534 470002 315782 205026 636748 510366 837317 304085 277404 981635 594548 803313 442743 612676 907889 765664 421090 781710 69770 901231 21744 815331 920603 193449 934640 933646 34180 298848 150007 742379 244747 305222 923446 706546 452836 508884 274859 140688 82526 700676 467307 94937 86103 13268 909239 379279 764437 358028 855968 192922 870167 395150 761684 125891 144631 222862 140378 76176 76940 45995 45036 183935 291631 881689 152643 566480 632435 259419 685514 337529 652451 509434 246629 155414 95384 295048 425318 229503 767876 201247 765581 452888 102847 886968 867258 876190 84013 936795 155514 776923 445498 794977 535483 871735 186528 611592 97875 322002 568224 21670 306669 544692 835037 910196 391852 398939 145699 784145 440448 984623 355789 647693 438603 44890 904105 122595 684707 251702 713516 37462 467008 625977 332373 16828 130745 664230 520228 938495 139076 384036 690093 840581 786135 93064 704753 369175 571605 183391 433095 83084 487927 213155 489118 959916 724145 614354 724200 171232 964843 448222 950708 850263 439090 519617 466177 702739 868982 336265 63871 691678 954202 202571 206614 467767 574197 116167 319087 495690 671462 534418 581663 322143 487348 752628 380620 162907 85288 224970 44902 846320 676280 750711 680332 425173 40264 12481 232746 909319 536167 655198 486387 621317 164589 956160 148823 355462 375895 689831 907666 721474 172476 288720 472147 874912 54178 616145 837241 839372 55600 168536 180463 32312 710629 919704 604904 550697 52009 340352 872337 635385 716302 2424 950414 714547 705149 297790 999170 276311 840320 55223 838724 666584 360024 131797 39294 640573 604844 685997 338481 612405 704094 821432 819839 788834 716310 927637 156277 488638 410292 990993 955143 957921 670803 99147 799720 458067 268539 912186 732765 924056 611303 456241 653737 78541 183984 134583 564194 565116 453298 27953 57228 893803 603787 678402 641680 493180 816242 387854 486741 452739 190491 391233 766251 770758 906774 427163 8841 719219 974103 985723 218425 439859 24847 330477 57438 398721 953240 350282 861625 932304 180585 322154 841680 211813 102637 484059 33758 442727 264034 363610 88243 916772 570614 448586 801281 433160 469436 640633 608306 576207 776754 217443 632523 141711 955521 457384 992012 103406 989360 24197 715968 565437 147635 360940 495105 246903 298643 833773 393084 765460 306463 128858 151610 343089 93998 142697 914119 340277 341007 923686 912651 736273 927793 231214 360135 972084 938861 487861 900491 686159 474238 383550 688877 554137 777882 704884 895985 516936 432962 88443 590046 758017 824422 569097 802995 242175 478713 895335 730561 110389 822325 745397 379985 713333 754221 548865 729920 265865 83542 193177 203330 90024 735576 573358 632911 929083 792985 356931 112326 861210 503733 329664 406615 273197 763116 548047 231994 370822 500224 987541 341909 217 21643 410444 129149 933797 281887 608013 546060 328619 801953 649644 978164 746294 792867 357943 785744 201005 394354 44457 264272 84227 699745 660010 646014 89244 593547 23476 684998 105617 440836 691614 210619 797590 299684 434372 571493 994527 174448 953518 572610 833989 504116 940988 356127 67697 122955 286388 755004 321465 85757 747005 210455 938219 831209 915830 773076 193575 220449 650057 976198 80209 475351 680290 336939 625447 340277 952596 779540 269030 662646 202242 203541 772565 865316 702756 280382 659237 981642 676703 822809 317399 882343 760172 929513 515109 28624 510200 729678 196532 922695 346398 38046 142698 56906 983855 728856 494062 751870 784889 141258 771512 937549 29804 285555 164764 983020 5628 922530 249623 393978 344917 86010 143443 609670 516007 500495 260022 781734 515511 574050 835750 796740
922
206128 56158 706121 475361 246450 477232 275083 306273 593256 973828 310225 571219 297559 339214 117676 685985 378716 285931 73916 21517 162242 335806 611625 224785 550315 366366 980954 288464 628617 429601 833628 700092 557663 883512 379483 583342 930832 690531 949158 172380 498357 3361 203616 504016 458185 95529 275609 637430 495609 527094 495758 913008 488638 233530 51218 696897 961060 422315 956012 294565 849215 581132 59349 550145 59403 268973 629 963288 895906 135056 846547 851879 356951 166604 911016 549003 786301 95577 871368 179558 669317 829170 170611 311659 44335 779850 396018 300974 675454 289339 551372 694732 433757 504512 687401 441545 9677 222798 517329 623110 249223 349353 894443 186540 308462 925804 371552 723957 32482 677749 162732 277833 144489 816456 939749 773332 437108 662723 452211 335593 512194 176093 415892 197073 997344 85611 254254 814532 212067 744563 955268 732352 519002 734171 12015 214537 1803 782622 907243 129513 327036 897866 540009 47240 466158 575594 688981 320574 6715 98095 661733 741580 264991 782100 519090 743400 125725 579059 58964 709245 847427 515366 155625 592539 772667 958475 300059 617630 782114 753211 368931 847640 55472 401292 584307 293004 48376 306917 420357 465223 795590 602677 146492 397781 659039 228914 613792 223041 471715 970346 611879 159886 356191 211836 287416 85419 468293 462768 931366 289351 151827 232302 859395 814329 728899 482017 312418 873701 862508 375587 830604 107576 64720 505547 349409 556934 543779 982996 733313 519944 173425 648654 462209 206119 138638 575414 863151 925834 648743 641548 508195 936525 40018 666520 953487 426219 986182 607818 806596 282158 915248 908712 691026 104001 702522 27985 169885 75964 332698 829949 977463 879636 458592 263875 35608 409437 532349 902676 898405 508657 672314 922028 282769 359186 956927 149386 839369 869409 682650 214754 951807 357577 613472 756014 924075 347508 936744 18924 110413 746217 799402 616299 1348 521941 758877 329704 318454 109634 392340 974272 846941 13939 256690 503085 344934 792638 75139 47120 938251 866152 662134 476080 784609 277174 580659 961113 979788 580103 428314 73330 816701 201652 859418 855564 760194 648661 406710 310267 123663 952953 483552 39873 590179 96206 574457 179575 265296 891558 481644 2630 886203 607373 234127 870155 66204 488977 640342 945975 867688 684485 813766 297693 751823 605093 984765 102936 31233 797716 395936 519218 546180 260240 986602 242111 163611 650626 132917 507245 583559 738328 866376 864952 713854 637260 411684 560774 269009 240075 181089 558213 305709 914179 190326 929838 684957 879184 309659 106396 277623 326294 52455 677148 567769 429489 471630 909277 721724 692580 864426 453245 812088 684890 489086 119388 697551 437720 290966 517796 483825 143763 182026 378313 387358 9093 301456 458388 695815 385137 884686 948847 476825 185790 896260 755086 172954 195444 978561 863128 673029 447281 218115 49963 153300 432800 606843 480671 847107 81736 647611 220768 321959 928717 795147 154938 302980 653071 899415 929034 692136 225856 183665 792665 540212 164033 539502 180221 174285 818457 487428 117600 390446 26902 699390 160493 672847 225003 199082 911868 636522 621017 729085 360868 360720 36493 888953 233590 616225 959980 161334 443860 488438 992007 488799 795366 168474 471729 309182 493065 181678 408349 505506 514990 627046 331277 741475 1282 358541 986717 861078 979005 386768 986223 134230 29851 210069 198860 904670 321012 642269 596884 98 946930 481168 350974 61825 975104 454549 814384 752841 270866 983745 23727 50465 212513 14828 394818 766302 970319 713757 463289 637866 484155 259296 279412 833212 462848 956125 125175 497696 538237 148116 803773 716917 243945 940402 669927 388980 540493 377507 133740 910724 424489 5172 575888 495330 135692 950674 572202 91517 701584 64976 763609 723376 297734 272653 687801 585426 802081 832410 315452 652318 322877 552196 320048 679912 192146 861981 402188 696785 799178 510923 724828 522086 721702 933223 14063 840253 14160 279534 411444 446381 799608 896597 488308 814238 556937 501821 573252 715425 696945 965576 769375 391612 562978 577138 767914 632415 625857 553297 979273 125256 400155 84375 245668 451984 134786 93364 143725 524812 137313 839369 306039 527588 754735 817603 326991 231368 159737 25929 509482 634334 454164 670966 71652 903823 477749 853535 11193 380970 317085 897793 86423 334018 799256 218877 880676 836487 971111 450220 256522 880019 571641 479467 194991 575416 360870 19424 504191 661365 726905 601668 85388 321339 205761 564854 467413 182429 653284 736448 717030 391053 431255 912258 926762 227922 182739 279849 459963 661149 47110 252323 745710 7230 833920 949699 586563 521763 693301 818297 993372 876294 764957 18111 908319 28851 315338 997329 220892 119250 814077 746799 597130 772960 6658 687574 651189 97198 639347 343296 732430 973063 637663 541939 563218 344005 568949 541647 784054 978208 436055 273617 503199 688841 734502 413131 774422 43176 378231 425369 409386 802436 611314 120532 277990 768303 386147 487223 599980 13044 72076 951051 678100 424672 831578 375765 766251 944199 577040 857523 56594 426956 166999 853693 796819 520604 997397 443394 402277 813611 935366 215852 17968 502444 537188 948542 323982 979899 33470 159117 877069 966041 664372 89574 301957 507101 39001 394932 640812 729591 3661 858821 201424 646877 101867 32653 683075 541543 183847 731893 211663 256008 205641 918296 76141 208171 558438 660026 350280 407856 682123 510948 945204 129318 89244 676994 854817 317839 872000 771433 597587 47529 839530 461518 587227 618372 309083 173085 662165 866937 749300 8856 65954 32271 270981 857527 569536 74524 236642 813404 647832 282625 871933 959805 523810 283506 744673 818492 191923 282558 118854 968095 762113 694720 132393 349473 504713 101872 60801 262273 551101 5861 970768 979049 72679 941995 658251 252706 777742 52606 62150 913353 904613 791005 324023 380939 891673 326111 286521 304177 657464 922192 538818 244672 153778 197717 176961 858799 772270 385514 259102 216884 620522 604610 87976 160514 745097 682587 422916 765811 79732 625484 713873 932895 733586 9785 733466 140169 217464 33061 835436 899899 157884 272506 570309 471109 420575 894381 844133 241737 471998 976112 267993 175047 282230 895754 274265 500301 4656 867798 230832 339719 887023 214075 631839 97259 173066 838490 296498 745883 887447 796040 103127
983
451413 531876 321312 268333 739207 46740 796022 598111 584823 267744 242912 190368 938946 940690 114044 370912 672308 384694 317837 11524 196023 137543 375444 307331 845334 673835 223572 161208 409222 269876 229124 860737 568540 486424 27185 816676 870708 27233 416663 31759 156096 776334 910338 796713 336915 613823 710888 818361 50934 351834 967292 454478 221769 463309 549830 36932 624043 826977 441658 380912 834964 67019 389955 290580 957847 340019 521559 272612 38411 859338 776671 280143 133817 921993 494775 386863 93901 541359 74387 986762 492776 207332 977431 987372 76165 433755 661710 903525 484255 343883 625589 913479 877005 731771 825631 803514 318796 296401 97514 287621 101346 614926 98107 760758 979087 720346 505703 498934 804183 600565 332193 424694 450839 668306 125468 21244 757404 71176 878548 862385 859655 499360 503519 202760 366479 818789 132615 769814 406943 177990 926115 491290 740502 844110 30620 432058 926646 334403 843247 982802 934254 629100 823279 668651 829161 533598 840407 272897 451133 195785 546638 122616 850650 337156 668077 863226 348684 17714 639424 659123 107907 186323 941523 996711 351750 570035 473179 794851 733288 330280 539687 722512 172343 301402 767996 890616 143878 709724 355610 544138 605314 215793 821117 293796 737743 44888 370364 589528 45205 833075 16091 486035 592181 54215 481412 272588 660753 915116 203507 832408 137103 131734 392802 165475 716691 23446 295385 623228 416626 457500 859212 150683 727611 845306 733953 740483 586646 209892 744469 313039 948548 274052 391763 457699 379220 815102 554519 145810 949723 172257 589004 590382 461890 514264 811525 90032 803417 789127 948942 753634 974897 772745 943926 403915 288505 513352 359810 508500 500472 375617 23902 959263 374376 348125 452618 54951 755760 172391 624901 360138 21650 930770 182668 139496 479967 142276 959912 57095 661527 38274 700397 808787 178835 91832 814785 597835 347437 133431 576555 293702 677586 582767 13490 146592 196246 969274 944521 682592 72173 60974 394575 2850 880359 14855 218346 578709 682276 886931 11983 172516 76870 389317 58874 626066 94957 174987 602856 936367 288784 401682 580973 333916 501347 389462 230437 67055 247427 655225 545299 511313 968784 209545 304428 16906 97532 364275 370743 55997 60501 829833 362435 759035 147820 216711 260542 391514 745003 669478 129380 950330 912757 548580 678476 702443 840213 498931 797018 207662 743305 822130 998846 719488 811665 841486 341681 789892 573696 360025 90407 917008 330935 783680 904173 559596 391616 359629 527869 262840 720219 326711 279066 349852 785507 659125 267271 172049 456313 665714 392523 145630 61755 895966 326773 400013 779998 695613 494191 337752 231358 277049 664497 865279 514377 124546 562060 935191 533519 203627 29009 18504 13745 313608 556666 268911 121750 506244 656450 106283 150628 791423 52160 205215 489792 161275 106073 156728 41923 985322 991027 202872 339806 691100 163438 88337 662660 427104 730390 752202 728197 698823 411638 437696 26269 401560 358265 877784 333225 421785 606067 65349 201809 30499 467782 746978 362903 727649 401852 539341 345615 755359 114821 383606 174754 320051 673254 628095 285709 654838 603040 375102 459945 468357 485197 626349 603073 378492 81352 438354 637273 313505 397535 410243 2823 899028 772510 230715 228959 613094 84559 76580 822933 306425 699598 532430 616983 739643 471698 821440 594654 617594 959310 779164 359083 358969 682715 138854 969415 760848 930277 906784 414443 668170 564554 941495 644115 242790 318685 101142 156863 56588 379956 7666 276232 340077 371878 182636 974442 136154 364884 8409 462410 972037 735942 403681 678670 836133 893814 485102 612656 619979 453921 78471 788338 509141 311295 483572 83788 562074 317790 384614 981486 253720 352220 872326 839867 129830 733734 861084 415972 48018 987597 263481 836892 43952 177366 315812 797839 678294 969731 934955 486667 755366 643169 32417 518661 65531 463527 373685 742114 769533 466921 573033 176556 839789 901836 104760 618457 693125 134978 974274 319170 445831 774789 99985 551284 383193 536877 458041 393177 463322 981737 517865 45405 314693 524378 26913 926460 468073 693600 938875 294160 569507 896032 549868 34498 714801 556499 80829 696056 524178 979748 136176 314948 665947 482664 676860 331703 961602 133813 868323 985940 746191 122507 871255 669211 629615 210765 247768 714599 851746 591741 487451 83771 861598 751860 610905 485937 164017 330276 522593 458585 49504 437559 111478 225316 259187 189605 205427 312769 401364 57873 152005 915971 387986 176876 376257 735400 363453 848985 765073 211951 759648 90657 245726 991949 297241 612375 690562 614656 999186 548652 779201 151635 486153 406182 414625 668425 506221 690224 267669 48308 968947 372176 544462 990558 467307 183506 926614 649516 440933 596800 863366 582148 845272 857911 801280 218257 94265 399586 954093 227446 989046 542691 960782 650690 447730 842486 224075 957818 166791 827257 301297 194079 772692 203493 10094 928246 905583 165706 603639 766068 319817 299630 820647 401611 336412 251393 286350 243522 346018 717096 665338 971923 78948 290948 248375 10172 648195 283855 910847 408943 204443 791738 28337 491561 186636 852637 423128 149991 886745 335330 365351 589217 612302 976341 692175 460186 585281 795659 420431 743735 174677 882523 803630 429662 901674 248423 625424 948102 961804 638765 327120 89359 675704 216144 608333 925350 234386 907281 71153 953589 565021 250131 310313 28873 399954 140569 381084 503745 873248 733980 579881 21715 184950 501220 944223 10497 352339 786974 363863 644660 607548 312674 347137 983862 934963 177278 81069 350928 68725 625561 332848 97390 684480 75521 45700 926006 836856 636975 243870 496760 276412 43887 737744 448465 755845 548191 433396 189185 16646 74170 545430 420806 51581 129103 698271 618311 261969 378452 288878 629704 195844 726208 910376 103960 263996 797804 708710 291098 106850 220025 147896 639507 603199 851210 317141 117252 913233 180315 335310 915944 103985 207320 534109 186472 758615 4162 748813 921462 999843 380209 212250 430940 599516 702744 231446 48945 370341 15848 361327 637258 262181 405158 697104 92970 373684 461645 536813 549291 342322 90243 887116 103466 979918 273448 793000 98752 918283 113877 718646 616713 51997 893509 728041 913699 350124 381249 719263 29480 164536 689619 129119 432035 632713 685863 787240 783143 792810 62033 42084 276394 818120 499336 441701 278552 472126 322815 281553 632317 106610 153359 192804 6967 429621 362156 582354 190265 571629 657315 261718 281478 799009 743720 110191 842032 98866 335905 702599 342772 921733 144890 918289 375422 483012 908835 512129 172422 895923 425953 449305 654319 128892 218751 516333 805339 760371 823463 172336 264328 581948 985107 478038 517052 318418 153124 143136 79795 70713 285857 937124 233213 812425 959418
3
6458 3817 6099
86
5270 2450 3603 6027 9856 7677 7994 4525 5631 6669 3086 2578 147 7435 5378 4564 5576 746 5696 6548 1091 9743 1408 6878 6495 2526 9092 9704 1671 6130 2037 8104 302 3603 2976 5129 6210 8602 7666 2184 805 5650 2327 7477 7584 6783 145 4250 3171 4798 7289 8240 3741 2875 6135 7457 7151 2731 9594 2377 5272 9434 904 1707 8953 8755 7515 4661 5121 3620 9985 8990 3182 9444 1785 9519 1822 2519 7292 8586 3319 2073 2224 4261 9303 1443
31
4120 4711 6318 3007 2867 851 4448 9306 2402 4105 9926 2746 5971 5838 3562 8713 4457 8712 55 6578 5161 9129 1198 1234 1734 4818 9581 2167 8679 3857 15805
92
7425 5429 9887 6914 2155 1706 2646 3746 3750 3825 6959 9494 1193 6 2814 1301 1541 3492 922 3563 360 4654 601 3885 6595 1764 6006 1982 6466 5002 3302 2200 3384 3196 2735 2075 1851 1697 6601 2890 7467 9280 8684 581 4697 4697 9063 4621 5113 5752 7466 1951 5350 4857 5474 7337 1402 3246 5194 2650 4437 75 6250 9577 7252 874 7407 9545 9826 4931 8825 9218 4318 6353 1214 1886 1945 1367 4872 7415 9903 8616 2231 9251 438 3023 7253 240 7965 1690 4906 9355
94
9178 1077 1135 3825 8716 6080 4682 3244 9467 6324 4090 7958 3893 4883 4616 836 5661 3966 7134 4306 2254 4799 3283 1286 286 7793 3118 6391 7587 5398 239 978 8516 8182 3341 4124 832 3208 7057 6393 5087 7138 1997 3395 8729 3085 2756 8751 7074 924 1789 2543 9207 7297 6861 2439 893 8545 4536 6464 1321 315 7675 9347 8080 243 9444 6602 4735 2245 7077 8406 2942 7572 4908 3433 4697 568 686 6080 4158 1759 1641 5798 157 5396 6595 9882 2790 5740 156 9555 114 14939
65
7590 9026 2029 6280 9790 9784 4498 7130 9307 8908 2910 3788 1358 4710 9309 2187 9579 8222 7008 6506 3684 7044 663 1628 5216 2110 1650 323 1856 1555 9533 5920 9372 7118 550 3544 9721 8574 8318 1781 6867 2520 5376 6600 4076 6166 2086 7425 7771 7997 168 9866 6725 5564 1660 6151 6389 3712 4579 8295 1952 1484 7632 617 11805
57
2075 1976 7223 1401 1852 7708 8130 1725 6062 8240 2171 9574 8205 7103 3960 1862 3255 2454 9834 2525 4377 4005 9989 9037 3334 6106 8182 234 979 2622 4149 5625 8284 8150 4382 6647 8294 3955 2795 9058 8740 9554 9348 8936 3992 3798 356 1711 4285 9806 7986 5381 475 5636 6632 298 903
92
6136 2525 1239 6903 7891 2795 2872 91 2540 2839 5542 6252 4095 1096 7624 8115 9028 5162 7878 5822 6498 6211 3638 9220 3383 9587 8393 6914 4979 5027 2653 9642 1686 1770 3571 2493 3671 4289 1694 8361 7248 2854 9109 7834 9933 8675 9442 209 6051 4161 669 5078 332 5188 4127 6159 482 6630 6547 6670 9310 8023 4233 1681 6892 4650 5576 7366 6253 447 1731 5351 9487 5464 9873 6637 9003 7062 3998 6483 8718 7611 3846 5867 2734 3184 7537 430 1623 8494 2679 3451
67
9451 8911 1472 1612 8872 3326 4533 1172 6426 667 9677 2879 356 359 1838 27 9590 8094 2776 6928 2185 2742 8463 9469 4936 9434 5467 1019 6373 844 5548 9719 3651 3794 2730 7498 8095 9301 1967 9307 8527 6432 7123 7019 3184 3501 4473 9025 2573 4063 4025 2023 2050 3515 9877 3326 9086 8498 6920 6011 8509 3030 862 4962 2297 3515 15678
100
1382 7502 2954 8094 3652 4918 3349 4767 9972 484 8479 2233 6172 5093 8985 8236 8355 2223 8368 6949 8158 1301 9810 2538 9996 2223 45 8599 7020 6786 2287 9626 4808 756 1245 2214 4845 8227 9593 2253 8920 8781 2222 4371 9048 6528 3348 7343 3091 2561 1418 2762 2146 8011 8985 4172 4257 5930 5648 2005 2942 476 137 9365 7581 5031 3542 2974 5248 2156 1240 9841 9222 1051 7493 302 2038 2341 2068 4708 1144 4075 4525 6653 3928 773 4894 9394 6299 6295 4165 5950 9200 9798 3738 8280 5687 3036 9309 6323
57
8960 9698 5760 3434 3289 6804 6625 4290 8146 8953 6568 2721 9701 630 2617 8102 2788 2102 5441 3224 6419 1200 1393 5238 6284 8611 3108 6020 556 6501 262 7039 8187 1755 9097 9186 8939 4751 6917 1360 2862 2658 2667 1203 851 8045 3299 6272 2538 3375 7283 7532 1826 7936 3957 8049 5911
57
879 5379 8207 1022 4335 5988 8370 3276 9004 9801 3108 6029 4961 2987 2488 9037 506 3936 3930 567 5333 6696 6492 3553 740 2579 127 1843 2056 818 7004 9906 3868 9143 4021 4210 379 8261 7595 1059 6986 2306 1027 1069 6204 5951 7822 8315 602 1599 8424 1307 6519 6557 818 5702 3585
31
459 5283 6322 3915 4222 6274 7922 1681 337 9215 5097 7679 8621 2720 794 9373 2190 9665 4684 8732 7851 7734 2073 6651 675 5485 7355 6331 2894 9559 907
56
3007 971 1516 9232 2343 2120 9623 3678 6243 9807 5237 1890 8311 7935 5835 5466 4515 7632 8225 8890 5341 4138 2442 5998 7249 8897 381 1793 4764 3792 2412 3826 7473 4234 6444 2926 8262 5612 1889 9262 5273 6807 6538 4239 1241 2259 3070 4973 1228 8045 872 1738 6427 3598 2262 16263
98
334 6566 1506 7967 2247 1396 1574 9807 7480 2149 9960 2796 3764 1499 387 3902 7648 4820 4263 3428 9320 5837 6515 5185 6636 4135 2124 5392 4236 6270 1636 6199 8778 6140 4939 1963 4490 2235 3951 5722 2187 9717 5452 8236 3098 434 55 6885 7029 5872 8115 7819 5879 554 3099 4832 9716 3158 2402 4215 5866 2417 8912 1246 8386 9894 1479 7834 1760 2975 4661 9174 9273 4589 7085 4713 1177 4000 5268 2179 2800 3493 3865 8212 199 1386 3799 3459 4476 5844 4485 6612 448 3594 9743 4900 3738 7180
80
628 3399 400 7567 3450 3415 3287 4606 1086 4803 6726 5963 7911 9370 2491 2070 6311 108 7927 6883 8130 4467 887 1994 8513 5236 4914 5273 9687 988 9747 8003 8459 3874 3614 294 2983 9020 1285 3191 6355 2560 4092 9325 5172 5594 5740 6672 3464 7439 8620 843 9343 7314 8504 3720 8510 755 9024 5058 1949 95 2411 7842 214 4197 1552 1562 1533 4925 2823 6482 7697 3782 9356 1684 6328 7847 6131 12352
26
5124 264 9060 9516 8731 9026 8908 3933 3428 7068 6122 8626 6459 1818 2567 1081 3138 6321 758 2843 500 9748 5981 1326 6238 16352
66
4547 576 2404 2550 3637 4095 2466 7485 873 6020 5488 5005 5676 5629 5611 2367 4524 281 3772 983 5324 6037 3372 730 8090 6771 253 2875 6615 595 5447 6725 7994 9758 9835 2973 5698 6004 2322 3144 4638 7032 4833 8912 5311 7223 4960 354 8677 2342 816 1788 9158 6968 1564 4998 3009 2771 858 3801 3360 8246 3009 4310 3374 1081
10
3081 4077 3808 4961 1958 9149 4765 835 644 10532
56
1565 9902 5602 4184 5770 948 3983 1796 1338 4603 6822 6449 6305 467 4913 3720 6232 9074 4585 1533 9243 7258 9125 3567 3156 8304 3294 1765 7138 5380 2638 1328 862 5439 8331 728 3342 2710 1403 8619 1002 2263 8066 7171 680 7781 4573 9267 710 523 8120 7948 9027 7011 2604 12547
91
1593 6920 1930 2764 516 258 1645 4292 4704 8004 1829 5236 4449 9664 8905 3815 1739 4752 1915 6590 2459 7656 6564 3637 6391 821 6691 2754 8669 6327 1494 9407 3397 476 4673 3302 1581 445 8593 3313 139 9103 704 869 7050 4995 1477 8513 7996 1930 386 7832 6248 1118 4112 8284 2946 4991 7622 5434 2656 5185 4708 6403 460 5389 9326 2188 1786 9602 4195 5122 656 3389 9929 1613 8516 1361 7327 4670 2688 2549 5826 4901 1778 5722 1228 7873 4181 8271 10119
71
153 8198 9734 6438 7311 8340 4856 4142 8017 4558 707 5407 5718 8013 1482 2109 9200 6274 5935 2510 6890 8923 7779 2855 1058 3930 1272 6551 8021 1126 6622 8379 6970 4366 9380 1712 4287 8413 289 2139 5282 8013 9484 9254 7033 7004 5386 5835 1824 9211 7027 7248 7363 9022 8353 9656 3749 2489 950 6836 5219 1850 678 3340 3538 5796 8694 3885 8992 8479 13312
9
4564 4259 7081 6382 1435 721 3635 2634 259
97
5358 1430 5209 5823 3588 3324 7645 7432 6379 1608 8313 9835 4656 7645 8284 7675 2914 5339 3301 3680 47 3653 8611 2891 8718 3921 2191 396 7126 1137 9470 6606 6110 6175 4153 3116 6072 2454 6337 8797 5026 5641 2202 8183 3559 2988 3540 2216 3454 1450 2177 7659 2021 9273 9700 444 2117 2955 2195 9629 6556 1119 6106 9198 495 7560 1250 4680 530 6694 2624 2805 7629 6416 7735 5715 4256 9558 6158 9213 3248 2372 7939 2824 8371 1312 4907 9626 7489 790 85 7199 1271 3809 623 169 4554
31
3463 8705 521 1106 6721 8077 8771 7719 8141 3650 5266 4320 9068 1627 1466 3052 9385 5211 1839 7443 7241 8963 154 1647 8455 5765 9653 7652 2205 907 2775
97
1560 2075 8941 5476 6443 4433 7016 5589 1810 55 3535 9302 5166 8168 9597 6479 962 3596 173 6347 3893 7979 3016 83 4422 1653 1742 2702 9892 4198 1542 9289 3251 8618 2908 8494 8365 1582 5911 5254 5860 5727 2765 4783 9839 5244 7982 2837 6467 3470 2836 3376 5891 2118 5636 918 3237 5656 4380 5147 1760 6306 8949 8583 6073 3535 1973 9020 2148 5448 8712 4857 3446 2840 9862 3784 2177 2857 8970 7141 6191 3426 9016 5483 6925 9251 9960 6899 8988 7550 4911 4078 7908 5375 6703 215 7285
12
2379 3885 8672 5782 1750 2901 2067 6368 4083 6957 8549 6897
27
1855 9110 9058 2207 963 9636 7036 6845 5576 2096 8656 6034 3614 7583 1942 5792 6425 1890 3419 8177 4262 8512 3314 6418 3991 6555 16164
20
2022 6492 2200 743 9304 2443 5381 5009 7261 5861 8525 8591 9217 7553 5705 415 9941 5202 5177 15632
100
8341 9157 8845 5925 8848 4991 4939 8499 1167 516 599 7473 7352 1613 9696 8459 7198 141 9445 3960 2901 757 8044 6461 2334 8270 2215 9419 5081 5989 4196 3762 8819 2175 2409 2184 9796 9858 1659 1066 3903 8655 6815 5449 5019 692 1911 1595 4780 4765 4938 2263 2312 3024 7328 1799 22 3811 9534 3444 7657 7161 9032 2440 9463 639 9256 2683 4670 4086 2785 4629 6270 5937 1995 5192 6465 9967 6025 7178 2252 8661 9862 6260 7666 445 8449 4935 5806 2106 1282 9530 5302 6779 754 1775 7849 4394 9776 1940
98
5836 2638 3297 2016 2043 9394 5354 3484 8758 4701 5485 74 9096 601 1848 4153 8104 8240 7604 4153 1761 4447 1393 1249 4993 4168 9471 5711 7818 7317 1567 806 7737 5298 6284 3771 6439 4442 6691 6689 1101 7244 6120 3217 849 5143 2780 31 4906 3267 1153 1207 7112 2104 6177 1734 4391 4199 8133 988 1767 2960 2080 1979 5022 4280 1239 4055 9007 8473 7329 386 7674 3635 5939 2027 1581 7267 9983 3103 8257 6040 8482 286 103 896 4867 6222 9201 7876 5320 6549 5949 29 2749 8340 4810 3951
52
3804 5439 1394 1487 4932 7893 3526 1759 959 4866 7520 5378 707 517 4320 9242 4012 7671 8993 7425 2759 3334 674 9623 7264 1003 2460 1478 6426 3044 2611 4049 9229 9607 6636 7192 1034 3855 9356 2569 9300 6493 9715 8296 822 3007 3656 5560 7038 1189 4263 15390
22
1019 1026 8126 8892 517 8344 1126 3337 5772 9823 8250 6049 7463 2728 3485 2595 2875 8098 4532 668 2799 2862
68
2800 1038 7943 2890 3886 21 5984 1358 4689 3277 2418 2358 2706 1715 99 1467 8958 2958 2439 8221 9664 8314 4488 850 9448 7243 8456 6310 6855 1612 8211 4328 2014 3194 7322 3470 6848 4124 4515 4194 9892 8892 637 9529 9954 4641 8661 4027 7626 270 6167 2474 5685 9971 769 7433 2115 6734 6953 784 6159 5087 3728 6492 8793 9915 8550 6799
66
5380 6527 8951 7017 4979 3462 1483 404 7544 7044 2642 785 9122 5108 2320 2564 2804 6644 4221 7202 4271 6484 378 5776 1490 4461 6111 4101 5595 460 230 6335 1639 4153 5999 2770 8074 6219 4029 240 6049 8446 2277 8954 6018 5058 6436 2020 4837 8232 8107 3206 1704 8214 2853 5347 1499 7726 2981 6815 8751 4212 2380 9327 1602 3764
61
916 5091 2285 1969 8295 8736 4431 1321 794 5126 9200 2190 90 4187 9296 7245 2232 4417 7212 6683 4452 4651 6716 1144 1675 6601 2743 8694 7840 1552 9195 1703 223 5502 586 6868 5879 6190 4859 4840 2487 231 2413 4488 2947 5583 1242 7472 2602 9471 4934 9307 434 9636 8090 3782 79 2448 1171 910 8680
72
1298 602 8708 9867 387 6050 2648 954 8821 6236 6080 4297 9490 9080 2377 5407 6913 4580 9204 8826 110 1341 9956 461 3918 512 7629 8567 6650 7154 1225 6914 8140 2187 8758 8015 4548 2682 9509 5159 9028 8389 5617 7779 7438 4189 5605 5917 4078 5725 2970 7905 8167 6083 3554 7685 2601 1863 8889 3619 6264 9676 1317 8480 3892 4114 1857 759 3127 9694 8304 1347
81
6571 443 6422 2407 9551 4108 4374 1117 9002 5233 2710 269 7911 4146 9276 9108 1393 5492 8570 9882 1987 3642 2458 8664 4899 4411 4713 6111 5555 3595 2241 6366 7498 7657 4328 868 2051 3151 9608 6254 9540 2801 3427 2230 7248 348 8168 4727 4293 7866 7277 4894 7917 148 5298 4833 1609 6301 4445 3568 1224 3525 6618 9799 4579 8060 3319 6927 2407 6307 4125 4402 6425 8122 3938 7863 7795 2635 2895 3325 5962
82
44 9461 9063 1397 9445 4425 2264 3461 2612 5802 2352 8750 6844 395 6011 7805 8021 4895 9568 2453 9742 599 5810 3730 6415 9142 3542 2187 6375 234 5673 1854 3817 3936 9691 523 5795 6665 8987 3908 2816 6406 7217 106 7711 4534 4754 3046 3249 1267 4347 237 8772 3224 661 3963 7848 4336 5781 5107 8476 7667 6639 238 754 5791 9653 8007 6119 9819 6579 9116 1551 7939 5696 2264 7513 4824 2448 2579 5037 8887
24
1187 6537 5544 582 9233 2376 5742 1522 7820 4346 6839 398 4314 3528 1784 5558 8205 9063 4312 8149 4119 6481 4684 14463
72
2914 6576 4325 6901 9043 9809 5438 6013 9323 4708 6998 3644 3588 1369 8507 2625 8810 8405 9857 6204 6428 5223 6639 4346 5772 1195 9852 8059 2122 5673 6762 9756 5862 5358 3409 6613 4801 5224 8415 6203 602 1093 2712 8284 6474 6853 7939 4214 7617 7940 6685 4883 7243 3996 1734 1787 8474 8830 5171 3204 989 4904 8106 9199 9921 2257 5743 9783 1304 6865 8475 10912
85
2998 7339 3675 7133 234 5440 9360 2974 7250 5067 5499 4084 268 7516 1245 9947 6737 6577 5652 8880 6663 7328 8777 4839 2238 1290 4225 6203 5907 4950 9934 3425 9200 1415 6739 29 8560 2311 8706 9520 2829 7898 9488 4795 3669 2929 7502 5153 8612 8115 3363 8789 2283 1848 7480 381 7997 400 1308 1437 6578 4179 512 1836 3038 1759 7453 1726 812 8793 2928 6046 8796 9955 8591 4402 7211 9516 2855 9155 7678 2067 4430 7186 994
15
6255 6915 6027 3986 6996 3969 566 2833 1726 6116 1071 5426 8642 939 9385
28
1352 4478 3637 8777 6663 8813 21 3662 172 2634 1209 9552 3993 2480 6285 3739 509 9602 3459 573 2612 5251 1200 4673 7270 8135 468 5305
33
316 9065 9152 9067 6265 7710 3341 6438 558 3010 6825 7525 8692 4607 1113 6749 1140 7671 356 5396 1857 2052 9110 6779 3615 1705 4309 6964 877 5386 8818 711 7747
47
2441 6951 8632 7614 4898 5894 7890 6024 4694 2808 2159 6421 2388 441 1581 9866 5320 6662 7396 1157 9547 7516 1742 8726 375 1434 8280 6107 2728 5605 6394 7259 2236 5962 7522 6234 2395 3336 8475 5170 9932 3692 5371 3990 680 7868 9415
100
6831 7530 6205 210 5623 3408 9291 4293 1170 2542 2600 3814 9812 706 6678 9788 8897 3686 1299 8949 508 9093 1197 5412 5696 7618 5425 2190 9314 4660 8635 6760 1487 1706 1063 7001 1223 758 4028 8932 4473 8367 3749 6365 4889 6310 6797 112 7378 4039 6115 503 9627 8934 6782 9362 808 3096 6810 6840 845 3625 5702 8730 1345 4388 8504 6542 9968 8326 7329 6384 2411 3765 8737 1064 8379 3204 4356 5635 8398 1660 4726 1562 8075 8480 5392 5087 8261 1202 5269 6335 902 5303 8444 4250 1335 4553 3291 13102
11
4332 2969 4897 2732 2271 9825 7635 5722 5182 2651 14762
77
7367 3656 3485 5204 3181 3148 4382 9328 9189 3845 5507 5317 6225 6301 7765 9978 4494 912 4339 4871 1656 5498 414 8741 6356 9511 4440 4335 6523 4269 4878 7245 4720 2800 9452 7016 9799 2973 3440 5873 422 1245 5080 6365 2737 2910 5752 8137 9160 9563 1142 5949 1900 8266 3903 274 8088 5293 1437 3684 3266 9090 9014 3173 4790 9791 9393 2162 4945 7444 5032 4262 5770 712 1613 4250 3241
18
4923 8764 287 679 95 4798 9147 5962 2785 5565 810 3066 6700 5429 6502 3509 8804 5578
15
6743 9286 3567 7188 861 8886 1248 1215 5651 8223 1693 2206 8627 7723 2505
78
8331 6926 7220 822 4862 5833 9219 5196 9435 1008 1752 8728 4069 4951 8669 5230 5484 2761 6527 6382 8058 9999 4637 7646 7176 3245 7119 839 8302 5210 6155 5073 5502 876 5805 1020 7408 5123 946 8862 6657 7121 2394 1309 2356 4119 4652 1664 5674 5066 4361 1312 3544 8400 394 845 7872 2920 3040 4101 9639 4313 2375 2064 9115 354 9432 5941 5042 951 4186 86 2892 9126 8610 7551 2850 3806
4
4324 7667 5683 6948
100
4039 9489 5318 5574 9251 9420 4701 1817 833 1452 5991 9684 4280 5107 9392 7976 2588 1236 3009 890 5085 9041 5554 9054 7114 9734 5053 940 4739 1889 9260 127 8921 1936 3590 2512 90 1457 9104 8927 6875 4357 6907 3535 5575 3132 7011 1849 7604 2869 8609 467 1489 5468 6961 7262 4611 6013 6635 7235 6972 5010 8726 1888 7604 6471 2181 9753 7418 3079 992 4577 859 705 692 8245 8897 5835 2084 472 8034 9535 7287 6545 3985 6089 1697 6953 685 4276 3357 3916 3770 5409 1164 6317 2199 7027 2061 7662
46
5676 8920 3812 2235 4907 3849 4261 33 1284 5671 4021 8862 3968 7166 3418 9283 9681 405 1372 1497 8727 110 7569 7131 7588 188 8350 5570 7652 2228 667 5817 7940 8322 7970 275 8329 777 3985 8582 7992 1724 3863 7847 6364 10350
74
1879 9037 7523 4465 6016 4427 8106 8800 3583 3598 3875 2199 3955 717 5170 4449 8190 1102 6821 8598 3468 6023 8348 7964 844 3875 7041 9690 7878 4708 6352 4549 755 2639 2013 4613 689 5271 2607 9197 798 2336 9687 6355 9103 688 9085 8995 2401 8004 7763 3371 3554 2950 1410 2121 5744 1490 971 5093 6815 536 9949 4338 1695 9795 9208 5753 3712 785 9587 931 4034 7490
23
3687 7560 9749 4509 4696 6479 9974 98 7001 2753 5075 3200 6739 5280 2599 9612 884 565 4892 3440 7136 5329 13931
86
5157 6610 6435 6155 9149 455 2008 9111 1861 2273 6407 9313 7654 2993 3591 9438 3049 7177 6758 9825 2381 9494 8511 1425 9377 3321 1444 8148 5642 4703 8241 9733 4423 9358 3106 9190 5979 4953 1170 3759 5251 2051 7286 7722 749 8056 3170 4651 4550 9429 9581 9175 1136 4550 9821 4725 2157 2486 6592 4342 2848 6710 3048 9533 8325 6837 6541 8569 4297 5461 3282 4677 8303 2128 977 3442 2976 4964 1506 9060 9666 356 498 8225 8477 7855
65
1622 6558 656 4201 1791 3002 8453 3323 6616 5477 6461 8420 362 4739 5151 4295 489 2399 9907 9130 5091 1112 1811 7402 3059 9673 914 538 7690 8272 4390 2925 4633 3357 314 481 4860 3255 5591 1166 5271 6388 3001 3462 5882 1227 1373 4147 1509 9313 5205 3388 349 4379 6768 1528 7412 3408 4677 328 5408 3116 1533 270 12330
46
2186 4077 5165 5804 4603 3421 9222 7021 3313 9119 8695 3275 8216 2018 2077 183 1753 7865 1052 7186 8716 5104 7076 5100 4836 4086 8022 8314 3296 2272 3934 6367 1416 5741 8869 5532 6224 4796 7961 4078 2502 9043 5616 3506 448 3740
59
2433 6859 380 137 2956 9229 2212 530 7284 1850 6040 7349 2105 2633 5270 2424 928 6984 7160 7259 8356 3593 6617 2997 7831 471 1453 7697 7237 5208 9854 1234 992 2962 668 9955 422 1266 46 2105 432 3037 4523 4951 7817 3412 9584 3902 8461 5414 5365 5087 7529 6186 536 4876 2438 7152 4318
4
7506 2742 9527 3421
15
768 9936 3873 8314 9500 1973 9302 1390 2739 4383 6263 8058 4145 5387 4225
68
5823 1788 4256 9499 1952 174 8613 2045 5386 1575 3671 1765 7926 7933 1181 4055 7145 6359 8095 4082 8624 9469 9947 2851 4131 6118 6149 2811 1064 5720 2355 6449 3599 3571 9682 8506 4126 173 8084 7304 9126 7688 706 4922 7999 4678 7369 355 8524 5332 9939 8576 5271 8546 3813 8527 5288 2089 5225 252 6613 3132 5510 579 1863 3268 1168 15710
19
7514 2926 6546 3517 7652 6036 5726 8583 1963 3552 7025 5587 4740 3808 1430 4402 4292 6937 14406
91
9933 452 9774 9917 4696 8390 7527 2970 796 3550 2578 4321 5702 6182 9701 2103 8390 6162 422 64 8438 9564 9679 4534 7294 5019 1229 7343 2520 4821 5797 5675 7951 4858 1317 8509 8245 2494 7374 7730 8886 7063 8780 6498 689 9481 4077 2172 9844 7648 942 2913 574 7096 9702 709 2105 8409 4876 2367 159 5620 4990 3923 6503 4165 5632 4613 9666 8581 1574 6073 3930 2352 1487 6828 6516 7274 2674 8268 5357 6322 5811 9741 3068 3766 910 1579 4680 4655 686
15
6628 9947 3009 3041 518 2866 5854 1207 836 6256 893 583 7246 9560 1850
59
1991 5346 5607 1511 1656 6158 7244 9035 95 1488 8830 2293 1296 3955 3418 3455 904 5646 1299 5475 8140 1541 4074 9816 3059 4544 6362 1878 5453 6081 4050 2804 1618 4232 7550 7510 1013 1246 1693 8391 5944 7603 2345 2001 4247 2714 5105 524 8023 4007 7066 2638 2103 9062 346 2189 8602 5496 8900
51
9162 6028 1139 7420 9770 1878 3111 5426 6449 70 3188 3196 6226 8511 2652 583 6947 1164 9642 7776 5448 4173 5833 5920 5886 2029 7750 3100 809 9376 1427 2356 3351 2297 8826 5765 1713 147 6021 2224 4794 1077 5480 6623 1772 7600 9815 3810 5487 8679 280
88
9243 3189 2146 2138 6029 2139 9247 1524 4264 8339 9565 2490 6639 9849 7665 9519 902 3203 4769 4367 1662 5966 2728 8587 5936 9922 4222 8686 4567 7331 4811 6534 4256 9141 9498 324 2184 2911 1133 9048 315 9267 9244 5805 951 6724 6817 8593 1292 2493 1278 5717 4730 2941 5472 3801 1426 1620 849 3962 7518 2239 4322 661 1946 3357 2737 3511 6500 7798 4758 8782 7574 3050 1973 5435 7131 5053 4042 1176 8509 5595 4814 965 3205 6877 2283 10691
18
423 5853 1105 8143 4626 8565 5705 574 8233 8809 9307 7311 8762 953 1420 2985 154 15964
84
8219 7105 8935 1650 3462 4070 3407 4048 7625 7177 5015 2663 7652 5871 5594 1899 8038 7129 4275 8044 4997 8138 7980 5810 1308 4040 5547 587 3517 9899 9936 9339 9389 8535 536 3575 6559 9355 4636 1670 4849 4811 7641 7262 613 1373 2186 1473 2248 2185 9592 5401 9980 2293 3220 3976 6732 349 955 3764 645 2959 1538 4917 7 2917 9165 9187 9525 4288 9544 6876 3134 7750 9514 1267 9537 5253 850 127 7619 3605 455 816
84
1684 5574 9926 5143 9564 5614 2236 8616 8110 2394 5044 2175 7083 5501 7128 5005 8294 2010 2836 7637 6282 5276 4671 8993 3611 5431 7727 9831 1292 1377 6105 7433 8560 5597 3298 4977 6235 3255 69 4523 7455 9620 9487 9025 292 4211 2721 6365 1649 7321 2271 5808 187 3283 7864 3596 6983 7720 8956 7397 665 903 1243 341 9893 8128 7973 3445 3693 9950 3961 7073 2028 1798 2694 189 2469 5679 7762 354 6576 4094 2956 8877
50
2241 38 1331 2106 245 291 8283 4840 7770 357 8967 9465 5982 891 3759 3217 1374 8794 4427 4630 825 2354 4878 6479 5468 6050 3903 8036 8924 5532 9292 5739 108 5199 918 8860 4361 9499 5684 6753 987 1400 6299 2581 5728 670 1495 604 2432 2102
53
5738 7103 7433 6670 5532 4080 2046 1619 2231 7672 8285 7126 9644 7757 9539 4499 8435 9423 2013 9848 96 8269 101 5257 2225 3600 3418 8204 9452 3328 4640 6207 6007 5834 1129 5692 8987 7415 2747 7552 2458 1043 4382 3471 2938 3937 6804 4723 6223 5793 8706 7172 16265
96
326 2154 2321 3166 556 4397 4032 3150 7796 1674 2500 7733 5804 3560 5520 7568 1762 6501 4731 335 7259 3237 1634 796 5802 9795 3510 2763 1008 83 2656 7632 9536 2588 1088 4734 4962 7148 2319 2404 7911 5234 962 7994 6827 3143 9749 5673 7455 3393 2525 6332 7240 6472 7708 8780 3499 7030 7380 698 5171 7304 735 2462 9041 5064 1750 3418 7995 1987 8307 1132 6156 976 6565 6472 5125 4538 9949 5016 9781 2600 3498 67 3852 3490 8826 7184 558 7777 8950 8543 2515 2130 8357 1531
33
5339 3396 9292 7135 5088 3270 9064 5056 2388 4111 804 7133 8652 5457 190 4667 7128 1909 7986 6944 5768 2553 8978 3816 9934 8404 6360 143 5494 6937 6099 331 694
6
8324 3858 8002 4959 7909 15726
3
5197 8777 3825
36
3621 2839 1210 5205 5500 2684 3495 978 7227 839 8744 9403 8452 84 2846 2996 8754 6995 7142 4442 9450 219 2882 8298 5543 9308 7198 4104 5135 3500 3635 5823 7486 8623 4392 1771
45
1703 8458 3824 8508 3557 2950 1058 2923 9300 5762 2395 2091 235 1925 1381 2765 931 6308 9480 4051 4196 8221 7782 1025 8129 2829 1226 6566 113 2414 6726 4830 4358 4431 1041 2457 3558 639 1074 1615 4808 1288 2592 8761 5682
5
4872 4039 3629 6017 492
7
5281 5305 8652 1951 7638 5896 11413
60
7784 1987 5644 8755 7640 9796 6391 1816 5137 5639 3622 9286 5897 9647 4980 4665 7362 8393 4377 5314 8954 3095 7020 6553 691 675 6207 4494 7130 2876 5595 6313 2961 2152 2810 9926 6221 5965 5238 3775 4266 2740 4617 1933 9852 1095 902 9536 8566 395 9046 8943 7501 1436 6402 3092 7850 8372 6615 10662
63
2149 1194 4945 5551 8893 9931 9916 3551 6165 3945 5716 7435 5433 4999 4445 2795 8277 342 8953 2275 6241 7136 4030 5892 2809 7815 6893 2055 49 8878 458 2457 4545 2928 4829 1668 1060 7995 7983 7715 322 3917 8677 9210 4368 3278 5442 5577 9486 2040 8799 5172 5064 7744 7138 3965 5830 3490 5325 1820 4849 1030 3587
86
8308 2586 5252 792 2207 1988 677 7811 3749 7620 4867 5586 4928 4145 3454 579 8892 1449 4829 6791 3192 9380 8976 4691 133 4843 4749 4046 9809 3706 4467 8448 2811 7286 2873 9020 9144 2259 8906 4032 9269 273 1369 2233 1411 5031 5282 3537 1279 4061 5570 3413 5567 903 5004 6180 487 7684 3640 5448 1308 2763 9309 5734 8491 3332 7578 9384 8749 4824 9629 3637 2622 446 4768 6327 1786 733 5691 9156 2318 5482 2347 607 66 5525
