50
2 6 6
1 1
3 320 2
2 3 4
10 1252580 1252580
99918 99938 99976 99947 99925 99964 99933 99983 99911 99919
10 100000 1570811
97 99 97 101 99 100 100000 102 104 99
1 246024 246024
61506
10 1000000000 1000000000
99908 99933 99946 99922 99949 99954 99913 99935 99951 99982
10 104934 5264712
80634 90380 22605 94502 53419 12978 52714 29316 53981 38519
10 91657 6564727
82447 91269 67848 24472 82606 80939 44889 18269 8899 46615
10 63928 5945502
51908 24290 3964 41055 44428 50545 21824 96444 37690 59026
10 1846719 226721
83103 3873 19756 38328 33415 74205 30264 22527 51683 84597
10 3976769 111546
39121 45445 20980 14650 59071 46 61622 75035 64507 83134
10 583578 589577
58026 9185 71928 35821 51385 29409 30122 50437 2676 70936
10 5985165 90790
49634 31414 85128 79279 99449 10255 49133 70666 14098 3068
10 277420 2629214
20612 59731 68523 46133 17757 94563 74139 90550 87550 70711
10 1152806 537377
10657 43293 36783 68197 9191 92666 82585 38784 72702 95733
10 143213 4523996
53954 67663 98094 58274 24619 97212 46845 74564 11681 52836
10 4733485 94474
33896 30636 89120 16129 11297 22825 68004 43327 80290 67690
10 2045852 197688
2311 82578 93015 42597 65508 36532 7903 28152 5100 44156
10 7171142 96680
79700 84823 52647 74895 5535 44260 29947 97951 92969 32936
10 2386406 209094
9596 99409 2039 95207 43564 23450 24061 19461 96495 2610
10 2169405 142087
57273 8231 41331 30663 54309 50360 2707 58447 48775 48363
10 224967 3274346
13450 43265 3855 87165 83098 78257 43889 98723 83690 74319
10 318426 1901655
7425 56472 40269 36574 99195 51718 55787 91495 47431 78093
10 61278 5126698
30197 61289 29222 36203 23798 39527 40057 41595 27303 83414
10 91740 4435091
50619 69806 18621 91444 16084 3544 17237 6990 10442 95038
10 7169598 109881
16373 40228 78940 98175 89914 56523 86552 63398 35487 91365
10 107315 3799888
55275 76995 11967 87710 21375 38329 7138 7532 10934 83590
10 126966 2348328
76792 52801 26751 22463 16563 21272 16198 57516 44068 53262
10 189444 2943917
73250 56839 22045 58853 87227 22528 65666 71316 29182 67772
10 4238384 109176
29079 54874 1243 13030 66702 59466 6949 97359 70608 54149
10 68061 6309204
34632 52614 38210 92085 25398 14999 27721 78313 49765 56406
10 1355633 355318
85024 61340 37036 7192 55631 17826 61219 77811 55961 43625
10 173874 3240417
40491 64295 88837 55859 40567 89693 18803 32816 87769 16080
10 89838 4968183
65193 57671 9232 12148 60609 13523 17647 59355 77971 82674
10 6755348 91232
95412 98367 44237 63613 69367 28877 15901 67623 54846 31182
10 3314731 200055
75297 59004 37961 85358 14689 49320 62353 68235 68031 92290
10 518505 1012367
9133 94435 75678 4375 44726 19915 9153 65143 62183 89880
10 107676 7621156
89099 56028 90808 64024 24111 93988 71735 69343 95064 20299
10 206146 1777903
55353 44747 37543 29193 65473 97883 36031 21222 3708 19349
10 4723802 102727
255 17821 89844 22631 53056 11156 56566 61578 80677 74506
10 227585 2156866
32738 37016 11810 23727 36498 6726 86667 81244 82604 76110
10 2851365 113090
36180 43452 34849 91415 18360 14627 18420 53609 27037 57140
10 85803 4953919
46981 56999 53981 24075 41498 44815 21244 83996 62212 54799
10 108844 4774747
28345 95259 72747 76746 38036 15994 11595 20464 41975 89485
10 97729 3965390
7803 33876 52314 61656 18589 6858 86895 65652 55256 40220
10 858060 845532
87889 52634 42276 99050 59545 14226 94308 94302 26648 43010
10 76073 7143931
69299 60334 65205 59723 73003 9950 84488 41669 40974 48526
10 890243 456211
68195 26964 21635 57542 45738 67187 51786 2729 50401 69737
10 1044554 500557
68151 832 59859 14128 89050 15876 43678 29328 77517 88879
10 5862976 99321
40495 72357 5605 83428 80700 79072 41546 80556 14583 44846
