20
1000000000 100000
1 1 1 1000000000
232959116 56689
4 9 1 999903057
977365070 59489
8 5 9 999966210
1000000000 100000
99999 1 99999 100000
112 73
1 5 3 64100
186 75
68 16 539 186
177 73
7 7 5 56401
1000000000 100000
1 1 0 2
73 26
5 8 4 54214
1000000000 100000
999999999 1 999999999 1000000000
220 88
1 8 3 58265
22 21
1 4 869 22
198 81
8 5 7 83495
82 81
58 56 739 82
693840425 90561
2 6 7 999957328
714311129 39521
9 5 9 999998192
840698758 13331
8 7 10 999955808
1000000000 1
12 7 74 12
497151700 96511
9 7 6 999919625
131 74
1 9 10 78736
