100
2
11
10
2
10
00
3
000
000
000
1
1
3
000
110
000
4
0100
0100
0100
1001
4
0000
0010
1101
0000
4
1100
0100
1001
0000
4
0000
0000
0000
0000
4
0100
0101
1000
0111
4
0010
1001
0010
1001
4
0001
1000
0100
1111
4
0100
1000
1010
0000
4
0011
0011
0011
1100
3
000
010
000
4
0101
1010
0010
0001
4
0000
0100
0101
0001
4
1100
0011
0000
0000
4
0010
0000
0010
1001
4
1100
0100
0000
0111
4
0100
0011
1000
1000
3
100
000
001
4
1110
0001
0001
0001
4
0101
0000
0101
0101
4
0000
0101
1100
0101
4
1011
0011
0011
0010
3
110
001
110
4
1101
1101
0000
0010
4
0101
0001
0000
0001
4
0100
0100
0100
0100
4
0000
1110
0010
0000
4
1011
1000
1101
0010
4
1111
0000
0000
0000
4
0001
0001
1001
0110
2
11
00
4
0000
1000
1000
1000
4
0001
0000
0000
1100
4
1110
0000
1111
1011
3
101
111
000
3
010
000
101
4
0000
0100
0100
0000
4
0011
0001
0000
1100
4
0000
0000
0000
0110
4
1100
1011
0010
1000
2
10
01
4
0100
0011
0001
1100
4
0000
0100
1100
1100
4
0000
1100
0100
1100
4
0101
0101
0101
1000
3
001
000
101
4
1010
1000
0101
1000
4
1010
0000
0111
0000
4
0000
1111
0000
0111
3
000
001
001
4
0100
0100
0010
0010
4
0100
0010
0001
0010
4
0100
0010
1000
0000
4
0011
0100
0001
1000
3
000
111
000
4
1100
0001
1000
0001
3
010
101
110
4
0000
0100
0010
0000
4
0110
0000
0000
1100
4
1000
0000
1000
1000
4
0000
0011
0000
1100
4
0000
1000
0100
1000
3
110
110
100
4
1011
0000
0100
0100
4
0001
1100
0001
0001
4
0100
0000
0101
1010
4
1000
0110
1101
0001
4
1110
1111
1111
1111
4
0000
0110
0000
0110
4
0000
1101
0000
1001
4
0100
1101
0010
0010
3
100
100
100
4
0010
0000
0000
0000
3
100
011
100
4
0001
1000
0010
0010
4
0000
0111
0000
0000
2
10
11
4
0000
0001
1010
1010
4
0000
0101
0010
1000
4
0001
0001
0001
1000
4
0011
1011
0100
0010
4
0100
0010
1000
0001
4
0000
0111
0000
1010
4
0111
0000
0000
0001
3
100
001
001
4
0011
0010
0011
0011
4
0001
0001
1000
0110
4
0101
0010
0010
0010
4
0100
0100
0110
1001
1
0
2
10
10
2
00
00
3
100
001
010
4
1000
0101
1100
0010
4
0001
0001
1110
0001
4
0011
0001
1100
1100
