100
3 1 5 15 13 11
3 0 8 23 22 21
2 0 8 21 24
3 0 6 15 15 14
3 0 0 17 8 1
2 1 9 20 26
3 0 1 18 18 23
3 0 9 5 23 24
2 2 7 28 11
3 0 5 13 5 30
1 0 1 0
3 0 8 7 17 21
1 0 7 2
1 1 4 7
2 0 5 27 3
3 0 9 24 5 23
1 1 1 15
1 0 10 27
1 0 3 30
2 2 6 28 12
2 0 8 21 28
3 1 8 30 3 5
1 0 10 30
3 3 6 5 13 22
3 0 0 30 30 30
1 0 8 20
2 0 3 20 16
3 1 2 3 9 2
1 0 10 26
3 0 6 14 8 14
3 2 1 2 13 18
1 1 2 22
2 1 6 20 24
3 1 10 26 0 27
2 0 5 12 11
3 3 5 22 17 12
1 0 0 15
2 0 6 23 14
3 2 2 22 7 15
3 2 1 24 0 11
3 0 1 28 14 25
2 2 6 15 20
1 0 2 3
2 0 8 21 20
3 0 5 0 12 0
3 0 5 25 25 7
3 0 9 27 22 3
2 1 4 11 15
1 0 9 1
2 1 9 8 27
3 3 4 4 17 15
2 0 1 3 18
2 1 10 25 30
1 0 1 13
3 3 0 20 26 5
3 2 10 4 9 18
1 0 10 30
3 1 4 9 9 9
3 1 9 24 23 23
3 2 10 9 12 4
1 0 4 24
2 1 10 30 23
3 0 2 6 22 1
2 0 10 21 2
1 0 3 5
1 1 0 26
3 1 3 5 9 5
3 0 4 8 8 9
2 0 6 6 15
2 2 2 15 9
2 0 3 21 5
2 1 7 27 28
3 0 8 9 3 21
3 1 3 6 5 30
2 2 0 24 2
2 0 10 2 15
3 2 2 7 1 15
1 0 4 8
1 0 10 17
1 0 10 23
1 0 4 5
1 0 8 12
2 0 2 2 2
3 0 4 8 6 4
1 1 4 28
2 2 1 9 10
1 1 6 8
1 1 2 21
1 0 6 14
3 1 10 30 28 4
3 1 6 15 15 14
2 0 7 10 17
3 2 2 3 3 3
2 0 7 17 17
3 1 6 14 24 14
2 2 0 18 26
3 0 0 0 0 0
3 0 3 5 5 0
1 0 6 14
2 1 6 14 14
