50
852 897
1000000 1000000
1012048 1976664
3745 5600
2176 9539
1080945 1979958
1098413 1938463
1391 7578
74 80
1079301 1968237
1275988 1742563
1041910 1961253
1081627 1944857
1030327 1951684
1289432 1852118
58487 59695
1087121 1995414
29861 83414
514 693
1000412 1930022
1046841 1904629
1097745 1991707
10000 10001
306588 957975
1071939 1971575
1098766 1935983
101904 706409
28 31
1424639 1831546
354116 354116
1289416 1986125
1000000 2000000
344152 755791
19354 98428
410677 416915
1929893 1929893
1098786 1218840
18849 99872
1000 9999
1053383 1907516
1074071 1901515
1094 2799
27760 86401
1269094 1934743
4 4
764 788
1092342 1919529
598996 724901
1761080 1884749
547226 852005
