100
8 544
194 431 272 401 343 268 352 184
8 691
357 41 30 234 21 196 270 331
10 22
7 8 22 18 9 7 6 1 13 12
8 306
158 174 159 257 128 181 210 247
7 210
189 80 101 186 43 185 131
9 625
160 322 519 244 519 585 585 207 322
6 262
141 246 157 139 209 228
10 599
589 49 519 315 346 288 545 75 588 538
8 68
38 30 29 45 62 39 6 23
1 476
331
6 682
288 288 410 671 410 671
10 235
161 135 200 165 224 109 193 136 210 95
9 624
147 264 123 190 246 71 99 413 169
10 272
111 32 58 176 24 188 88 138 127 253
7 548
165 541 255 255 541 524 541
9 556
94 486 239 361 348 161 207 42 49
10 356
205 110 135 105 78 192 27 211 269 252
10 474
258 83 307 142 91 61 378 282 107 130
10 378
82 339 55 284 141 208 234 175 222 201
4 288
142 270 116 122
10 370
246 50 132 180 325 214 279 198 56 36
5 279
273 183 201 259 141
3 75
15 37 10
6 499
458 494 216 429 307 198
4 233
140 81 186 199
10 202
106 192 115 76 193 45 27 172 27 101
10 31
11 8 3 19 26 15 4 3 23 21
6 537
102 514 23 518 19 435
10 692
52 36 305 308 59 670 533 238 678 609
7 540
280 105 393 185 185 105 185
5 340
307 320 261 328 277
10 323
238 202 169 212 124 297 154 140 268 248
6 496
278 46 475 420 318 172
9 424
170 193 285 258 167 180 345 153 213
6 148
106 97 42 51 5 143
8 312
134 203 127 262 242 187 123 277
5 477
225 214 335 339 384
6 142
100 119 24 46 43 97
10 439
396 20 174 21 330 268 100 352 127 423
10 564
449 349 34 67 507 471 500 289 157 185
10 577
541 254 251 541 178 168 178 254 106 168
5 605
409 508 366 448 323
10 221
167 211 52 219 124 213 11 13 105 115
6 333
257 192 141 76 121 212
10 686
291 81 620 95 331 346 93 367 283 245
1 534
211
3 638
325 316 416
10 244
142 189 39 7 166 57 26 62 90 192
10 546
162 341 162 51 484 484 51 282 120 120
7 140
3 110 91 35 61 132 17
8 69
12 7 21 48 57 62 58 11
5 192
63 119 53 166 157
6 436
416 20 401 35 155 281
10 186
124 107 114 21 19 56 145 128 152 70
4 283
264 247 28 270
3 403
379 174 134
10 700
399 412 315 675 351 586 646 314 269 363
10 25
18 16 9 2 19 19 13 2 2 20
10 642
220 567 195 635 6 563 237 122 211 189
2 108
66 80
10 449
386 36 325 80 16 444 382 298 407 111
9 496
425 244 393 230 348 325 469 464 427
10 583
458 297 260 2 498 328 563 394 72 68
8 258
158 100 161 137 57 97 201 121
10 543
302 77 337 280 143 160 440 1 299 25
8 520
324 319 415 474 274 504 489 248
9 356
297 215 320 204 194 292 159 218 326
10 357
211 183 156 279 85 23 314 166 120 310
6 558
326 442 403 232 116 155
8 113
95 5 99 9 14 43 41 66
7 685
406 608 254 594 381 264 464
10 57
17 14 21 27 2 37 16 47 38 45
5 695
690 691 535 483 514
7 374
87 51 191 191 340 51 51
10 85
49 15 58 41 50 19 69 63 27 5
6 616
318 145 495 54 200 474
10 1
1 1 1 1 1 1 1 1 1 1
10 362
139 224 154 79 262 284 276 101 209 87
10 509
126 193 158 341 420 86 140 495 432 78
5 558
386 470 175 385 239
9 362
167 319 317 319 167 317 317 218 218
6 593
525 51 391 68 542 202
10 494
493 44 472 105 411 364 231 282 77 232
4 547
355 184 316 289
10 147
61 19 21 16 65 97 47 82 17 100
8 641
541 556 438 233 272 617 638 451
10 678
571 566 601 576 571 630 576 630 577 576
8 471
173 312 130 138 396 3 8 340
10 343
241 170 327 49 63 252 147 151 7 267
9 296
230 253 279 245 263 291 270 230 278
10 517
97 308 63 84 298 282 3 44 305 75
4 359
226 290 316 179
9 78
50 74 54 13 30 9 9 47 2
6 383
214 214 382 15 382 214
10 700
1 1 1 1 1 1 1 1 1 1
10 192
2 48 38 164 192 156 1 45 119 55
1 464
407
6 225
144 172 54 55 82 171
8 120
79 66 70 7 11 102 80 115
8 64
45 58 6 51 43 21 19 13
