100
10 662
335 56 33 395 375 148 326 33 208 324
10 551
442 496 296 84 85 458 345 152 200 191
10 677
21 410 174 308 100 208 635 30 576 466
10 624
184 14 427 306 5 486 97 577 162 172
9 625
603 576 603 112 33 112 112 576 112
8 161
75 47 87 54 105 57 108 115
6 626
389 283 440 296 396 271
7 676
558 317 302 317 115 558 317
3 87
86 8 20
10 208
143 69 49 174 184 108 64 129 100 184
4 136
119 102 48 61
10 493
294 359 230 156 445 108 246 369 349 97
10 521
467 480 440 28 181 62 17 224 175 184
7 135
133 120 107 62 109 126 74
10 128
124 9 126 50 46 101 123 114 55 98
10 638
477 592 497 629 448 500 293 339 332 494
7 270
219 106 147 38 222 159 244
10 617
72 345 212 200 580 375 508 375 509 33
10 524
64 513 405 141 82 519 298 243 470 502
8 350
195 108 155 115 52 242 235 298
10 95
18 51 67 88 31 23 75 26 7 64
8 378
373 110 373 221 373 170 277 221
5 676
222 550 22 266 459
10 526
230 522 385 225 512 244 293 416 279 310
10 418
134 144 235 281 153 415 356 212 368 205
8 191
4 72 119 187 12 41 150 179
6 453
397 103 47 350 56 406
1 636
195
1 165
160
10 663
152 107 438 290 525 399 236 111 105 391
8 461
361 426 315 388 323 360 422 383
10 571
439 75 535 418 292 547 489 396 383 467
3 401
224 161 282
10 700
1 1 1 1 1 1 1 1 1 1
10 488
234 13 401 155 146 94 32 305 415 355
6 656
527 283 560 628 381 501
10 295
155 80 265 234 119 30 61 140 215 176
5 62
54 50 31 24 31
10 565
6 346 6 131 131 15 131 15 531 15
8 356
293 125 5 5 5 61 293 293
3 260
140 138 155
1 335
330
10 418
208 241 345 241 340 140 209 330 390 388
10 681
595 665 271 573 340 136 660 396 591 344
10 609
505 392 254 115 592 312 99 424 564 201
8 259
129 130 233 208 26 204 55 51
10 529
186 174 224 14 310 444 112 327 125 505
3 634
415 251 532
6 460
214 362 459 312 298 316
1 642
133
10 326
36 98 235 142 317 83 224 192 62 179
10 149
108 131 130 77 38 109 61 19 20 93
10 590
268 319 70 332 465 77 104 190 507 27
10 394
286 317 372 73 57 201 239 132 139 42
10 594
375 335 331 492 68 471 573 400 343 189
5 243
49 6 119 197 222
10 8
1 7 4 2 2 7 4 7 8 5
6 507
28 337 337 241 337 28
5 413
408 408 346 298 346
7 419
319 247 296 266 190 334 267
5 489
106 386 361 269 61
10 349
156 175 185 190 254 67 113 56 108 138
9 385
316 317 238 185 204 308 134 298 281
8 631
624 512 570 491 472 485 430 510
10 125
83 31 29 102 124 109 97 74 119 107
10 236
125 171 225 55 31 169 93 90 123 169
3 273
253 230 95
10 576
449 206 449 452 514 496 219 404 402 493
10 468
203 309 148 126 344 1 44 26 186 120
6 561
486 549 12 113 75 448
10 43
3 10 35 6 32 3 21 32 11 7
8 633
401 277 524 233 540 544 540 624
8 133
49 95 67 38 66 62 71 84
10 1
1 1 1 1 1 1 1 1 1 1
7 582
570 87 471 523 112 135 499
1 44
7
6 567
131 42 311 42 76 42
6 638
232 65 246 251 184 613
6 28
5 24 23 6 10 19
10 286
94 99 12 217 103 100 95 24 72 197
10 353
353 316 188 201 237 309 152 247 320 332
2 617
165 56
4 622
181 83 44 154
10 556
419 511 393 475 477 499 513 414 476 493
6 53
52 15 13 38 1 40
5 324
228 241 299 33 8
5 330
310 132 260 299 167
4 268
185 132 109 99
3 298
162 166 202
10 1
1 1 1 1 1 1 1 1 1 1
9 616
555 434 19 555 479 164 164 434 298
5 190
106 45 67 108 73
8 263
205 259 158 105 58 220 43 4
8 127
94 61 62 93 34 66 67 35
9 459
449 392 345 182 444 184 203 440 224
8 428
331 299 346 348 269 155 144 328
10 197
163 97 67 171 100 127 130 70 26 34
5 343
212 190 314 226 201
10 658
214 69 490 277 163 462 345 218 534 572
6 516
269 408 430 269 269 269
