719 181 80 99 865 221 345 881 565 158 
117 52 82 453 461 561 924 51 178 774 
499 309 706 12 532 496 169 184 596 591 
577 428 402 291 252 544 735 545 771 34 
Not enough observations
437 370 75 142 741 46 328 433 773 68 
Not enough observations
Wrong machine
35 188 23 845 368 520 198 280 973 598 
96 522 713 79 701 58 479 559 161 68 
271 614 979 74 762 740 272 167 572 45 
854 5 362 383 865 738 326 916 904 102 
Not enough observations
Wrong machine
127 654 591 954 270 340 110 917 31 941 
644 499 307 244 454 178 463 139 35 315 
863 914 332 914 352 538 579 357 505 427 
Wrong machine
493 61 44 54 688 821 37 868 201 56 
439 260 68 165 938 320 741 792 232 981 
