1000
71 81 41
49 97 30
23 34 79
30 57 67
99 8 47
80 33 25
16 53 10
84 53 47
12 9 17
91 96 80
41 58 27
82 86 16
31 15 100
78 53 78
13 35 36
33 58 9
92 100 81
59 43 87
72 68 30
83 45 78
68 88 5
10 28 72
91 83 54
25 69 7
79 87 63
53 77 48
52 68 11
100 91 18
11 73 54
93 8 68
34 74 94
97 61 94
96 28 17
55 98 32
16 35 59
9 77 77
66 25 14
8 88 1
10 67 92
33 12 86
47 66 45
7 62 58
62 67 78
79 69 11
5 36 8
58 36 22
21 63 84
2 35 88
33 36 11
73 91 41
4 99 34
46 60 87
25 18 17
51 46 69
41 12 92
69 96 3
61 87 41
81 69 83
82 35 76
73 5 80
58 12 24
98 55 70
41 54 55
17 89 70
61 89 91
56 80 4
11 30 40
75 2 67
75 71 84
62 48 83
67 43 20
72 45 65
8 64 34
30 15 68
31 43 35
69 26 21
98 29 77
4 25 17
35 64 17
8 20 80
34 15 71
73 4 82
42 12 84
98 57 37
36 4 21
89 48 41
38 73 58
67 94 53
99 58 92
17 32 44
100 60 84
39 5 87
78 56 13
18 75 3
51 61 55
36 87 6
43 19 26
13 21 19
56 65 95
55 83 24
53 76 77
49 32 95
2 76 15
45 12 15
19 32 19
19 67 40
23 58 58
53 52 65
12 39 71
1 69 27
67 10 77
50 20 90
59 98 12
87 21 91
73 43 35
11 60 98
100 17 30
71 28 11
73 94 45
91 41 56
45 24 72
5 34 58
38 8 35
47 71 80
70 93 6
37 2 41
46 60 37
77 46 25
52 90 42
96 100 18
21 17 22
52 36 12
12 8 16
46 65 73
3 66 73
75 97 59
74 73 98
93 85 66
24 57 9
32 67 10
12 98 95
86 92 88
33 60 68
43 89 76
28 9 52
91 5 25
68 82 88
92 40 17
63 38 11
22 45 39
85 68 41
42 67 86
67 60 99
1 97 39
7 56 41
76 9 32
1 23 57
20 2 14
24 24 77
31 90 6
14 65 87
2 47 93
20 46 23
7 38 80
95 53 33
57 75 37
98 23 27
96 55 72
59 19 85
30 60 84
54 83 44
45 94 28
4 79 33
93 40 71
56 44 57
68 13 87
85 85 34
17 46 54
43 9 84
61 55 7
5 21 40
44 60 67
29 21 13
66 19 66
75 46 17
100 89 79
22 21 46
99 77 4
77 41 62
58 58 81
23 76 96
85 2 99
32 15 55
54 72 3
56 35 42
47 74 14
97 14 17
80 94 17
44 65 58
54 13 86
82 70 56
22 64 65
87 47 83
1 12 64
43 41 16
57 66 7
60 57 42
16 96 54
93 62 100
8 3 76
44 71 96
75 37 68
18 66 28
17 52 13
82 77 39
96 46 9
13 62 100
57 59 38
1 22 6
93 24 72
50 82 26
84 74 99
98 31 67
19 41 36
99 97 98
75 96 31
100 70 91
44 88 41
15 28 37
5 47 66
70 42 40
55 37 9
22 20 89
61 12 61
26 2 42
39 12 84
99 95 91
7 29 92
81 64 71
100 37 76
57 53 73
38 87 35
72 69 8
74 98 45
45 54 78
73 60 73
68 47 78
84 93 54
25 60 20
16 15 64
79 6 30
41 87 80
12 33 57
4 11 83
94 30 5
67 5 11
2 32 95
88 56 9
89 37 94
31 30 58
84 75 56
48 86 21
25 43 87
13 28 46
46 26 68
85 16 71
7 13 7
87 37 94
60 4 61
6 68 91
70 25 2
17 55 29
33 69 55
40 32 40
93 68 55
43 82 22
48 21 33
53 3 4
91 22 82
98 80 87
85 71 33
100 97 2
4 8 40
8 92 17
40 67 34
2 36 39
14 10 10
41 48 10
42 67 14
94 13 95
57 98 14
70 100 38
87 20 40
83 81 21
33 29 79
97 44 64
7 79 5
89 74 71
57 71 100
93 26 48
12 72 83
67 3 26
22 42 25
49 79 11
10 37 85
23 65 87
100 89 76
11 92 53
41 97 37
32 81 7
39 85 37
27 63 72
75 33 74
34 66 96
83 53 23
20 98 70
45 70 62
15 29 66
88 58 41
75 93 5
13 17 1
47 2 34
7 13 96
73 7 6
17 31 57
27 69 53
33 55 85
14 30 25
27 23 72
23 79 47
100 55 38
83 89 31
4 42 74
69 25 52
96 23 79
2 64 93
35 68 35
12 3 26
45 61 96
26 63 84
52 58 41
23 68 11
64 16 62
51 36 99
33 20 79
12 83 57
61 88 67
78 12 26
9 100 8
19 38 41
15 73 20
53 89 74
7 52 70
5 47 9
43 44 59
6 54 76
10 33 33
99 70 27
13 69 20
46 71 15
90 69 60
38 4 1
79 74 13
75 97 39
34 16 89
48 62 3
65 70 12
58 86 97
98 85 64
99 10 38
83 12 56
2 72 59
6 23 99
91 77 4
38 91 22
51 34 61
67 45 63
86 89 75
75 36 52
100 33 89
16 46 80
42 93 63
96 2 72
13 55 55
0 39 48
47 88 70
35 57 4
53 80 34
86 25 64
50 69 97
64 85 30
14 89 2
60 98 27
30 74 67
77 75 53
38 18 100
23 7 57
6 97 77
27 61 19
13 64 55
36 93 63
37 87 8
12 100 82
45 19 56
7 21 17
13 63 44
69 91 72
0 65 91
58 91 89
77 88 1
19 61 77
87 93 35
59 89 41
19 57 99
52 72 19
41 97 68
77 61 9
85 86 56
35 97 48
34 26 6
37 3 58
95 20 58
42 91 58
72 83 63
36 64 15
91 59 33
31 40 41
70 87 37
3 8 88
68 23 60
35 35 60
78 12 41
84 32 46
26 4 85
62 46 8
66 75 25
38 6 39
76 86 17
6 90 18
7 84 22
26 26 94
35 16 42
21 6 39
71 35 27
6 27 73
79 4 33
41 88 72
70 57 74
63 18 95
90 93 62
68 76 65
24 29 11
13 9 38
91 61 19
13 66 1
98 69 74
83 15 78
20 11 46
44 35 57
16 48 34
12 24 3
90 22 23
0 57 27
78 92 39
55 94 1
85 73 67
10 72 100
20 60 75
44 52 32
25 65 34
6 56 93
17 79 13
54 28 31
63 4 15
95 23 15
7 55 65
60 52 78
51 82 15
15 72 4
22 15 99
75 68 11
38 100 15
25 43 2
36 61 83
46 54 18
9 67 98
37 24 17
82 65 54
78 28 15
45 58 69
58 18 38
77 23 24
76 78 55
37 87 64
46 18 82
42 33 100
91 63 31
54 84 77
54 98 4
60 34 72
37 13 100
87 22 56
71 28 4
84 63 23
74 13 7
5 5 86
57 38 52
81 40 43
67 54 42
56 22 38
51 65 58
93 21 57
91 10 23
93 73 87
5 95 26
12 55 55
19 23 85
87 70 20
41 85 26
11 83 30
0 15 62
30 41 28
84 98 25
49 22 17
8 67 44
19 53 6
14 98 61
63 74 95
2 9 3
6 53 79
91 63 85
54 86 32
90 16 86
99 99 99
100 61 33
0 27 62
72 36 27
62 18 5
44 31 91
65 91 93
55 32 37
78 31 43
87 63 13
15 27 85
50 22 39
55 77 36
91 86 32
95 11 94
47 27 41
60 83 20
79 46 84
28 96 15
64 76 28
0 89 69
100 66 13
18 13 17
48 64 69
13 99 9
47 12 95
0 71 40
8 13 21
0 92 67
5 19 45
82 94 57
39 68 89
60 5 38
30 61 23
25 12 74
43 99 74
92 10 71
13 15 75
36 98 27
47 39 84
52 91 16
90 37 82
38 2 57
87 81 48
52 27 39
59 78 24
43 24 79
2 86 38
73 66 59
1 74 53
52 20 71
26 92 27
35 81 8
47 92 81
16 58 27
88 98 52
91 48 60
81 14 29
48 100 7
67 77 35
79 100 64
2 67 55
97 37 34
34 78 21
52 22 97
46 100 80
5 77 3
84 70 75
78 21 43
61 11 61
47 32 85
39 42 75
65 42 19
34 64 3
92 82 14
86 54 55
20 18 1
88 93 40
55 68 37
80 15 95
24 8 15
82 32 14
95 21 59
9 67 78
90 58 66
55 4 97
26 54 1
13 62 69
12 88 91
76 21 60
35 72 76
8 44 91
42 13 34
29 11 42
54 70 59
93 28 75
34 9 32
91 25 16
36 32 85
82 42 37
61 29 41
13 78 5
54 36 40
59 75 48
52 56 84
100 1 1
49 78 52
22 95 30
37 56 98
7 83 47
50 95 41
10 19 4
49 34 10
29 2 60
29 21 89
82 89 7
22 61 99
82 87 30
51 32 31
38 15 17
51 26 61
59 75 32
71 8 8
51 61 95
51 9 46
66 96 69
16 66 92
63 93 100
82 28 71
94 20 21
90 67 82
7 29 86
70 72 24
58 99 46
79 94 60
87 15 84
56 91 37
23 3 100
91 2 82
3 40 45
19 32 69
30 17 52
0 44 99
76 58 19
10 33 56
13 9 61
47 88 38
85 73 70
54 53 91
30 65 81
14 36 81
23 24 41
50 22 86
87 78 17
95 59 36
38 20 36
18 18 95
92 4 28
25 47 39
52 39 2
57 28 81
86 41 9
71 76 48
97 10 91
16 81 80
98 6 75
85 93 63
98 39 27
1 42 57
48 100 27
91 65 22
31 9 97
88 27 3
82 45 77
19 95 1
22 28 37
61 85 22
72 9 77
18 69 54
84 90 42
42 58 87
96 95 29
15 48 19
94 6 97
40 87 59
7 52 33
65 77 76
79 37 2
5 66 37
81 4 75
35 29 87
63 73 6
99 61 22
68 31 60
77 46 98
28 62 38
67 53 15
50 42 68
44 7 12
77 89 75
33 44 96
9 3 8
40 29 19
80 66 44
85 55 91
57 58 89
2 20 12
30 9 85
43 97 35
81 53 85
1 87 21
78 23 25
8 100 13
31 9 91
18 82 44
55 93 15
96 74 56
45 39 5
99 35 58
96 97 9
48 59 23
5 92 68
8 34 45
53 97 9
92 67 54
95 62 96
21 99 3
30 5 25
84 26 67
54 8 62
51 52 94
38 27 52
7 34 65
38 13 25
3 82 67
18 95 60
84 71 12
81 88 84
5 100 52
47 85 3
66 20 11
0 55 55
90 24 63
91 10 57
87 28 17
75 79 54
35 73 75
79 12 10
99 62 71
40 47 81
32 27 27
33 34 86
90 72 20
67 60 11
37 92 57
77 18 99
39 39 55
42 62 90
39 81 80
74 35 78
79 13 6
52 33 14
53 46 81
11 45 87
17 8 18
44 33 42
80 80 99
83 62 4
77 28 9
100 90 10
14 81 78
62 86 17
55 71 19
80 5 56
74 92 31
64 82 82
44 19 7
21 60 67
71 75 75
42 35 78
84 79 64
38 3 52
90 76 61
78 22 46
53 90 67
93 6 84
68 63 40
73 44 1
78 84 95
57 10 21
27 97 67
72 17 12
15 100 82
21 52 78
52 68 7
60 86 100
4 62 87
18 22 25
6 74 68
84 18 41
54 31 99
17 53 33
29 90 66
67 83 21
44 27 57
95 61 13
75 30 25
34 44 91
82 2 69
83 41 63
56 6 32
16 12 2
57 76 70
35 71 80
82 19 81
79 67 41
0 42 24
59 30 79
48 77 79
81 45 30
80 25 64
40 31 94
45 24 7
100 18 7
2 21 41
22 41 17
93 79 38
15 14 85
74 32 14
0 33 60
30 44 90
28 37 95
50 65 61
32 98 7
33 24 78
81 13 32
61 71 58
97 70 4
100 84 72
34 27 91
6 45 79
78 28 94
9 76 39
33 84 61
41 67 73
65 18 82
20 46 39
20 94 40
30 94 18
75 52 73
20 56 69
16 39 79
21 66 14
34 38 11
10 9 17
23 74 80
1 7 59
24 60 67
1 28 70
1 13 64
55 82 52
85 13 84
100 63 3
12 72 15
73 94 6
59 31 96
96 46 59
4 84 60
64 88 26
68 45 5
75 76 37
89 80 48
38 86 11
81 8 37
20 56 46
94 24 53
33 18 17
95 85 18
86 15 32
70 44 46
82 56 91
7 95 21
67 12 75
83 39 80
20 46 63
45 83 96
6 54 76
80 70 89
93 91 57
34 54 33
76 47 70
71 86 34
11 99 88
25 76 48
4 90 64
16 11 38
60 87 90
76 7 28
34 44 71
85 12 5
20 71 63
40 29 7
75 23 60
84 69 3
11 78 3
97 96 54
46 69 58
25 40 82
94 73 33
77 83 58
1 45 6
41 31 52
72 82 11
40 58 61
72 73 82
48 48 69
88 40 84
90 98 72
84 38 75
1 81 66
20 28 98
6 74 32
61 53 3
88 5 55
74 86 67
89 21 73
18 28 91
31 46 91
1 55 20
81 16 88
46 13 67
66 16 67
19 15 33
100 74 54
87 40 57
98 96 13
69 39 59
83 56 97
48 46 58
98 42 24
2 57 53
55 58 79
62 59 95
36 42 44
61 95 87
57 52 31
85 96 27
2 48 25
4 38 5
72 15 93
94 7 87
42 93 80
26 20 90
60 24 94
81 38 43
42 73 40
75 63 74
34 59 57
0 34 29
97 83 99
6 37 12
93 73 82
0 30 70
84 40 70
19 8 1
23 5 33
23 70 19
