100
3 3
2 1 2
1 1 1
2 1 2
5 5
2 2 2 2 2
2 1 1 1 2
2 1 2 1 2
2 1 1 1 2
2 2 2 2 2
8 9
1 1 1 1 1 1 1 1 1
1 1 1 1 1 1 1 1 1
1 1 2 2 2 2 2 2 1
1 1 1 1 1 1 1 1 1
1 1 1 1 1 1 1 1 1
1 1 1 1 1 1 1 1 1
1 1 2 2 2 2 2 2 1
1 1 1 1 1 1 1 1 1
10 8
1 1 1 1 1 1 1 1
1 1 1 1 1 1 1 1
1 2 1 2 2 2 1 1
1 2 1 2 2 2 1 1
1 2 1 2 2 2 1 1
1 2 1 2 2 2 1 1
1 2 1 2 2 2 1 1
1 1 1 1 1 1 1 1
1 2 1 2 2 2 1 1
1 1 1 1 1 1 1 1
10 10
2 2 2 1 1 2 2 2 2 2
2 2 1 2 2 2 2 2 2 2
2 2 1 2 2 2 2 2 2 2
2 2 2 2 2 2 2 2 2 2
2 2 2 1 2 2 2 2 2 2
2 2 2 2 2 2 2 2 2 2
2 2 2 2 2 2 2 2 2 2
2 2 2 1 2 2 2 2 2 2
2 2 2 2 2 1 2 2 2 2
1 2 2 2 2 2 2 2 2 2
8 9
2 2 2 2 2 2 2 2 2
2 2 1 2 2 2 2 2 2
2 2 2 2 2 2 2 2 2
2 2 2 2 1 2 2 2 2
2 2 2 2 1 1 2 2 2
2 2 2 2 2 2 1 2 1
2 2 1 2 2 2 2 2 2
2 2 2 2 2 2 2 2 2
7 8
2 2 2 2 1 1 2 2
1 1 1 2 2 2 2 2
2 2 1 2 2 2 1 1
1 2 2 1 1 2 2 2
2 1 2 1 2 2 1 2
2 2 2 2 2 1 2 2
2 2 2 2 2 2 2 2
9 10
2 2 2 2 2 1 1 1 2 2
2 2 2 2 2 2 2 2 1 1
2 1 1 2 1 2 1 2 1 1
2 1 2 1 1 1 2 2 2 2
2 1 2 2 1 1 1 2 1 2
1 2 2 1 2 2 1 1 2 2
1 1 2 1 2 2 2 1 2 1
2 2 2 1 2 2 2 2 1 1
2 2 2 2 1 2 2 2 1 1
10 10
2 2 2 2 2 2 2 2 2 2
2 2 2 2 2 2 2 2 2 2
2 2 2 2 2 2 2 2 2 2
2 2 2 2 2 2 2 2 2 2
2 2 2 2 2 2 2 2 2 2
2 2 2 2 2 2 2 2 2 2
2 2 2 2 2 2 2 2 2 2
2 2 2 2 2 2 2 2 2 2
2 2 2 1 2 2 2 2 2 2
2 2 2 2 2 2 2 2 2 2
9 2
2 2
2 2
2 2
2 2
2 2
1 2
2 2
2 2
2 2
5 7
2 1 1 1 1 2 1
2 1 1 1 2 2 2
2 1 2 1 1 1 1
1 2 2 2 2 1 2
1 2 1 2 2 1 2
8 6
1 2 2 1 1 1
1 1 2 1 1 1
1 1 1 1 1 1
1 1 1 1 1 1
1 2 2 1 1 1
1 1 1 1 1 1
1 1 1 1 1 1
1 1 1 1 1 1
2 10
2 2 2 2 2 2 2 2 1 2
2 2 2 2 2 2 2 2 2 2
8 9
1 1 1 1 1 1 1 1 1
2 2 1 1 1 2 2 2 2
1 1 1 1 1 1 1 1 1
2 2 1 1 1 2 2 2 1
1 1 1 1 1 1 1 1 1
1 1 1 1 1 1 1 1 1
2 2 1 1 1 2 2 2 2
1 1 1 1 1 1 1 1 1
10 10
1 1 1 1 1 1 1 1 1 1
1 1 1 1 1 1 1 1 1 1
1 1 1 1 1 1 1 1 1 1
1 1 1 1 1 1 1 1 1 1
1 1 1 1 1 1 1 1 1 1
1 1 1 1 1 1 1 1 1 1
1 2 1 1 1 1 1 1 1 1
1 1 1 1 1 1 1 1 1 1
1 1 1 2 1 1 1 1 1 1
1 1 1 1 1 1 1 1 1 1
10 10
2 1 2 2 1 2 2 2 1 2
2 1 1 1 1 1 1 1 2 1
1 2 1 2 1 1 1 2 2 1
1 1 1 2 2 2 1 1 2 2
2 1 2 2 1 1 1 1 1 1
1 1 2 1 1 2 2 2 1 1
2 1 1 2 1 1 2 1 1 2
2 1 2 1 1 2 2 1 2 2
1 1 2 1 2 2 1 1 2 2
1 1 1 1 1 1 2 2 2 2
9 6
2 1 2 2 2 1
1 1 1 1 1 1
2 1 2 2 2 1
1 1 1 1 1 1
1 1 1 1 1 1
2 1 2 2 2 1
2 1 2 2 2 1
1 1 1 1 1 1
2 1 2 2 2 1
1 2
2 2
1 2
2 1
7 8
1 1 1 1 1 1 1 1
1 1 1 1 1 1 1 1
2 1 1 2 1 2 1 2
1 1 1 1 1 1 1 1
1 1 1 1 1 1 1 1
2 1 1 2 1 2 1 2
1 1 1 1 1 1 1 1
2 1
1
1
10 9
1 1 2 1 1 1 2 2 2
2 1 1 2 2 1 1 1 2
2 2 1 2 1 1 2 2 1
1 1 2 1 2 1 1 2 2
1 1 2 2 2 2 1 1 1
2 1 2 2 1 2 1 1 2
1 1 1 2 2 1 2 1 1
2 1 1 2 2 2 2 2 1
2 1 1 1 1 2 1 2 2
2 1 1 1 1 1 1 1 1
5 5
2 1 2 2 2
1 2 1 2 2
1 1 1 2 1
2 2 1 1 1
2 2 2 2 1
5 3
2 1 1
1 2 1
1 2 1
2 1 1
1 2 2
9 8
1 1 2 1 2 1 1 1
1 2 2 1 1 2 1 2
2 1 1 2 2 2 2 1
1 2 2 1 2 1 1 1
1 1 1 1 1 1 1 2
1 1 1 2 2 1 2 1
2 2 1 2 1 1 2 1
2 1 1 1 2 2 1 1
1 2 1 1 2 1 2 1
4 9
2 2 2 1 2 2 2 2 1
2 1 2 2 1 1 2 1 2
1 2 2 1 2 2 1 2 2
1 1 1 1 2 2 2 2 2
2 1
2
2
9 4
1 2 1 2
1 2 1 1
2 2 1 2
1 2 2 2
2 2 2 1
2 2 1 1
1 1 1 2
1 2 1 1
2 2 2 2
1 2
1 1
10 10
2 2 2 2 2 2 2 2 2 2
2 2 2 2 2 1 2 2 2 2
2 2 2 2 1 2 2 2 2 1
2 2 1 2 1 2 2 2 2 2
2 2 2 2 1 2 2 1 2 2
2 2 2 2 2 2 2 2 2 2
1 2 1 2 2 2 2 2 2 2
2 2 2 2 2 2 2 2 2 2
2 2 2 2 2 2 2 2 2 2
2 2 2 2 2 1 2 2 2 2
10 10
2 2 2 2 2 2 2 2 2 2
2 2 2 2 2 2 2 2 2 2
2 2 2 2 2 2 2 2 2 2
2 2 2 2 2 2 2 2 2 2
2 2 2 2 2 2 2 2 2 2
2 2 2 2 2 2 2 2 2 2
2 2 2 2 2 2 2 2 2 2
2 2 2 2 2 2 2 2 2 2
2 2 2 2 2 2 2 2 2 2
2 2 2 2 2 2 2 2 2 2
9 6
2 2 2 2 2 2
2 2 2 2 2 2
1 2 2 2 2 2
2 2 2 2 2 2
2 2 2 2 2 2
2 2 2 2 2 2
2 2 2 2 2 2
2 2 2 2 2 2
2 2 2 2 2 2
5 2
1 2
1 1
1 2
1 1
1 1
3 5
1 1 1 1 1
1 2 1 2 1
1 1 1 1 1
10 10
2 2 2 2 2 2 2 2 2 2
2 2 2 2 2 2 2 2 2 2
1 2 2 2 2 2 2 2 2 2
2 2 2 2 2 2 2 2 2 1
2 2 2 2 2 2 2 2 2 2
2 2 2 2 2 2 2 2 2 2
2 2 2 2 2 2 2 2 2 2
2 2 2 2 2 2 2 2 2 2
2 2 2 2 2 2 2 2 2 2
2 2 2 2 2 2 2 2 2 2
5 7
2 2 2 2 2 2 2
2 2 2 2 2 2 2
2 2 2 2 2 1 2
2 2 2 2 2 2 2
2 2 2 2 2 2 2
2 9
2 1 2 2 1 2 1 1 1
1 1 2 2 1 1 2 2 1
7 3
1 2 2
2 1 2
2 2 2
2 2 2
2 2 1
2 2 2
1 2 2
8 9
2 2 2 2 2 2 2 2 2
2 2 2 2 2 2 2 2 2
2 2 2 2 2 2 2 2 2
2 2 2 2 2 2 2 2 2
2 2 2 1 2 2 2 2 2
2 2 2 2 2 2 2 2 2
2 2 2 2 2 2 2 2 2
2 2 2 2 2 2 2 2 2
8 9
2 2 2 1 1 1 2 2 2
2 1 2 1 1 2 1 1 2
1 1 1 1 2 1 1 2 1
2 1 1 2 1 2 1 1 1
1 1 1 1 1 1 2 1 1
1 2 1 2 2 1 1 1 1
1 1 2 1 1 1 1 1 1
2 2 2 2 1 2 1 2 2
8 9
2 2 1 2 1 1 1 2 2
2 2 1 2 1 1 1 2 2
1 1 1 1 1 1 1 1 1
2 2 1 2 1 1 1 2 2
1 1 1 1 1 1 1 1 1
2 2 1 2 1 1 1 2 2
2 2 1 2 1 1 1 2 2
1 1 1 1 1 1 1 1 1
5 8
1 2 2 2 2 1 1 2
1 2 2 2 2 1 1 2
1 2 2 2 2 1 1 2
1 2 2 2 2 1 1 2
1 2 2 2 2 1 1 2
5 5
1 1 1 1 1
1 1 1 1 1
1 1 1 1 1
1 2 2 2 2
1 2 2 2 2
9 2
2 2
2 2
2 2
2 2
2 2
2 2
2 2
1 2
2 2
10 10
2 2 2 2 2 2 2 2 2 2
2 2 2 2 2 2 2 2 2 2
2 2 2 2 2 2 2 2 2 2
2 2 2 2 2 2 2 2 2 2
2 2 2 2 2 2 2 2 2 2
2 2 2 2 2 2 2 2 2 2
2 2 2 2 1 2 2 2 2 2
2 2 2 2 2 2 2 2 2 2
2 2 2 2 2 2 2 2 2 2
2 2 2 2 2 2 2 2 2 2
7 3
1 1 2
1 1 1
1 1 1
1 1 2
1 1 2
1 1 2
1 1 1
9 10
2 2 1 2 2 2 2 2 2 2
2 2 2 2 2 2 2 2 2 2
2 2 2 2 2 2 2 2 2 2
2 2 2 2 2 2 2 2 2 2
2 2 2 2 2 2 2 2 2 2
2 2 2 2 2 2 2 2 2 2
2 2 2 2 2 2 2 2 2 2
2 2 2 2 2 2 2 2 2 2
2 2 2 2 2 2 2 1 2 2
10 10
2 1 2 1 2 2 1 2 2 1
2 1 2 1 2 2 1 2 2 1
1 1 1 1 1 1 1 1 1 1
1 1 1 1 1 1 1 1 1 1
1 1 1 1 1 1 1 1 1 1
2 1 2 1 2 2 1 2 2 1
2 1 2 1 2 2 1 2 2 1
1 1 1 1 1 1 1 1 1 1
1 1 1 1 1 1 1 1 1 1
2 1 2 1 2 2 1 2 2 1
3 7
2 1 1 1 1 1 2
1 1 1 2 1 1 2
1 1 1 2 1 2 2
10 10
1 2 1 1 2 1 2 1 2 1
1 2 1 1 2 1 2 1 2 1
1 2 1 1 2 1 2 1 2 1
1 2 1 1 2 1 2 1 2 1
1 1 1 1 1 1 1 1 1 1
1 2 1 1 2 1 2 1 2 1
1 1 1 1 1 1 1 1 1 1
1 2 1 1 2 1 2 1 2 1
1 2 1 1 2 1 2 1 2 1
1 2 1 1 2 1 2 1 2 1
5 8
1 2 1 1 1 1 1 2
1 2 1 2 1 1 1 2
1 2 1 2 1 1 1 2
1 2 1 2 1 1 1 2
1 1 1 1 1 1 1 1
6 8
2 1 1 1 1 1 1 1
2 1 1 2 2 1 2 2
1 2 1 2 2 1 2 2
1 1 2 1 1 1 2 1
2 1 2 1 2 1 2 1
1 2 1 1 2 2 2 1
9 10
2 2 2 2 2 2 2 2 2 2
2 2 2 2 2 2 2 2 2 2
2 2 2 2 2 2 2 2 2 2
2 2 2 2 1 2 2 2 2 2
2 2 2 2 2 2 2 2 2 2
2 2 2 2 2 2 2 2 2 2
2 2 2 2 2 2 2 2 2 2
2 2 2 2 2 2 2 2 2 2
2 2 2 2 2 2 2 2 2 2
5 2
2 2
2 2
2 2
2 2
1 2
8 10
2 1 1 1 1 2 1 2 2 2
1 2 2 2 2 2 2 2 2 1
1 1 2 2 1 1 1 1 1 2
2 1 1 2 2 2 1 2 2 2
2 1 1 2 1 1 1 2 2 2
2 1 2 1 2 2 1 1 2 2
2 1 1 1 2 1 1 2 1 2
1 2 1 1 1 1 2 2 1 2
10 2
1 1
2 1
2 1
1 1
1 1
1 1
1 1
1 2
2 1
2 2
9 2
2 2
2 2
1 1
2 2
1 1
2 2
1 1
1 1
2 2
5 5
2 2 2 2 2
1 1 2 1 2
2 1 2 2 2
2 2 2 2 1
2 1 1 2 2
10 10
2 2 2 2 2 2 2 2 2 2
2 2 2 2 2 2 2 2 2 2
2 2 2 2 2 2 2 1 2 2
2 2 2 2 2 2 2 2 2 2
2 2 2 2 2 2 2 2 2 2
2 2 2 2 2 2 2 2 2 2
2 2 2 2 2 2 2 2 2 2
2 2 2 2 2 2 2 2 2 2
2 2 2 2 2 2 2 2 2 2
2 2 2 2 2 2 2 2 2 2
10 10
1 1 1 1 1 1 1 1 1 1
1 1 1 1 1 1 1 1 1 1
1 1 1 1 1 1 1 1 1 1
1 1 1 1 1 1 1 1 1 1
1 1 1 1 1 1 1 1 1 1
1 1 1 1 1 1 1 1 1 1
2 1 1 1 1 1 1 1 1 1
1 1 1 1 1 1 1 1 1 1
1 1 1 1 1 1 1 1 1 1
1 1 1 1 1 1 1 1 1 1
4 9
1 2 2 2 2 2 1 2 1
1 1 1 1 1 1 1 1 1
1 2 2 2 2 2 1 2 1
1 2 2 2 2 2 1 2 1
9 10
2 2 2 2 2 2 2 2 2 2
2 2 2 2 2 2 2 2 2 2
2 2 2 2 2 2 2 2 2 2
2 2 2 2 2 2 2 2 2 2
2 2 2 2 2 2 2 2 2 2
2 2 2 2 2 2 2 2 2 2
2 2 2 2 2 2 2 2 2 2
2 2 2 2 2 2 1 2 2 2
2 2 2 2 2 2 2 2 2 2
2 10
1 1 1 1 1 1 1 1 1 1
1 1 1 1 1 1 1 1 1 1
8 5
2 1 2 1 2
2 2 2 2 1
1 1 2 2 1
1 1 2 1 1
2 1 1 1 1
1 2 1 2 2
2 1 1 2 1
1 2 2 2 2
9 10
1 1 1 1 1 1 1 1 1 1
1 1 1 1 1 1 1 1 1 1
1 1 1 1 1 1 1 1 1 1
1 1 1 1 1 1 1 1 1 1
2 1 1 2 1 2 2 1 2 2
1 1 1 1 1 1 1 1 1 1
2 1 1 2 1 2 2 1 2 2
2 1 1 2 1 2 2 1 2 2
1 1 1 1 1 1 1 1 1 1
5 7
2 2 2 1 1 1 1
1 1 1 1 1 1 1
1 1 1 1 1 1 1
2 2 2 1 1 1 1
1 1 1 1 1 1 1
10 10
1 2 2 1 2 2 1 1 2 2
2 1 1 1 2 1 2 1 1 1
2 1 2 2 1 1 1 2 2 2
2 1 2 2 2 2 1 1 2 2
2 2 1 2 2 2 1 2 2 1
2 1 1 1 2 1 1 2 1 2
2 1 2 2 1 2 1 1 2 2
2 2 2 1 1 1 2 2 1 2
2 2 2 1 2 2 1 2 1 2
2 2 1 1 2 1 1 2 1 1
10 10
2 2 2 2 2 2 2 2 2 2
2 2 2 2 2 2 2 2 2 2
2 2 2 2 2 2 2 2 2 2
2 2 2 2 2 2 2 2 2 2
2 2 2 2 2 2 2 2 2 2
2 2 2 2 2 2 2 2 2 1
2 2 2 2 2 2 2 2 2 2
2 2 2 2 2 2 2 2 2 2
2 1 2 2 2 2 2 2 2 2
2 2 2 2 2 2 2 2 2 2
7 3
2 2 2
2 2 2
1 2 2
2 2 2
2 2 2
2 2 2
2 2 2
2 5
1 2 1 2 1
1 2 2 1 2
2 1
1
1
10 9
2 2 1 1 2 2 1 2 1
2 2 1 1 1 1 1 1 1
2 2 1 1 1 1 2 2 1
2 1 1 2 1 2 1 2 2
2 1 2 1 1 1 2 2 2
2 2 1 1 1 2 2 2 1
1 2 1 1 2 2 1 2 1
1 2 1 1 1 1 1 1 1
1 1 2 1 2 2 2 2 2
2 2 2 2 1 1 2 1 1
8 7
1 2 2 2 1 2 1
2 1 1 1 2 1 1
2 1 2 2 1 2 2
1 2 2 2 1 1 1
2 1 1 1 2 1 2
1 1 2 2 2 1 1
1 1 1 1 1 1 2
1 1 2 1 1 1 1
9 8
2 2 2 1 2 1 2 1
1 1 1 2 1 2 2 2
1 1 2 1 2 1 2 1
1 2 1 2 2 2 1 2
2 1 2 1 1 1 2 1
1 1 2 1 2 2 1 1
2 1 1 2 2 1 1 1
1 1 2 2 2 2 1 1
1 2 2 2 1 1 2 1
10 8
2 1 1 1 2 2 1 2
2 2 2 1 2 2 2 2
2 1 2 1 1 2 1 2
2 1 1 2 2 2 2 1
2 1 2 2 1 2 1 1
2 1 1 1 1 1 1 2
1 1 1 2 2 1 2 2
1 2 2 2 2 2 1 1
1 2 2 2 1 1 2 2
1 2 2 2 2 1 2 1
5 8
1 2 1 1 1 1 1 1
2 1 2 2 1 1 1 1
1 2 2 1 2 1 2 1
2 1 2 2 2 2 1 2
2 1 1 1 2 2 1 2
9 6
2 2 2 2 2 2
1 1 2 2 2 2
2 2 1 1 1 1
2 1 2 1 1 1
1 1 2 1 1 2
1 1 1 2 2 1
1 1 2 2 2 2
1 2 2 1 1 2
1 1 1 2 2 1
3 5
2 2 2 2 2
2 2 2 2 2
2 1 2 2 2
10 8
2 2 2 2 2 2 2 2
1 2 2 2 2 2 2 2
2 2 2 2 2 2 2 2
2 2 2 2 2 2 2 2
2 2 2 2 2 2 2 2
2 2 2 2 2 2 2 2
2 2 2 2 2 2 2 2
2 2 2 2 2 2 2 2
2 2 2 2 2 2 2 2
2 2 2 2 2 2 2 2
7 8
2 2 2 2 2 2 2 2
2 2 2 2 2 2 2 2
2 2 2 2 2 2 2 2
2 2 2 2 2 2 2 2
2 2 2 2 2 1 2 2
2 2 2 2 2 2 2 2
2 2 2 2 2 2 2 2
5 5
1 2 2 1 1
1 2 2 2 1
1 2 2 2 1
1 2 2 2 1
1 2 2 2 1
10 10
1 1 1 1 1 1 1 1 1 1
1 1 1 1 1 1 1 1 1 1
2 1 1 2 2 1 2 1 1 2
1 1 1 1 1 1 1 1 1 1
1 1 1 1 1 1 1 1 1 1
1 1 1 1 1 1 1 1 1 1
1 1 1 1 1 1 1 1 1 1
2 1 1 2 2 1 2 1 1 2
1 1 1 1 1 1 1 1 1 1
2 1 1 2 2 1 2 1 1 2
6 9
1 2 1 2 1 2 2 1 1
2 1 2 1 1 1 1 1 2
1 2 2 1 1 2 2 1 2
1 1 2 2 1 2 2 1 2
2 1 1 1 1 1 1 2 1
1 2 1 1 1 2 2 2 2
1 1
1
10 10
1 1 1 1 1 1 1 1 1 1
1 1 1 1 1 1 1 1 1 1
1 1 1 1 1 1 1 1 1 1
1 1 1 1 1 1 1 1 1 1
1 1 1 1 1 1 1 1 1 1
1 1 1 1 1 1 1 1 1 1
1 1 1 1 1 1 1 1 1 1
1 1 1 1 1 1 1 1 1 1
1 1 1 1 1 2 1 1 1 1
1 1 1 1 1 1 1 1 1 1
9 10
1 1 1 1 1 1 1 1 1 1
1 1 1 1 1 1 1 1 1 1
1 1 1 2 2 2 1 1 2 2
1 1 1 2 2 2 1 1 2 2
1 1 1 2 2 2 1 1 2 2
1 1 1 1 1 1 1 1 1 1
1 1 1 2 2 2 1 1 2 2
1 1 1 1 1 1 1 1 1 1
1 1 1 2 2 2 1 1 2 2
1 2
2 2
5 2
2 2
2 2
2 2
1 2
2 2
8 1
2
2
1
2
2
1
1
1
7 5
1 1 2 1 2
1 1 2 2 2
1 2 2 2 1
1 1 2 2 2
2 2 1 2 2
1 1 2 1 1
1 1 2 2 2
2 10
2 2 2 2 2 2 2 2 2 2
2 2 2 2 2 2 2 1 1 2
10 10
1 1 1 1 1 1 1 1 1 1
1 1 1 1 1 1 1 1 1 1
1 1 2 1 1 1 1 1 1 1
1 1 1 1 1 1 1 1 1 1
1 1 1 1 1 1 1 1 1 1
1 1 1 1 1 1 1 1 1 1
1 1 1 1 1 1 1 1 1 1
1 1 1 1 1 1 1 1 1 1
1 1 1 1 1 2 1 1 1 1
1 1 1 1 1 1 1 1 1 1
1 1
2
1 8
1 1 1 1 1 1 1 1
3 5
2 2 2 2 2
1 2 1 1 2
2 1 2 1 1
2 1
2
1
10 10
2 2 2 2 2 2 2 2 2 2
2 2 2 2 2 2 2 2 1 2
2 2 2 2 2 2 2 2 2 2
2 2 2 2 2 2 2 2 2 2
2 2 2 2 2 2 2 2 2 2
2 2 2 2 2 2 2 2 2 2
2 2 2 2 2 2 2 2 2 2
2 2 2 2 2 2 2 2 2 2
2 2 2 2 2 2 2 2 2 2
2 2 2 2 2 2 2 2 2 2
4 9
1 2 2 2 2 2 2 2 2
2 2 2 2 2 2 2 2 2
2 2 2 2 2 2 2 2 2
2 2 2 2 2 2 2 2 2
8 6
1 1 1 1 1 1
1 2 2 2 2 1
1 2 2 2 2 1
1 1 1 1 1 1
1 1 1 1 1 1
1 2 2 2 2 1
1 1 1 1 1 1
1 1 1 1 1 1
8 6
2 1 2 2 1 1
2 1 2 1 1 2
2 1 1 2 2 2
1 2 2 1 1 1
2 1 1 1 2 1
2 1 1 1 1 1
1 1 2 1 2 2
1 1 1 2 1 1
