100
100 1000
67 935
10 120
384 742
1 302
432 705
235 426
1 10
121 122
1 484
3 5
171 954
195 727
3 122
121 302
403 518
3 9
532 850
9 109
62 71
1 5
1 6
286 566
61 216
8 584
303 584
3 4
4 584
32 426
1 101
315 493
1 742
1 121
3 65
7 302
650 677
1 2
108 122
120 485
1 1
803 914
425 902
9 121
828 971
136 244
65 122
7 65
8 221
9 122
122 1000
4 5
21 742
420 485
30 322
4 104
7 109
174 882
231 712
303 484
21 484
80 382
72 163
385 747
351 926
159 346
9 302
120 221
101 327
1 4
483 484
121 485
1 122
3 6
7 10
4 824
8 122
4 221
61 170
467 817
121 484
297 921
484 484
8 73
1 485
122 483
21 302
1 1000
1 9
3 104
4 485
749 947
1 221
65 742
375 398
1 65
121 584
7 584
73 946
31 747
7 121
