220
1
2
3
4
5
6
7
8
9
10
11
12
13
14
15
16
17
18
19
20
21
22
23
24
25
26
27
28
29
30
31
32
33
34
35
36
37
38
39
40
41
42
43
44
45
46
47
48
49
92
3418
6385
3901
4120
675
3979
6759
4363
1865
5756
5546
682
1778
2462
542
3046
4443
4878
5487
2242
7105
3953
204
343
4883
2372
3667
4669
4846
5498
6677
7272
4039
1920
4863
3068
3700
1986
2395
6104
1212
1173
184
2624
4715
92
212
5654
6919
2948
5045
2513
2608
4988
5360
1224
2242
4930
829
4817
3086
7141
1893
339
7507
1541
1443
4215
7599
4847
1206
841
6780
1771
301
7507
952
1794
3599
4580
5124
1485
4905
3707
4341
5017
7427
6432
3709
1895
2290
2027
3824
5588
6489
1069
2133
330
1492
4884
966
4690
7059
105
2431
6478
2357
1524
7337
5072
6146
4325
4023
6321
5880
4178
524
5148
1463
1387
5791
1662
3587
7306
2168
1056
525
4082
4553
4751
1201
1892
6675
6467
3481
958
7592
2958
3838
408
4788
5154
2884
7446
1410
2060
2259
1622
3539
6473
8000
8100
9900
9157
10378
11477
12474
12345
65432
77414
54132
14223
54323
11234
65432
5
4
3
2
1