99
2525 1
2400 5
300 2
120 60
60 90
2 1
1 10000
483877417 1
8391232 316
514042436 1
357745069 7660
1000000000 1
999999999 1
200000 2
5001 1
5000 6
325850160 1
110170922 7092
308780538 1
5842439 6754
637554042 1
213109461 1296
101640577 1
58519545 6060
597866626 1
479505660 6545
781225573 1
597115551 8154
252937126 1
169654687 8378
678141874 1
2399103 3638
1000000000 2
999999997 3
999999998 2
908278215 1
35402747 8985
885437782 1
36922752 6935
285827670 2
72082248 2337
268809389 2664
514507382 1
256833865 1978
571935149 1
356485665 6472
773997064 1
51022170 7067
955815581 1
124993925 9521
36823827 1
2540725 1854
594394442 1
88553714 2615
407265863 1
404602554 2804
137465084 1
111887794 7410
502618238 1
287486086 1424
1000000000 2
998000000 1
999000000 1
981884339 1
586584629 1913
438562871 1
314416178 3197
1000000000 2
12345675 3
12345676 2
241538959 1
189884770 217
2 1
1 1
534746313 1
204309871 7808
742293957 1
143274949 1176
149857391 1
26760992 4098
458681312 1
86005675 3528
754365195 1
157999385 7877
687793733 1
646948507 6618
829521103 1
554980831 9983
456518072 1
217846081 1054
589777154 1
80930993 3057
379188506 1
208132753 7192
1000000000 2
100 10000
200 10000
786596867 1
770024962 4356
790665096 1
332749667 160
192137748 1
150856071 6701
68522385 1
4589491 8604
93808299 1
29368118 5675
489790591 1
4512532 2971
210026426 1
108618828 8677
1000000000 1
1 1
444212521 1
4143710 5587
249150870 1
107700231 8103
417497415 1
379696335 5039
724496789 1
371726913 6364
822708259 1
617781890 1262
1000000000 2
2 2
1 3
703463211 1
570915257 5145
74728368 1
25109039 1925
518909866 1
413656994 8811
618919737 1
85685428 4045
175229893 1
162596055 3965
1000000000 1
1 10000
898944866 1
860232 6070
526233252 1
102016443 1338
1000000000 2
999000000 10000
998000000 10000
940051251 1
499765248 4958
664403201 1
560475825 923
843795649 1
451553260 4619
437866523 1
413503607 5303
315883184 1
162761154 1685
1000000000 2
999999998 3
999999999 2
833699764 1
67332926 7644
371593523 1
37621227 590
589360502 1
377978938 963
997537144 1
942757714 108
483877525 1
470676699 9977
870136040 1
805712176 596
532991265 1
192151957 2880
927289276 1
176947443 6569
966774996 1
921995442 8384
663753131 1
603570652 2511
269253004 1
220437936 4720
985534842 1
520480049 7253
158269256 1
67536806 5863
997083042 1
497966903 6771
43608588 1
33584822 6716
477376700 1
56894997 7398
394680679 1
194244450 3796
7688769 1
1678971 6807
1000000000 1
999999999 10000
340136307 2
291928631 6665
9217741 6313
1000000000 2
999999997 2
999999996 3
770957690 1
355940218 4140
497200304 1
416916340 6769
570973040 1
43360569 3364
552772564 1
306387589 9688
