99
2525 1
2400 5
300 2
120 60
60 90
423679741 1
365934176 9700
1000000000 1
999999999 1
796619212 1
398979996 8057
354253001 2
138970425 565
204399450 3934
769677774 1
418887795 5227
1000000000 1
1 1
310990488 1
193431846 9455
717875018 1
311035264 4003
406438639 1
386532736 8274
830495168 1
529820367 4241
247570977 1
78333748 2706
1000000000 2
999000000 10000
998000000 10000
69800847 1
6634136 1126
294603734 1
148322123 226
340354919 1
40081599 4383
810567608 1
154032126 5849
548663832 1
411878327 2877
315125853 1
146942560 736
736528008 1
172255075 543
420602271 1
124160609 8294
121128642 1
71428325 911
573734000 1
9665683 6153
388278026 1
161937207 6316
868962221 1
176113986 3923
888512355 1
202653858 3168
885094024 1
206385720 8840
463020036 1
354077335 4964
549671366 1
230599912 5660
814853555 1
215230769 6834
886007499 1
61577432 5109
935650240 1
454978684 7698
1000000000 1
999999999 10000
632767282 1
256459589 2966
323923223 1
109274485 3446
546710871 1
182204863 1942
49951476 1
45059564 1505
188487563 1
70238657 7599
51093903 1
7828760 5657
200000 2
5001 1
5000 5
823095166 1
108497930 5212
1000000000 2
2 2
1 3
778257436 1
174102924 12
656340711 1
366350056 444
804588994 1
803163878 5556
208692422 1
143235307 5557
164423944 1
46725700 1098
24676903 1
13415790 7579
240216070 1
50721068 3004
1000000000 1
1 10000
253056580 1
242694836 7662
748516011 1
622096036 7296
563827225 1
311621058 7506
159853501 1
94769964 1644
466822563 1
73169128 3157
506990231 1
149072453 439
412444331 1
91082279 3463
203030802 1
61597145 7775
62486718 1
29538307 8744
380508128 1
17251617 4610
920913251 1
383559258 7782
803779427 1
470784264 8247
577280471 1
182222467 6552
154649101 1
35973431 5343
710523603 1
428157548 4036
2 1
1 10000
1000000000 2
999999997 3
999999998 2
883275395 1
535004494 2021
189107073 1
112811716 5494
344567443 1
148453838 5087
376872361 1
172067667 2512
3083923 1
3041143 3504
922888551 1
222005134 2081
451491859 1
55991599 71
193277610 1
59947457 4037
315528015 1
21278177 7943
861532815 1
418923073 1259
638605556 1
547726735 938
1000000000 2
100 10000
200 10000
1000000000 2
12345675 3
12345676 2
1000000000 2
999999998 3
999999999 2
84782144 1
43020680 7755
802828177 1
455721549 6150
2 1
1 1
767688177 1
128801388 110
450028683 1
11865092 2675
751979635 1
221054707 8030
963056085 1
533738348 1033
793264633 1
209900189 1932
533296871 1
172912894 8690
337078093 1
216505034 5531
1000000000 2
999999997 2
999999996 3
893549314 2
471318605 3605
395358681 9894
677788492 1
615470915 8644
288863210 1
117538723 6118
142444150 1
116324774 9382
1000000000 2
998000000 1
999000000 1
19411862 1
16763969 6840
