99
2525 1
2400 5
300 2
120 60
60 90
1000000000 2
100 10000
200 10000
200000 2
5000 8
5001 1
728932155 1
59749720 5703
394469207 1
36840494 5844
557952931 1
468659384 7094
918637608 1
621265785 9312
514603460 1
388911110 9151
978409354 1
709069482 1461
24796356 1
10189813 2631
192534363 1
168970150 6090
981766578 1
884383261 8671
801933370 1
439176083 6432
703861822 1
645235042 6140
762629622 1
663196287 1471
163706640 1
150390866 1971
785165980 1
10877604 2776
2 1
1 1
714117816 1
570713079 1423
380604875 1
362287469 626
1000000000 2
12345675 3
12345676 2
1000000000 2
999999999 2
999999998 3
151793842 1
62126533 2179
974709583 1
13368155 8099
715795368 1
8537585 8776
934339191 1
803532399 5678
835754875 1
73323065 1833
936091698 1
418462323 5481
914520376 1
779030691 3683
563393114 1
345010658 9612
991335541 1
936090157 4251
847237807 1
60604871 9004
1000000000 2
999000000 10000
998000000 10000
652441226 1
316615012 9699
43989432 1
1500513 3320
368947469 1
283636887 5840
1000000000 1
1 1
336975174 1
104587832 4275
838130877 1
559113122 8922
273641210 1
269487792 283
2 1
1 10000
756977227 1
334125938 2312
721181408 1
611699959 7169
527982764 1
256847641 652
959411451 1
792266753 4184
903762070 1
42404822 8902
990851274 1
130763097 51
191924827 1
169539781 5274
648139281 1
208047293 4341
35505123 1
22434856 4053
441096855 1
345613832 2215
70216803 1
16778931 6051
14685577 1
1613005 9366
719491752 1
639191434 4762
34339547 1
8237060 7708
628301906 1
313853371 6485
895372908 1
779276965 318
1000000000 2
999999997 2
999999996 3
551624116 1
159663060 8154
1000000000 1
999999999 10000
286732406 1
180988698 8295
188833704 1
21871511 3155
268913023 1
28254026 5465
243860843 1
62645829 996
583297653 1
422051617 3698
235851047 1
214888656 6566
609114256 1
391166962 9335
395328429 1
135125727 6752
617374533 1
416086021 9748
385771894 1
101267163 5462
590696521 1
28808242 4077
524004650 1
194113823 2976
1000000000 2
2 2
1 3
813410650 1
648623773 283
840465759 1
714638540 1102
479273573 1
466093433 1597
816127365 1
659440132 6675
513042573 1
341218343 1811
730393413 1
109586283 9997
635445234 1
163498917 1398
21531108 2
11370614 6349
16714302 3266
567859804 1
169561888 2482
894901013 1
378948778 9234
941088120 1
488796892 2708
1000000000 2
999999997 3
999999998 2
1000000000 2
998000000 1
999000000 1
1000000000 1
1 10000
632235467 1
770897 3434
733370715 1
656947742 7821
802914471 1
514918839 2188
182409768 1
26890265 8697
913775584 1
561736627 7915
886577852 1
439461917 6746
700977854 1
568804258 6493
315558889 2
134187260 2478
313162822 8606
1000000000 1
999999999 1
199482254 1
35306917 2716
711038699 1
197765291 5879
