99
2525 1
2400 5
300 2
120 60
60 90
592491530 1
321857055 519
349927901 1
203076705 6612
253675337 1
159303647 7432
503499333 1
2202530 3019
112033621 1
64115023 6355
148065922 1
132030156 1540
492421065 1
270199467 2328
564185635 1
549737820 6204
58591451 1
47039118 4029
915881447 1
102088510 8410
574310250 1
332605753 9661
336535002 1
85028133 6922
366659806 1
54295960 1189
836365523 1
465717788 2178
391161253 2
193901455 3797
340534316 1320
481041214 1
65429085 5499
2 1
1 10000
228479561 1
141748198 7898
986294911 2
391327137 5098
218626604 5834
950982570 1
341265642 8928
770010853 1
330825836 950
1000000000 2
2 2
1 3
305816587 1
172848160 713
908100826 1
457261079 8020
997814875 1
436340482 3064
679166832 1
637867851 7940
936362344 1
198245475 3558
508491640 1
80049440 5448
705245922 1
362669176 1450
607763406 1
88336455 113
515409411 1
411320824 6668
61327173 1
37868814 152
451535525 1
153725992 133
38254901 1
12049089 5021
576524206 1
219799860 3018
643591820 1
192668459 5248
40150561 1
1370307 1397
982833739 1
449882314 226
258999010 1
16756510 6581
629926265 1
263410154 5612
200533633 1
55181259 3765
421247829 1
281181752 3101
522780609 1
185689396 3854
661267511 1
566528713 1530
432763255 1
399653209 2826
622053097 1
280684152 3271
1000000000 1
1 10000
1000000000 2
999999997 3
999999998 2
328290816 1
281606673 8977
1000000000 1
999999999 1
328068374 1
106824628 4238
1000000000 1
1 1
98174190 1
85097005 5723
655891043 1
20894461 3766
450463289 1
100461704 4951
199242740 1
195342702 169
777766029 1
306076206 7880
462991726 1
401995882 6916
2 1
1 1
983298853 1
322049371 4351
943431668 1
10871063 9237
590316006 1
187121225 8640
790010202 1
341428088 9524
920055437 1
503851941 8998
1000000000 2
999999998 3
999999999 2
250097898 1
87167643 6948
762738817 1
714793511 8657
209656844 1
145661423 9954
156044615 1
77201293 9408
981045718 1
689305113 1083
179652478 1
49102724 3035
780520577 1
537951844 8323
1000000000 2
12345676 2
12345675 3
1000000000 2
999000000 10000
998000000 10000
11582855 1
6538198 6669
78325534 1
54189832 4154
303184295 1
53291329 1658
655012947 1
647700743 3340
897671264 1
459531144 3359
1000000000 2
999999996 3
999999997 2
274334896 1
229182025 1435
236200436 1
87773632 1923
622867600 1
62641546 2234
516016191 1
76085627 9466
33700251 1
26007005 861
200000 2
5001 1
5000 2
833344196 1
753781344 8210
546539646 1
336874963 1004
97333850 1
45709653 747
745127786 1
618621343 1963
28879357 1
26495664 4797
1000000000 2
999000000 1
998000000 1
1000000000 2
200 10000
100 10000
526626788 1
518248266 5881
1000000000 1
999999999 10000
767216342 1
484225136 1688
953756046 1
878207937 7493
