20
1000.000000 2 3
0.000000 20.500000
25.000000 1000.000000
1.00 5.00 9.81
50.000000 2 2
0.000000 0.000000
100000.000000 100.000000
1.00 1.01
1.000000 1 2
0.000000 1.000000
1.00 9.81
10000.000000 1 3
0.000000 10005.370000
1.00 4.60 9.81
1.000000 1 3
0.000000 109.530000
1.00 4.60 9.81
4.850000 1 10
0.000000 4.850000
4.74 1.00 9.81 6.96 5.68 4.97 8.74 7.27 8.16 8.88
347.480000 1 10
0.000000 1697.872974
1.46 8.97 1.00 1.76 7.87 9.81 9.64 7.20 9.58 4.15
9791.400000 1 8
0.000000 9799.870000
1.10 1.00 1.20 9.51 9.81 9.71 9.61 1.30
5.390000 2 10
0.000000 0.000000
1.561702 5.390000
8.83 2.96 1.00 3.94 1.98 7.85 5.89 4.92 9.81 6.87
2.970000 2 10
0.000000 0.000000
58548.250000 2.970000
1.20 1.70 9.41 9.81 9.21 1.40 1.00 9.51 9.61 1.60
10000.000000 2 10
0.000000 8851.800000
100000.000000 10000.000000
3.76 7.43 4.99 3.21 2.42 3.40 9.05 8.05 9.50 6.73
8410.400000 2 10
0.000000 0.000000
110.065690 17330.520000
4.92 6.87 7.85 3.94 5.89 1.98 1.00 9.81 8.83 2.96
8754.660000 2 9
0.000000 3132.155536
67172.210000 8761.180000
1.30 1.05 1.10 9.81 9.71 9.61 9.66 1.00 1.20
103.160000 2 10
0.000000 52.906402
0.210000 103.160000
1.75 2.14 4.62 5.28 1.84 2.47 5.13 6.51 8.09 6.65
5590.350000 2 8
0.000000 3568.991221
51.230630 5590.350000
4.26 3.52 6.03 2.26 9.81 8.55 1.00 4.78
7898.680000 2 10
0.000000 8395.530000
55100.870000 8395.541658
2.75 6.18 4.83 8.61 6.17 4.26 2.15 4.47 2.63 9.32
7355.210000 2 10
0.000000 7348.250000
46582.040000 7356.540000
2.80 2.20 9.81 2.50 8.01 9.21 8.91 1.60 1.00 8.61
173.520000 2 10
0.000000 172.520000
15.385637 174.520000
9.81 1.98 4.75 3.94 1.00 8.83 4.92 2.96 7.85 6.87
9703.888207 2 10
0.000000 6207.080560
54.470302 9703.888207
4.09 6.63 1.17 9.68 2.12 3.87 4.12 1.64 8.64 9.78
2404.469521 2 10
0.000000 767.358678
31.759671 2404.469521
6.72 7.05 7.12 6.59 8.65 3.93 8.22 6.26 7.26 3.43
