100
3 3
10 1 20 2 25 3
10 2 30 3 20 1
3 5
10 1 6 2 10 1
5 1 3 2 10 1 3 2 5 1
3 5
10 1 6 2 10 1
5 1 6 2 10 1 6 2 5 1
1 1
5000000 10
5000000 100
3 5
10000000000000000 1 6000000000000000 2 10000000000000000 1
5000000000000000 1 3000000000000000 2 10000000000000000 1 3000000000000000 2 5000000000000000 1
3 5
10000000000000000 1 6000000000000000 2 10000000000000000 1
5000000000000000 1 6000000000000000 2 10000000000000000 1 6000000000000000 2 5000000000000000 1
3 74
6544449967517618 61 6475664934570511 44 6550835918380204 61
305202135049800 85 259119608217417 85 262430588966641 7 277588349487901 7 247282851618800 44 414531156670259 44 249617445584106 7 208361862412487 44 151993645615933 7 372213173471729 59 315188712718712 44 315888708492588 7 379223718381847 44 249563632199244 7 161557270616810 7 290900019627488 44 223658415016059 85 254840948574705 44 396342517677613 7 381183990223852 7 223450285490303 7 303108676190162 7 249125867522995 61 198767681469801 7 265492114032004 44 129001947902124 85 437826385754741 7 107723506576822 44 162530586878203 44 248478959643503 85 327186357375275 61 156963201600895 44 397289300065950 85 254070303080933 59 332509477127506 7 222577937127694 85 160516711443609 44 200533366773553 59 189162646670959 44 224810039774080 7 343661379875564 7 508931722445347 59 370401500424967 7 211251546506860 59 279891097705398 7 144885122540432 44 210481794575603 7 326198183518464 44 282901795181956 7 290255046875371 44 413102476819616 7 333599373138307 7 259350940975710 59 284721457887154 59 312078167668810 7 327378086314381 59 266464415526381 44 413570259495237 7 214846102899497 7 308492060704782 59 232302169551815 7 153387885862308 85 255215084924017 44 171439409327948 61 255112305542728 44 255008451434515 44 293458269621515 7 254204722674314 44 318999059118079 61 91638913042445 85 397282536895851 44 137682962538558 59 64125693946539 7 251153501222799 59
3 50
2407486695549662 21 2479426935478940 51 2473671263269366 65
119221777425324 8 161505545137644 82 316095579843248 64 79899666310675 53 228475258208573 37 197997307334277 17 61277250107369 51 221144756393080 86 16607369726572 60 88982184307603 93 166821075815894 59 190576901474333 45 131177371941626 50 152779163828603 70 131602057113006 25 155332843027230 76 89051582279778 11 216796419189103 2 101742679507464 79 224217127987019 3 91431096241060 56 41956556783157 48 179410400070097 78 118589045587542 90 159217240345902 66 254218497084177 91 125817005819360 38 1 23 204813833250264 19 276520575997496 10 79078881636243 5 189276506026652 7 57697041390782 85 212811628833554 32 48559071345153 22 122232620051485 61 131970145284911 54 94421904129982 35 123468605504096 69 130899134285981 72 160106575930978 77 124205438673730 34 134545513330188 83 82169134991537 49 21757863898135 4 163892436644112 98 21918016587295 97 174956813053191 68 181839929884911 33 169777756040800 31
3 50
4714887668262048 92 4772817134072283 1 4675943557213021 92
308736310680127 92 387098461518446 92 304450857008090 92 293612692405519 92 244163859486172 92 249883145892614 92 271283789438181 92 279458441144963 92 308819569753399 92 242642518514907 92 316297750599653 92 325152641326020 92 286044534592011 92 301780542236913 92 309196872297085 92 296450038806182 1 265038282286342 92 224338956039875 92 277998278379108 1 324971998055363 92 254592729227231 92 375517637407244 92 262764560832794 92 272566348979375 92 269202171339533 92 313136390922116 92 290496612208997 92 281488732780115 92 267996268916963 1 287588177451837 92 253071360336826 92 315382535699578 92 387539388803254 92 266219570748149 92 340222564370241 92 228919732765738 92 290813659684882 92 239270397700149 92 295933229394560 92 190915658819263 92 277467986143796 92 242530183038537 1 286416368676855 92 309491456995748 1 289445641966963 92 240396093912292 92 241148973716314 92 326897405182233 92 212731310395651 92 354572614702436 92
3 36
3226583729078749 91 3229730553477636 91 3226806249340220 55
268404562867850 79 273796303890465 91 259877946006934 2 271283583232810 55 261502006561455 2 282884770384274 91 267232617686382 79 268545480825773 79 264555093393074 2 260487901260992 91 260364859526511 2 274698428882158 79 275613077695725 91 274643197015189 55 271394918014212 91 271068838882507 2 248398006903227 91 253259116887475 79 272542068872066 79 269254453657471 55 268904859923632 79 268314147232779 91 270131702225886 62 263690964092967 91 267266953149256 55 271248758894023 91 269232759670552 62 277716421444661 62 261686288807742 79 280300710070164 2 268690393070960 79 271717084996457 91 271149963266995 91 262561647756561 91 260734575449067 91 267905431619615 79
3 4
394013102304886 78 438265241904431 14 398047799518899 25
256257598087609 27 290923044318292 45 231124388166290 75 337296727761505 28
3 53
988046342115342 10 996134832283627 8 987036007481093 10
54147208206267 8 73281068684351 8 48868707722361 8 56405539331598 8 37652523761825 8 60348786908686 10 71353321890968 8 60789903068861 8 54089385214644 10 56616636054614 8 67587836864069 8 42142096446746 8 48031168916317 8 39111752831289 10 42360823460986 10 59483180551200 8 55173467064322 8 52722604449662 10 47054399283669 8 50678952456112 10 40739780247854 8 56703025732476 8 44565503586342 8 47910733334724 10 34692452312031 8 59022598509404 8 49470676574291 10 51771581536562 8 62907659149641 10 58399252294065 8 52189393431521 8 51042721466143 10 44392779796666 8 51413821485361 8 50598324294048 10 53397143791421 10 58901021962513 10 58603650422348 10 56018502327537 8 56097448418093 8 55624901475289 10 43877691812775 10 47998613507039 8 64064459572477 8 54096338363229 10 44687333522014 10 40202009431931 8 54250572565179 8 41042510664505 8 42911875840494 10 71141482896356 10 54257021228657 8 60094415978626 8
3 70
6799688101635669 46 6783022780721939 46 6787960235743429 55
294832416695350 11 293170140706610 11 288797991649776 46 288137347971608 11 295501842726903 47 292976748584693 47 296583796947244 11 295075624854158 48 284740481458582 55 291050409465302 11 294463571002611 11 279033331551414 55 292762870255421 11 282405183455748 47 288264980157806 11 288718839117603 55 290187695699509 11 301062103739938 47 291692304855009 55 307649392183765 11 294744165747171 11 291398159422687 55 295890462313852 55 279949839074070 11 284392505860171 55 279170671541643 11 298905970257450 46 294058469672036 48 286238424214724 47 293339084273852 55 309160732561985 47 285449890153032 11 289794000102244 47 284410363137829 48 292069831351028 55 291120871860655 46 292896706881499 46 289338790166221 11 281431686012601 46 293753281216634 55 285097690357121 11 295294311103868 11 290218891203463 46 297256223776867 11 291099356655501 46 281289502704911 55 291020024701308 47 299953253662731 55 293685346649308 11 295360906305568 46 291970654460170 55 303598702292236 55 289588647508862 11 285539557346016 48 281431017223141 11 303179382205575 46 288884511987817 48 299007647195639 47 287147777974834 11 283981396392151 55 289666572762863 55 286265185223522 55 298726363690348 11 281478316287247 11 296872753623854 11 289508801287133 47 283700116238047 47 291309410055917 11 299394323807484 47 291491058506212 11
3 53
3885487131591013 42 3935643657052409 52 3868100776125100 19
206448965683163 75 184634425215966 11 245734641138588 7 239871282266338 26 162928664226785 63 285521776899072 81 219005228154730 1 293904536974944 93 194498122978181 13 138569049682583 29 362218413210625 21 297162200391843 24 187143610779044 67 92260075585311 57 227520236912878 33 350215251931169 30 167610167643837 79 241602759672133 77 175202137967986 90 158589287059088 10 181369182338360 4 178758930262796 19 235869910886556 9 306290038213842 82 208080185010818 17 50781018743651 43 262728967338122 76 313398664541771 15 229652848088958 48 297789502314318 52 218447983202239 31 100248510967397 8 160056987917463 88 150690251696305 37 247975738530387 61 118406351278536 65 261509491049076 91 120515768590162 98 264051557807912 94 297030723582936 95 185168615874699 55 332388410401853 2 228252490330502 42 279041226376079 23 263548182785672 14 141998989182308 12 294909126055672 71 168036631295604 23 338766371963287 77 215318786737616 91 169225352695485 12 229529237500327 93 127663388095908 67
3 64
2376647440279078 68 2356290535590904 31 2333274589659712 68
120068300069006 31 62085472674316 68 24090228975924 31 78270012315430 31 1 31 87577106354710 68 101579775582805 68 60861599737703 68 122177620975344 31 209669712485491 68 115906184957839 68 96551262703972 31 3248854809886 31 147301476497285 31 77533572011549 31 70806656655006 31 77149001445037 68 79500504869159 68 100984950722987 68 155340988055295 68 118316805054588 31 233730129609659 31 82965328287776 68 161537994363691 31 144426713149684 68 93358985610626 31 181402112340075 68 83466166016483 68 232469067151316 31 1 31 117177658081436 31 96392318929403 68 177950250779818 68 1 31 14619042154014 31 108527619980522 31 21553506741405 31 189207582443467 68 63291299093388 31 9254239781755 31 171610327156913 68 60787124225835 68 195843593203002 31 205688985751258 68 96001200932810 31 60444339583631 68 171180078544593 68 122005561448525 68 18226809116761 31 135882368706872 31 102201370817240 31 113433104980549 31 60680880862762 68 269991027756328 31 145705926804423 31 110138407130240 31 114767729828558 68 177719711872822 68 39635381576915 31 196327406225051 68 254761392059676 68 1 68 72185072024777 68 130950019835471 31
3 17
159478690333327 67 149852539274565 72 156811877426101 67
111618999911969 49 42774683806455 67 58508461849552 49 94850685207075 28 26354369147583 67 20180322647674 49 62562567062737 67 13340533177973 67 3090153181131 28 1 28 23294721032276 28 1 78 1 67 11736820178657 72 3347361440820 28 1 72 25535479858982 28
3 92
1348367329265623 42 1439937981057534 27 1228328065883880 57
1 37 129671010051715 33 26688708516234 39 1 84 1 20 1 80 73612583463227 15 1 56 107492606885209 55 1 77 116621630824443 17 90233801828351 92 118987240856279 31 100199833334049 2 14358693854228 59 1 9 153447594730506 38 77279548417133 57 150583662513789 7 34588844511856 8 71191249677739 44 1 58 1 28 1 36 38358697793402 87 66840927356815 24 124073807862261 19 1 1 1 25 1 14 27699692995234 83 1 35 87662608165083 40 131788113607283 45 161634498130671 27 51200356072930 89 59365906176379 52 1 85 1 99 19346141869844 71 151394025912975 81 186846732200568 78 133510315784321 76 35261346065258 51 39193243144241 66 41293926857724 93 34064608189309 50 1 34 32796687391518 42 31134488329267 75 1 97 92492140632055 48 74483109470594 70 175643542109592 29 49134516433845 94 1 3 1 65 1 62 85812271001031 100 1 86 14569433557091 12 8832004435633 22 1 64 262234297756262 43 127993676265954 68 1 74 120175514261591 11 81666098221114 82 1 54 46008142272296 88 86242435298429 73 61462749525461 41 436130066392 90 36171136512285 91 5484781225824 79 1 46 38768223805121 49 29665488959375 95 199724761538200 63 31765268782639 5 1 10 110221315314526 72 10134716563257 64 200575184268359 42 55546571040888 43 146750584157333 1 25564572953439 9 1 37 1 35 29278324644214 58 1 34 55303251893976 39
3 99
9069180489617324 33 8916312979921876 7 9016668260264100 33
181564302246034 33 328941207054661 33 306974341973852 7 314178643846450 33 377752439579981 33 318118878388181 33 167590531197226 33 328127868580189 33 319943219638212 33 259936704957854 33 129008603140903 33 228237747605623 33 295780743437996 33 264720210711185 33 231533603108401 33 222058193942981 7 431806291934205 33 286580081601150 7 241125266972317 33 234091255634382 33 297367356849826 33 127233081973939 7 240400557339583 7 353473778425152 33 146746717791445 7 159516535511969 33 253751360129386 33 169387524875668 33 219509956103720 33 291997245667181 33 419713678659232 7 238555244306830 7 364779105327618 33 233107289044673 33 300423843186757 7 298777714049387 33 248588301824463 33 278031658563737 33 434818308934046 7 357797157435340 7 319657160687905 33 370055126351442 33 225952351696116 33 359335091615896 33 297839983914355 33 248801481803394 33 300955761530313 33 306980165898674 33 215760499315324 33 307847034287484 33 244198234244011 33 345421764828137 33 217531341280511 7 376389462276765 33 269777015421970 7 225436768881359 7 242995626199789 33 309966934450006 33 244977106387264 33 302107514300406 33 244753040139671 7 238593165035864 33 316813646619555 33 159714495960996 33 286132870990430 33 164497694234957 33 184551823568562 33 292622297320901 33 68613650391155 33 294835573619300 33 275570578132689 33 262170043449028 7 249208661193567 33 300549000311715 33 294409624335844 7 308864341401019 33 279860109957388 33 261772229053567 33 365147430002886 33 304830916475996 7 416153662885536 7 380863318199980 33 320005643164112 33 178784875585732 33 168766350071294 33 264149291302960 33 389998004515404 7 226951491775465 33 217922346781169 33 331408234729986 33 138709700699105 33 265521516014888 33 272801931342517 33 295336218105454 33 344731033869196 33 178444615815323 33 233386900469835 7 282107793429072 7 224881780069590 33
3 53
3402688061198985 48 3504775843720711 33 3598925318944503 33
240819489091871 16 347856537072213 33 110890861740483 95 373741127772888 16 112583769266655 33 370852284499362 40 175993661301587 40 86277657159575 40 336716247775124 48 83230876550309 95 162127317534239 40 174379373109988 40 206093982949196 95 192413980469699 16 168386391238612 95 133816378191358 48 140335939056605 33 112728698359465 16 51653095990203 33 255045916443527 48 269671233188803 33 242947966089625 95 139589368931003 95 175073257238903 48 171211664331995 16 242372489609495 95 124010749333948 40 236962461367793 33 283033584546657 33 197338165069163 33 210625850579582 16 347560955692231 95 197847280559317 95 175565560416262 33 327032217183256 33 217157463608984 33 133720461332872 16 304879526938503 33 220246474125607 33 276555131833328 16 34188460986703 33 193625167920199 48 296847363291995 95 93259763508132 33 302154180704875 16 52680153059949 33 247234543640067 33 204028029081152 16 306658641964142 48 215731305055733 48 138210007138115 95 300864676743844 33 198597195912099 16
3 11
804726835669965 75 660193626535204 84 769301191620952 67
235903655451901 41 344533736429973 67 178396594649181 8 336560393924092 32 165932778103062 64 187815248873045 56 321501542211982 35 97482099427693 84 259879035066982 33 192086060784708 75 132793517696180 7
3 8
669005662421008 56 659982200780139 46 631315950295117 56
244926711502293 46 251010368025677 46 196349890660431 56 289858639719795 56 228001030087852 56 246864760689287 46 273031717785847 56 235263433748226 56
3 75
6392921564212144 97 6387630713729527 98 6400993901297134 31
286622301187453 61 220984979578481 61 258778823835750 98 277249669432768 98 271733414561491 97 243759187498813 61 232433078937517 31 312350414033186 31 270024403608870 97 227172718839928 97 242496875833916 31 244196604780795 61 299031235432813 98 348507727270027 97 264108158026164 61 215745430063686 31 280910309108837 61 227388123953739 31 281897804789392 61 230822081036198 97 295681261548507 98 262672529195212 31 291659956836935 31 299173861519633 97 223878600348309 98 279521963822706 31 237842740710100 61 289804460460543 97 300074055505845 31 218995518465466 61 195330584449793 31 294705388278597 98 292526199114786 98 297721533086277 61 275945376758290 31 269620975144606 31 298678873971295 31 283728704858165 32 249000116999148 97 346287359799464 61 218440034834350 31 210912622957114 61 181142105181654 32 272250930409616 97 248806759192891 61 226452019424124 61 232760330008889 61 289677231502970 97 242456872281083 98 287852613024083 98 267349269853468 61 191728212441504 31 279601790015347 61 287124313094044 98 297580498409359 98 219294050590516 31 277102702507382 31 266735528544195 98 219471715815245 98 165022323714831 98 232550775446138 98 246457227833194 31 230016915270679 31 239920758752504 31 231325005820034 97 260211607996332 31 284114039357136 31 227123150405978 97 231314671963480 61 285214950048730 31 280813469050603 98 293526705413849 61 305502690403967 31 263745420663770 31 242426031618327 97
3 49
2794147462739647 67 2842383644949733 41 2898109894989619 28
126061019719747 65 113784242209878 100 170279357617198 21 142387019454245 85 227327324358141 46 168514683772282 12 210374962585943 73 269696594326687 49 203261210010118 34 133491305595841 69 131662165702226 81 151297330726134 77 172070555375464 84 50377721018701 75 198922764603742 50 186200331098170 39 140379096697213 92 166361108771005 43 153050261553401 80 225705097662476 6 159855545369732 29 128364038852653 42 146441676477328 53 287607010075588 89 204355032684973 40 135137104985817 13 153956205108539 54 187813241766721 10 182479115467617 76 69668521389327 7 213189657184333 25 72426329721687 83 107746437957778 55 181869388951613 33 112067981433754 31 117698692551914 98 112287857346160 59 144806698471882 4 148129576580885 88 208462146892864 15 173335735973099 99 147647408272352 3 200405398376443 35 206467409635350 94 125075869012741 70 83439271876124 93 196189201132367 9 187903933652709 47 190408999374465 17
3 19
702176314003324 16 731648374529803 33 810585268935399 16
120102450323480 16 175264536733471 16 192125424863842 16 121221885305098 16 4725026259269 16 83350220542391 16 241111480929255 16 169266238756060 16 148237323897135 16 138457350074601 16 149893347355575 16 177024757811160 16 242511946890385 16 30995280765863 16 73165762333776 16 155382622402941 16 1 16 143156598899220 16 241249023161726 16
3 24
1455158343492087 3 1563710904049147 16 1438178887932879 77
159830162479020 30 191231607894943 77 311029898847783 3 139808728386824 30 148131319206053 3 158441861243762 30 244094323352829 30 253178527797084 30 204441455594916 77 62700549681719 30 168560718611333 30 23108018778341 77 50767350797304 77 133818682995018 30 40111591943256 77 165831611636210 77 149063116287348 77 147229577911723 3 223330340685804 77 226712297204457 30 196230620416168 49 81154708855953 3 58630374468684 16 275894870916450 30
3 60
3185587180209744 23 3144330167544501 30 3166064966433505 17
63160630614970 59 158594857823243 96 124550869200319 73 188450442916318 51 138186491679137 67 127760699808353 94 107217497085587 1 106073690830449 74 132016659112226 30 190995828930279 17 230038878774319 95 88295488512001 23 126415912733809 89 63203778721053 7 168013892514064 82 139973377190144 5 126650855883799 34 267368909647038 50 257386974782494 91 252394810992945 50 197783232121456 94 179325624526868 73 199520270673972 5 171108092695396 7 144306581856680 51 356216855314409 59 248955812000743 95 395927410068098 91 100708342923045 82 188680179953553 30 130429001922702 17 139664644842003 1 86528114573055 23 167674738012779 74 117745908068955 34 257190523708084 89 157726734601059 96 139757997447156 67 129532500546181 59 217746078365274 23 131960011477561 5 151251376940570 1 113880307250296 74 245006101571053 34 161430370301799 82 62636273190921 91 211523431943122 50 183487836694136 89 107881544259566 30 163830439439366 51 158695257785179 73 90081184479296 96 171188525236029 67 312863676559250 95 104036728703094 17 115924786390379 7 132630355708200 94 166359169550707 74 182668023514682 34 215563947919260 5
3 41
960203160236148 66 963739247552861 77 1132316188806125 66
37994426880769 66 118465758050417 66 55650405352198 66 55288024672882 66 48199293674251 77 1 66 158837188364144 66 66503762865730 66 1 66 126436528161256 66 49486150725036 66 1 66 37269032843066 66 146712954377969 66 137170168824694 66 1 77 83906573564099 66 155916559605729 66 210384507275497 66 24267754246689 66 189229970085796 66 1 66 76986761933382 66 32684721656056 66 26172241554469 66 190418437571430 66 1 66 16013877142993 66 170633307191756 66 106103016020939 66 90100084707163 77 99975548796439 77 22922682188253 77 149359544845032 77 72368005192417 66 35376392268031 66 1 66 49849757323326 66 1 66 1 66 53746628494618 66
3 89
4227162064683407 23 4198520001118561 23 4240404249363440 48
131442663675458 86 114586580585346 23 146761706194150 23 143420926215611 23 136252152904528 46 162325729449185 86 141089452388083 23 129228270373875 46 158511595669160 23 134101650587281 46 141741678391767 78 124689319701986 78 140914168779796 46 116057005607191 23 140739033641115 86 125206548572237 46 109294618730402 23 121722783855349 86 178933354008798 48 126796866556079 46 128526633369738 86 147235096766792 46 153492636639439 78 166109078662756 78 106893068811433 46 126134878666275 46 143454806169192 46 134932132835811 23 130587779383645 23 141690343145285 86 167965265179040 78 157440338528356 48 135876227631019 86 153747669586330 46 153045014152177 86 146744777697657 46 150412837357914 46 104909042995323 86 152013815140996 23 160614686416879 46 142873445510697 48 155999061776282 23 150690391508201 46 137611839724889 46 136037776548896 86 123687806723936 78 156308367971344 46 141004470014473 86 135745248745306 46 159036269607974 46 144732511779382 46 142571830695129 86 173230710366710 86 132207201120529 78 160211671651734 46 128599914759394 86 138250150990979 86 153297060807229 48 127845560508822 86 152990762452906 86 143412352702673 46 126675190168173 46 122117092477284 48 162101746252917 46 139743638330359 46 146086497820904 86 126603395461314 46 160127145577338 86 155900984797970 78 134924707905335 86 118465610469430 86 138206479351379 23 140162016671692 23 145653578196823 23 116656237848559 23 163199596404508 46 127688000259761 48 148799702766688 48 177102485136450 23 151999483639530 86 143198482118093 48 152338368798026 23 148053053653534 46 171858854423829 23 153782625749174 78 140336163144105 23 137005720935770 48 133993676924632 46 164452168113019 23
3 28
1192739463591910 76 1144258654006402 31 1255691688863238 23
54908365134798 22 171572709934599 56 239719828606803 31 186799005836490 16 120516684646807 62 191045498619885 39 77306977053987 72 154818053092667 32 131690899178726 6 115917181367870 46 30433072126211 34 194689992499893 97 165056891553017 76 74736419826685 82 138945650624163 98 89866193401241 89 60509205209688 36 189395454735632 81 132970625027414 19 117843443769660 74 97608331938654 85 144315646501482 63 93567905132636 61 174718290313149 79 102569632781944 12 107369567043612 25 131471074934679 53 178320720736670 13
3 30
1872554005135046 21 1753520868063436 25 1756598809409966 21
220346927195459 21 235372794699569 21 247071432920091 21 148970215469401 21 208583957411580 21 282054647787145 21 239738149264126 21 152525246936689 21 185260664278633 21 141143985584161 21 169316674178379 21 269682149762760 21 109173196056559 21 108935139847958 21 195214920557789 21 142558034372686 25 246634582468123 21 253648469718522 21 200975303071122 21 104919650106909 21 156331294618889 21 172936799748430 21 167068811738590 21 129056621290581 21 124982813696589 21 270239313977216 21 135459726206400 21 202271158683957 21 145696375445982 21 251036705798829 21
3 62
3491958358023001 87 3403129325046725 85 3481974652236704 66
122478964606257 66 170519338497731 81 207341189864965 87 185120404197371 85 186810492633923 66 164100632005425 85 151932071566897 66 125628746707712 13 161668805212299 85 185399300332026 13 158543125206398 66 164800129552343 85 125166669925382 66 176962050392625 81 168883278877267 87 170325938982712 87 181391347268544 66 144973299524430 66 149232071511199 85 209820463372875 85 191548896757413 85 199143263097265 13 185094104940229 66 209316025878198 13 139082343832058 66 122962765078562 66 136898613756421 87 154633000709675 85 175991739405723 66 203482607700652 87 115391700843040 66 148383929863074 85 208334204997534 85 202481483360489 85 180583480990920 66 183567426618128 87 182757218684968 85 84948984692844 81 116732522403075 85 168602942566365 87 209466877251098 85 195648614369056 85 124204910588897 81 89106405818180 85 153761186128198 85 111581502314439 81 194854668575141 66 165912501824604 66 130115691846151 66 234887420658286 85 166957138553128 85 194580780841170 87 159432318204341 66 160104895854539 66 143400383898930 66 167648896347111 87 167059639679973 87 235291252895298 87 155183456356280 66 186253104813483 66 145160792578851 66 108228268020788 13
3 77
1257083096231380 72 1228961230894099 98 1209233157120004 3
29746145998248 24 49108777530807 35 38823987586654 8 40704513918150 47 27345582842635 15 42118138732081 99 11431348068030 81 93274878397597 44 47210337739425 57 51258232824168 4 38900079324313 45 96073362518913 40 56039790085008 82 71064489875053 58 113594276845167 3 79973608190152 29 50352858933381 20 44128074173635 73 47198561645816 25 67856235939514 2 51416503524737 93 57032818811594 78 47154446820884 88 83732344099279 7 52167339255586 67 95124322295538 98 37079548498175 62 49626585430175 41 41335773893787 69 52671000773943 27 40480769272309 84 50767983486200 48 40455862060268 60 35067690415451 68 63805330144147 72 63313964240867 90 45870122735482 39 48743448427665 86 75607328384569 94 63360211046752 14 59568758562949 16 63103118891044 55 87881167414834 64 29265572671162 38 78057931869249 52 29586535774657 10 57034919620445 79 58100185330811 92 20384553756209 77 46796734623089 63 72422110064007 70 51788091064041 100 39792582465976 17 5262923492816 53 23064650817108 51 56364690380821 46 54293955180829 56 38407906416885 5 26998074933198 76 77062794113158 68 43496146316289 64 39060070252268 41 16286786393819 39 38731907432477 8 26756491833825 55 53050892557964 38 21774167316761 82 58804777849885 29 87184320721927 16 38657012367141 7 76790350832060 76 115085421057121 44 34979383483374 81 20642866689501 98 36131059853920 17 62745667429288 27 62985337470392 10
3 75
2833629534482499 38 2782107391568980 57 2861418677366744 38
46372530774501 38 9091860453673 38 79332673505437 38 85844170959316 38 73683579082114 38 80166362623619 38 141964887190390 38 254902461539196 57 101905545809885 38 59518033314746 38 198196854239918 38 126436324386942 38 89627369798192 38 133387108841352 38 71377201029517 38 254222404777432 38 27424964115274 38 183937746732907 38 165639654922556 38 106754988202302 38 144307844219259 57 148937223260916 38 151081041867030 38 125326718975757 38 207532410958202 38 100944867451827 38 182220837353122 57 222884297797449 38 230586808127845 38 98316972625142 38 202450821028555 57 1 38 150148350604856 38 10017492051590 38 152212485301985 38 29504288344473 38 1 38 172871117452337 38 109626567182411 57 1 38 212872366167935 38 264434956159671 38 194998761062288 38 1 38 13852656580313 38 81564530060523 57 220049047684141 38 132630275550569 57 73849051944951 38 61829789243541 38 50343670700505 38 1 57 49399509949175 57 96748338993016 38 133789596363776 38 183683412359159 38 103368402479910 38 148591272459918 38 94509022537573 38 251041369975209 38 230188231236334 38 50505382768565 38 127260526390189 38 64457490173776 38 151227248234569 38 190216215892582 38 1 57 45284114521342 38 156814178036908 57 174267211821498 38 60173039936132 38 300464882812872 38 179110701158365 38 135818108118476 38 50030325248854 38
3 62
1704802109154949 21 1709822871288165 78 1651318992791616 2
128471952195190 25 63792415246273 2 20089803997732 21 226605876915709 68 97298945627015 2 62946412135154 78 1 78 163880748195754 2 117959755077400 2 8099441793394 2 121504074542880 25 145541906356900 78 162938589421271 2 9601897666309 2 1 78 31704965765231 2 187289624570029 2 138519431849432 2 180970624884985 2 1 21 71361733056367 2 167499176760230 78 58211620010893 2 120756487735295 25 81002167905909 78 113271392216254 78 1 2 39535327521149 2 147539630534773 21 147391132825899 2 77082865404042 78 316327698438864 2 99039304397259 21 1 2 46367107802082 78 1 68 97740497433265 25 1 78 94818492844722 21 1 68 166460964455444 78 154199737809339 25 17548695214411 68 133184830138308 78 1 2 62037210387024 25 93742328260774 2 1 78 93748415769694 68 20234574160886 68 93459920681162 2 350897592203597 78 68499902613005 2 1 25 40986112137071 2 184636404649636 2 10277895342114 25 36522082560721 2 42352095064173 2 84615250631463 21 164259776779734 68 120250539699111 78
3 21
127097805675459 1 139594106237540 6 127598601129089 9
15223549666486 21 18097503143283 25 19587452722404 6 18554409004916 9 17860622096567 60 14098562498942 90 24527606436699 7 23836947211651 4 16753054467094 14 25734191640753 98 18513165626904 74 16119812139503 73 16079947027749 36 11851491809929 31 21988399798928 54 23824369349770 92 13686190882754 13 17373396668483 1 23093893306936 16 21138968369766 94 14065068145596 48
3 12
790632560717591 22 680635068475692 30 840625706758979 22
199816384544352 22 260339083324900 22 139903409706517 22 166806955982667 22 236461302025585 22 267678997959397 22 198507137310967 22 196670509069367 22 181310311737119 30 212707773385449 22 196002774651272 22 211094536431551 22
3 53
1470379391643714 20 1379311223943209 82 1350103494603162 42
32849402381243 42 100558322575476 43 25085970329707 40 145672801974866 43 46097314526620 20 83136988326951 42 91703945376906 20 68102811145029 43 77444454510091 20 192893279680545 82 37724620466956 82 100837429666063 40 81628740973895 42 81832644294084 42 1 42 114721345072623 43 1 82 1 82 148263435567594 43 130393442417842 40 148595646055559 82 50253083942683 43 4480211854815 42 55444581469060 43 115026360507452 82 121144279546232 42 135417400932446 43 88415405856623 42 87987606871961 82 115274330386912 43 192333470678949 82 100289426956714 82 35787763639962 42 81089969719977 42 94173105174080 42 123499690405403 42 48392975658359 42 63383593384328 42 120457571851967 20 105377330207180 42 49288416089615 42 28665125983190 42 57596191193546 43 74243358827560 82 100977205715801 42 143283229586991 42 134602674449872 42 5613923749795 43 42689097302774 42 113724912886877 42 136546041082569 43 54279946772446 43 116614105188544 82
3 35
2791358038738998 21 2554515550453024 42 2695409275158977 49
108842834927851 93 223462064170937 45 144304037146310 96 170647462104262 16 202428694585807 25 234887256367834 60 209581540111741 59 297072069294105 77 306436241796681 66 220993057616521 23 279241959439319 69 153491624513884 35 285439986914136 47 328237920467219 41 75903963279787 30 86333119482568 36 255851167162879 67 192840809957165 55 278806682303090 21 120296491193585 92 174934155358195 27 305636909112012 58 233935767829357 73 125957962332785 14 203775802309632 82 296527542126130 43 231280569925969 39 209692461296873 49 137180744969637 10 117094016034340 17 163670599413726 94 219607799542574 84 231075156516350 79 306729193453331 70 278104767113320 42
3 78
4093000339467655 54 4101610322680548 31 4109453061521110 54
158992639348854 54 155923002662721 31 164917618759288 31 156131762320912 31 157773204642553 31 154025212213685 54 155242323501997 54 162464371782681 54 160384659822123 54 158328280177173 31 153311362177871 31 162367248584061 31 156875237173335 31 164357087042960 31 154843449746552 31 161034637723564 54 149849078067663 54 154189827981223 31 163245952884001 31 152693378176668 54 152568517154967 31 159004007385764 54 139699633930951 54 165851454500418 54 163129302728913 31 154459932061536 31 147336033988590 31 160077638732711 31 160713495293275 54 159471517430886 54 153345302751718 31 159500731113530 31 163812054792573 31 165724369832624 31 159492893415655 31 152289326819053 54 155887071811892 31 152153298219759 31 155410350384370 31 162200097005210 31 157696027517273 54 159726124488445 31 146444559752243 54 166073501236541 54 156113742018861 31 157533543720280 31 153588468292427 54 151471643140814 54 156560550114848 54 158261296646887 31 162818525171908 31 155931211908512 31 161295705812480 54 155213413317842 31 156792649396926 31 155157540891431 54 152677370133390 54 161521295314660 54 153330808930124 31 165466256461968 54 163327008787515 31 154507148075372 31 163771765578056 54 160197680618267 31 156256557119418 54 162918894141720 54 159012163658784 54 162966539433296 31 156427803843406 54 156419641026111 31 167584703701987 54 159311637327850 54 161530852264633 31 150709082684012 31 162472794571097 54 158917323362078 31 149572658690115 54 154370482935129 54
3 73
2000959594225055 15 1934084006011970 35 1991086565793898 35
57374605421981 67 128548519629538 84 56788116929144 35 96089630794278 35 87873107985342 84 70787227189830 29 131602160551935 15 36653497310956 35 82587735006896 29 94269088287940 84 87677473225792 84 82277393007000 35 44084708574560 15 73379122996548 84 90990794017081 29 114271948689550 15 63051519296429 35 117498216550764 15 59024598604912 84 66621867395095 15 61067637477095 35 138166635970497 67 89098174606464 67 119451962326044 15 50335986845829 67 99820928213066 84 36142874262249 84 37820794917901 67 92270602670687 29 61091557134256 84 45288507438830 67 71213417460973 15 89602484078924 35 107724797498415 35 38199396655280 35 72374891951797 35 12027316809480 35 78938083366329 35 68868050306818 29 59702860009850 29 63719379950415 15 51940537348098 35 138540323562069 67 74149983504553 35 110467062457310 84 75723626405174 35 103476498235372 35 144067551151360 35 42154852309779 35 67951959276504 29 81144129157580 67 124053810305970 35 112633887833074 35 122825237690906 35 84447190101982 15 73888864420166 15 107076106699100 29 75250868283468 29 41838789288281 67 72426438733624 35 125046364092060 35 106600692149546 35 37835682626030 84 45166020882216 84 74291266179615 35 96567761195287 15 23297506664069 35 36755126031685 29 86156776494200 35 78864161674370 29 68228423830553 35 28897978046998 15 96623123479822 29
3 22
2164617608356044 81 2146105861613513 24 2139235345799698 96
287820849706384 17 289649797142408 55 286250403902278 47 298879795941873 69 289761741122706 86 288972686381163 6 280028860282816 58 294000521830858 95 294176878499738 13 291331436211097 30 287620925610941 34 299080365560701 75 282027998424357 3 304335685414503 5 293319308437341 87 297264049275805 38 304117752019522 20 299260963777404 97 287290828987943 59 298757106444534 42 299852262200093 11 304156205318366 61
3 88
1280393076054438 61 1262403493057585 8 1307336481787982 61
15457706949866 61 1 61 1 61 37659300938624 61 42341928076821 61 51879586259514 61 88423469338497 8 69982296283277 8 2192260616640 8 82046553184053 61 29056967246213 61 18521601077692 61 51256703462394 61 78325351369226 61 24414584263438 61 1 61 78519784421335 61 58578489264679 8 53617934937867 61 12628178873615 61 21734185272234 61 57828039445688 61 20906190822048 61 93276741850876 8 70707149523206 61 49310278132872 8 53241179959010 61 27468291266895 61 49547970180827 8 14553194098114 61 53394481292192 61 59018179269669 8 1 61 46581624483363 61 1 61 19430350093490 8 49648255215560 61 45908414331691 61 149759152651513 8 11448482045649 61 35707719366976 8 124381437315285 61 34284778093221 61 34255397177859 8 127919755181284 61 43767328652836 61 28087921573048 61 11201599254212 61 96936544136406 61 23370624141023 61 54155346203904 8 41274487387504 8 93153721194645 61 24537986834260 8 52675834783586 61 39893281619803 8 16534765461771 8 51210702602818 8 97282600033077 61 94596818853364 61 62778421524841 8 66082283592799 61 38984092850767 61 2999411872747 8 69981017925058 8 100549781880837 61 8487714673603 61 1 61 46039149388319 8 59967009879793 61 25400262305011 8 1 61 107250270284800 8 38452965941285 61 54669721861569 8 12252380984243 8 28865558871736 8 88342304954405 8 53018504238882 61 27905985831196 61 63690629306568 8 53055522623912 61 62861513199089 61 78590063348247 61 32583309532111 61 1 61 17606289420259 8 50860165217156 61
3 58
5577621481997176 54 5520495506155857 31 5546567152746046 31
228982980026002 31 306428888962376 2 265476601717546 41 266333392067028 2 207691097082153 2 304220692686655 31 260413845058015 31 278688657707438 31 297707193320471 31 275904132876576 31 269038946599944 31 293549133392914 54 338783511260980 54 250805874151060 78 277946326067700 31 211688308680545 31 369415293659981 31 277499379699299 31 293067754846614 31 289233445088289 2 271992525939989 31 233930805481834 31 251535406764956 31 310896706701071 31 304850963747599 2 333096715315452 31 235249816536480 31 262467084975650 2 290386781517577 78 246346836379233 2 168996071098942 54 195639766629663 31 232237383245515 78 197760537016251 2 291826522008577 31 343438245084282 54 292103877944216 54 278211915856291 2 277927539086131 41 357992686986981 31 274507724879575 78 291854858659856 78 259711643405348 31 276623421319636 54 295079278607858 31 293130099047881 31 289590164518015 41 247198965200099 2 233833972316723 31 351858906304819 41 237767309000029 54 243116366728482 2 279317541213531 31 275749752268276 54 271827531187022 41 225995729936553 31 234125852156954 41 309663777087710 2
3 85
4564228404846443 4 4571354495443641 4 4557310786542160 4
167228548522697 4 163020048886968 4 146899850064656 4 209140829235300 4 172986072932155 4 150156545205936 4 175784196057102 4 174411771547984 4 148554037639154 4 184953965512534 4 174912244783960 4 180198604824356 4 159785057814224 4 170200189409168 4 133884305991806 4 168209758021253 4 152090129531829 4 171099562445277 4 146205113458029 4 154386817982592 4 143638194549657 4 163320977747798 4 201193626311937 4 178435011410073 4 188895440736667 4 173933888152535 4 169538827182493 4 174388073653859 4 163703932136047 4 161551298045221 4 152503364692802 4 150431805387888 4 174939732807415 4 147242632761756 4 171166511273336 4 156392583942186 4 137735319359020 4 164713982036618 4 151809238573711 4 186721259267129 4 183919694777407 4 144068979710357 4 141921190044826 4 148621647459029 4 136144822112108 4 145105373668304 4 197038103425624 4 166406541382234 4 150760587305564 4 183765986396058 4 177072101612155 4 138819805599820 4 149868767945059 4 163995885919783 4 170935471404924 4 180996136235854 4 175780282072272 4 158114642515535 4 144854692553066 4 167335891754136 4 195461182431405 4 156721378051969 4 133468626980720 4 169110176022334 4 141284592144573 4 177593061336196 4 157172568668219 4 150793016823330 4 192332041668565 4 183183006703096 4 205438625258854 4 174195153866559 4 163049797816523 4 179329311289524 4 161220802410887 4 187237625341276 4 134358930048221 4 151349192797042 4 174208674901937 4 164341237817496 4 137552059915886 4 148432461872671 4 164513356495681 4 139145944280841 4 173743511474754 4
3 16
963871602980511 77 958767053622319 5 962838440640467 77
182331390504895 77 180788343662603 77 175781382221453 5 181742143378474 77 179465295082851 5 181602610417065 5 173658246253665 77 176552440184708 77 180245914210638 77 178693988768803 5 179589493073822 77 181382981882739 77 183607072462723 77 178833000738579 5 187564126519402 5 181372905487051 77
3 45
3917176294468543 63 3919625145958406 63 3921765872457405 74
262481270641975 38 256179735317160 63 262559466440414 63 262509019260800 63 267169575948985 63 265203536485317 74 270578748427373 63 257583851853551 63 263387305896885 20 255163264911321 20 262389774693044 74 260672197940034 63 261045934503577 38 261864492474841 20 260357274768391 38 260867495025247 74 260892965241983 38 264701576089354 51 259026770756877 63 262827963047238 63 256218705420896 74 261097064525290 51 264772893991474 20 262280712320816 63 266992344760789 20 261997682852094 63 259063459460916 74 260178746548742 38 257440617447362 63 268967206476674 20 263242400598804 63 261811238506596 38 264307942011997 51 257273435286958 63 254259862429589 20 260320229428971 20 257202541859145 63 258186661609569 20 263319806353991 63 261337740893076 38 265443390593366 20 260665884566173 51 260121284358609 63 260547324256916 63 258096782688901 20
3 71
7136213638283235 22 7030410681953626 35 7067799676084008 65
260321376543910 29 232441266908724 21 178258040886910 67 299443278397858 39 219586898561030 33 198360013732327 100 295327481212780 53 293397075575115 17 262139810141436 86 271867286388948 50 283709454219437 5 315181502330301 77 390014661666768 74 364137400607658 20 305636940791309 46 306399262385459 94 282012222260546 68 370569914384519 26 359456344400976 9 274513019957343 69 271586981155392 81 373753931005514 70 241828435264294 48 328666262617066 6 378673441898035 47 374131210473481 82 325044887614636 76 334740490670250 32 239827077446326 8 272761514393917 92 345995613529979 11 253763946430188 98 305154200828334 60 326549927351364 87 223841717507903 24 319424149290253 35 256196711689572 2 337518717677604 13 268560306290728 61 188597302297525 22 386292057670102 42 296675947922661 15 182036119987655 75 271739909537133 34 274263648839588 36 239130301086142 65 263588313651087 54 187669348545081 57 349403525084504 66 175113399906166 72 379104086884315 84 310988886930941 59 293931596315733 18 322240966516662 40 157598345988040 99 364976538214416 1 353934444332185 58 346269348244036 49 303933013699688 31 256916328214941 55 406449086911522 96 377846539847880 80 293111234132611 27 267522347301279 64 346947364729477 71 149618808142760 63 236850596926724 93 198224075139879 56 370270599668564 62 310216530370930 3 294286094310048 91
3 62
6208407976903918 9 6188221109142374 61 6196368848226972 9
296545764732098 61 300779151213981 61 291382126284902 61 297139680554185 61 295096484141842 61 306413470203711 61 299760613548202 61 311099606782510 61 310235487547994 61 297458419582594 61 304113802438721 61 293818034025300 9 302545769638592 9 294396702700890 9 299252941797096 61 308057618222830 61 296244514908509 61 297756505113493 61 313885837050132 9 276789762147915 61 292673834689376 61 309380437246841 61 302189873791673 61 294379544906831 61 303062743269679 9 293952736102768 61 310872038724614 9 319028300771642 9 306007828369531 61 321632618732611 61 296541385250093 9 295382496958415 61 305327086456952 61 305036667586578 61 295714804941921 61 286952566855440 61 299137196683508 61 294356414614868 9 299433591831495 9 308409151839135 61 317305564625289 61 308044501309508 61 302784843080305 9 298572165090557 61 290557488157807 61 294914261948570 61 304299259567137 9 299616574026928 9 299578434710661 61 313410479350692 61 290809952919824 61 303194173516423 9 296472677511427 9 299528832902350 61 301573664785904 61 312261107434867 61 291953273503229 61 297946138462068 61 310397190637036 61 308384009910184 9 303099923139711 61 303280467836230 61
3 46
4590634849575831 12 4575408610232370 46 4616271046023118 96
300043227412827 12 267195480912106 34 310544046057857 96 290133580838186 12 266298918726775 57 285680940462796 12 288806709881071 57 353339629837999 12 262321870802358 96 311118565443418 12 269296072009028 12 328518230410766 12 322659673037726 12 297844039916343 12 314808858651433 12 306173885250171 12 316648488024228 12 281132870200574 96 301810800636310 57 281741629723788 96 309378223320937 57 334192206921635 34 293152155305591 12 347317177329798 46 289381091212742 12 301889529126359 12 276652525075367 57 300854598081864 12 298853216442971 12 217113097342946 57 284200443937689 12 293341342206596 96 348832053159764 57 307181308456324 96 307263427774419 46 223975655675929 57 330829325379672 46 320892217390447 12 308811541873555 57 305309679321498 57 308584760726316 46 290480096394537 57 263069658917074 12 283682444329068 57 290560255830797 12 259586603920145 12
3 6
100949477351922 21 101005302871776 87 101161480084640 39
50802682390357 1 50496445601104 54 50813502712928 13 50533506225710 85 50558858857638 49 50353119659407 21
3 30
635366188890109 31 582740597596410 25 625159850511811 31
70364018874428 31 9828057968152 25 80188229766344 25 36498705145778 31 77749971249004 25 83208645577423 31 55774032000176 31 1 31 76735487779490 31 89646261808609 25 39462527979394 25 97709351097005 31 40469444989346 31 23761176174189 25 3476561730620 25 46053196796222 25 68183018390426 31 82141602773885 25 87389332681173 31 67592689912171 31 26025380412066 31 1 25 78523282890509 31 55699382794732 31 24538991736491 31 8246604858041 25 112845156116701 25 4123671163173 25 91618165081324 31 105620600316213 25
3 74
6268444368347640 7 6408417358238808 7 6240440379255555 77
395689620531946 77 308244845700292 38 222989351749269 97 330749973041765 77 284018242416012 77 150047438618007 38 387747372827558 7 291700749129220 77 247226540576046 18 474257007503877 38 183983887247526 77 125780949317930 77 157963707292971 7 230895669344842 38 283410908636521 38 249152304105889 77 388450475716092 18 66050940135809 77 230364215850974 97 444652654101537 77 169125194736870 77 172059962988936 77 263382419443481 77 133550385632038 38 331212010455069 77 160557077193883 18 403109454394449 18 177678870219705 77 231354189202728 77 184380284771758 77 80501916452655 97 269319243718686 97 290327424501766 77 311897712163349 7 133186915340909 77 146819450552137 77 182058878185931 18 298814239730491 77 204592905589736 38 201167285595824 38 324416682138491 77 226889379146849 7 64388387118382 18 335092115361722 38 90556340755834 77 162230199151172 7 131102248515744 77 276270345679286 7 264280822803834 38 228709981458713 77 299155930759275 38 398232635295954 18 211021787313293 18 287364556665192 38 221549346194623 18 267309105035614 97 244580643496055 38 309172074811676 77 309298151934316 7 227016701809076 77 166202901678059 97 125846055620302 38 224850440843105 7 255597217080526 97 208562703386547 18 241291703633584 77 223955219925045 7 258189806087285 97 142781454477107 18 201662398114921 7 197382608859331 38 295559315338280 7 236720016982319 38 138406286524005 7
3 92
7121616488032446 37 7239417892830797 19 7111074516119589 60
246178089490290 19 121413085213374 93 332376394541257 68 80524713294851 16 214374404557293 27 83792989904624 57 207300420943592 11 113913239119910 9 333322525743482 15 189156538745489 40 268426201760039 23 363285778105594 8 171360265451929 7 245319129304164 58 394764157029054 37 170282873721250 60 141875509858227 21 262177421576016 67 71987309761817 62 304397732108603 54 205615596567075 93 311423597069899 8 237494180863156 67 68839301423627 21 400321508343505 19 136471497613797 68 223795549454308 11 371141031830701 15 340250377112278 60 35339367146884 40 139453757882858 54 165791353202661 57 177914213095492 27 371545150783207 37 187750634422953 58 101830414084630 9 182630988006497 16 271320487620722 62 196951971874354 7 239447833111742 23 118270208306158 27 225047353340232 40 271268026503394 16 143372257347042 19 382503489703522 37 302404244098544 60 207500333799455 7 322021478153306 23 118783927724959 15 312519139015954 62 187575834848558 8 260780407842597 93 194074135797227 11 327335380681478 57 157773290416512 21 202789862253539 58 221299870822454 68 314891668020913 67 287521703800585 54 282445158165842 9 271343625047052 8 207419758804797 27 283958477284399 68 146403553934273 21 234710110556616 23 168756081627176 67 455036239172155 15 179880567290597 19 196449868998378 11 182588873151327 16 161559875714807 7 464076459665249 40 101721144479226 37 169115078845868 54 251964416513037 57 58141985732348 93 318473719077744 9 243332120820122 60 117101044782162 58 87260109605153 62 226334368572040 16 186885587091166 60 62636034948372 8 291315072937701 58 202644298321451 67 326326125541381 37 76670119337950 9 220240948754134 54 144546818207321 21 280665381300063 27 326914783180340 68 358570851099995 62
3 30
2027408553448835 49 2019291034911366 93 1981198313291539 49
259679344438794 49 223386660750051 49 206055200637716 49 210148280039040 49 275234025382253 49 210659248550738 49 216752702280652 49 151350662141750 49 226162546709007 49 170230568230322 49 184361986221403 49 188479452257868 49 188039818613985 49 142829438073114 49 198183826345664 49 176560688112424 49 219018980877325 49 229220524600522 49 199138379305575 49 175261454671835 49 126321742724220 49 127075544926101 49 201505698071661 49 198784700415205 49 270174360570592 49 224437902919057 49 219162876261948 49 202550009511412 49 242130267584369 49 153824446847654 93
3 67
3053371470561855 26 3056482868444471 26 3050538024670653 26
132583818140060 26 128463077667730 8 137300028880088 63 132387582444537 26 152849487295235 63 138736582101617 8 133040613922246 8 144838946242792 8 131214646963510 26 127957510902302 26 128292056948781 63 132038567480297 26 129220026202111 26 116856631630315 63 133333747345801 26 124480045487804 26 118386659483454 63 132392859598338 26 154603403857653 14 141808531144821 63 141756001520271 8 143212205808955 14 131283150791227 26 131181293081812 26 129333108813070 63 133026200225269 63 154595449019700 17 141734632255804 26 134347829795058 63 137197926748137 26 114905329210917 8 131242109109341 8 138581321407623 63 148822360984072 26 134320113317391 63 138034654944162 63 141658533759493 14 117725033516540 8 142536785460456 63 141277594623147 63 140674806715205 14 142995550912149 8 139688564569813 63 141888705942936 14 140699781916484 14 143249890029757 14 140119650618395 63 111676957845292 26 125651944334384 63 137682361584865 8 121506629076992 14 137750929952796 63 152331921814752 26 139027104822985 26 127190703268376 8 131079274591758 26 146578955489797 26 154149935296005 26 118016407329604 8 120589822961497 26 134214043758304 8 142139806799843 26 127350285337678 26 113737020838694 8 140619083753294 8 140395853159949 26 131250820857266 14
3 71
4634854986152089 48 4637830883653658 60 4634698783711926 12
193999648942080 63 207687257725025 81 188630425016724 60 212699094049373 51 205856865685686 86 195529317343977 5 193099694495947 26 199390111277666 65 197545810898408 47 206961987494812 40 185027954103086 70 187602662030608 54 193967371359306 48 193886183423201 12 196897381008010 12 190308602083049 65 196058179679453 40 200951314224586 48 189907441427540 86 198455286457219 81 181419633541852 47 193670934682485 60 191500947704754 70 197995226935855 54 197565958752461 63 205845241420347 51 203181449842760 26 181407581532567 5 189481083199623 51 195060676077783 60 207479929571577 26 182280233906976 47 189288446474070 40 194223737966830 63 193329284435019 86 195252306252923 12 197900760412893 5 190985423285489 54 190406720813616 65 199526428897520 70 194279611462294 81 198662915194658 48 201521285560273 26 189992024751568 5 199573416631286 65 193614907701256 86 197683602180520 47 192360113148150 48 188899597584087 54 204826173002400 70 202402764889078 40 197854873557856 60 199604415808476 51 203623120912168 81 197829612590008 63 185583328370332 12 203422270431587 26 191762185934370 51 198074132000065 63 203555335561720 48 196898295048818 12 190417960728917 5 195888578569045 60 209695277299955 70 188615959847135 86 204244588203064 65 190700726542840 40 200450402091042 47 194525562936143 54 182905015135827 81 195914089983877 60
3 31
2449435427664363 47 2530686532527623 14 2558149011328313 47
251441640366023 47 234281760599357 14 223361897799550 14 301165406413003 14 122124215971038 14 369323030895711 47 382625948282094 47 310176750810193 47 252374581487273 47 78663926340584 14 175286019650261 14 156971411167696 47 268582799288051 14 337968594810162 47 226645161136522 47 51420396223028 47 176240145128596 47 394136427860344 14 221673604123079 47 279990424561989 14 81349501013463 14 211418342959181 14 220226866428112 14 407830962479838 14 343447847285689 14 277511304289444 47 160979569160900 14 160191707922917 47 208199652343215 14 163766340674468 14 226910574488524 47
3 86
1369486786317244 61 1292874689060582 100 1280433750852875 81
1 61 117493309617425 81 65587612796829 81 1 79 33015166121421 81 185663840211151 100 63089265006824 61 169266533534108 100 96547492614881 61 85490157748798 100 1 100 178571897389410 81 20211057378696 79 36858582509465 79 99169005429394 100 41530039441021 61 1 79 119562856752786 100 14849502803234 81 84489928203819 81 1 100 1 79 33363065058729 51 153226778671679 100 84778504603173 100 1 61 145509781001671 81 15453114668769 100 1 81 87362533520652 81 36628951278129 79 1 81 1 79 2860897708601 51 27657739154190 100 31241815776295 81 1 51 204674783912826 81 1 100 1 81 1 81 125072421982189 81 20112427595019 61 55065039742898 61 1 51 1 79 1 100 1 81 1 51 1 61 1 61 119864373242102 81 102496592696727 51 85437953723699 100 152129705347360 81 76189140563860 51 156006708546276 81 65524091084225 100 64423833844137 81 113772117118454 51 188216935508463 81 55812430533860 81 137341659439713 100 110880909340163 100 118653650029521 81 6139592270682 61 41401703328413 81 1 51 54534009776082 79 74628416576207 51 85830941945127 100 52483613284200 51 183492371275174 81 135839585527355 81 95147338868356 81 66574942607382 100 150327452341776 81 1 100 70678228358073 81 10839975225862 61 42283886767123 51 147055722439003 100 1 61 17691402372678 100 65330505033568 79 146345057278878 100
3 36
1291931058795579 59 1337253705892341 93 1323262173096017 90
190372933216330 90 89803393519328 11 109088535919396 59 66708548163198 34 141831809698911 15 136769864890896 93 96821343787103 19 346339342785272 14 125573253186776 60 154657734749571 50 141247601138439 23 76870106519680 59 1 14 52436071054617 15 125090303111366 93 101615935105556 34 282180402689199 23 1 19 110753543167991 11 308759113120295 90 56073032692489 50 83184691772913 60 100764964115934 15 98752996677001 19 172442868960559 59 240986446194616 14 88938545298114 93 108956999972341 50 52394077949815 90 53271006618205 23 66042543155730 60 1 34 118959269098407 11 133040516155761 93 70500202759210 90 56608566109638 23
3 97
3655789462499867 67 3647912379845328 78 3640044086299082 67
124497640619953 67 147059620789456 78 161864258850506 78 123804776645456 67 143120942705663 78 76508034370289 78 91533774831341 78 107328426472816 78 154249328230508 78 154497534085460 78 163545028006695 67 85596263769128 78 123600257688614 78 99269491427836 67 102620973751517 78 56160172926515 67 135420640398236 67 113884562171441 78 61225339226374 78 110967610294316 67 157300461119375 67 155580160315355 78 158159049961716 78 96200233217254 78 74168553591310 78 97927927634007 78 86961318883139 78 86186472908270 78 174618817865543 78 125813162990665 78 131143290872718 78 115171743638004 78 78321647911465 78 21914081061013 78 88029395589859 78 117450239522505 78 116002508930869 67 92875269303320 78 124607239195070 78 125657560257253 78 135761973574852 78 111915652031909 78 163464822733895 78 110216867369750 78 111639871252532 78 62356687879178 78 117154623027471 78 87848522140252 78 156721949810013 67 69075225924675 78 98835204908345 78 160476566808542 78 114317280030342 78 56701145945196 78 118543559590958 78 105002709584226 78 111364206781397 78 92776860289771 78 137856698099072 78 123838060046442 78 75372405405031 78 89993381789569 67 161696344359274 78 119940226716609 78 107360551474352 67 64955570725581 78 92972274183706 78 106174248360420 78 187122452127360 78 157345282627989 78 125041835446878 78 128940248170523 78 85961664688863 78 138093121498665 78 114987665718782 78 104733097330662 78 190470824272840 78 79534094774975 78 105818008603267 67 146830293674792 78 113031615625282 78 92776816342195 78 76570372327329 67 102463295578430 78 127736548408748 67 159157163858253 78 98189214474075 78 144561709107727 67 80978979973516 78 141649797273277 67 147615704233197 78 94239341012321 78 160674455237476 78 124491023545769 78 133727519548309 78 184903545777278 78 158638809745120 78
3 96
43634566213635 37 47360665199330 57 45523803657378 29
1 29 3473389005523 37 1 37 477405822549 57 1355508191338 29 7091300640153 37 1 37 6019217711814 57 6361266695666 29 1556704655987 29 1895780696040 52 1188585029142 29 1 29 5822642205945 29 4658720297009 29 1 37 4394684632640 29 1 29 10838161644382 29 1 52 7873011222201 37 3525323316656 57 1559903870184 57 3316662625324 52 5092793915571 37 2928625385746 29 1 44 1 29 1708151243184 37 1 52 305656907216 44 12472341892623 37 1 57 3775037190400 37 5623178565708 57 1 37 2320007770109 29 1 29 2306967525031 37 1 57 7059753782555 52 1 57 3041818423718 29 1 52 4053053597965 37 1366346370105 29 5643813530027 29 12396357847120 52 8145853497322 29 1 37 4950520472740 29 1 37 1 37 4624640383747 29 1 44 13999472557738 29 1 44 3134094182457 52 834396510399 37 1 57 1 57 6645224189398 52 5404491592733 57 1 57 1612082828656 57 3709940379352 57 6175580958478 29 234226859935 37 5942014258509 44 1 57 5358587875746 29 1020500468613 57 6900538417557 29 1 37 5170210915712 29 1 29 1 29 1 29 5669090516695 29 1 37 1 57 1687037958643 44 1937994866301 29 1 37 273882884463 29 1 37 4422205254725 57 5288702659985 57 11154068759189 29 207030966978 29 538938972696 29 4682559124097 29 1 57 1 29 1 57 2256299321770 52
3 100
563438998739431 87 510749400553856 15 571033853220454 53
1 27 24544860093812 71 14589075785854 47 30640146339467 15 19427761382470 23 4940523073025 14 38020120431534 64 32335262766864 38 18285415533104 99 22358271283418 91 35346809238169 95 5455388706323 35 10705875757647 48 47454527522566 2 45933187701564 5 38404955721913 73 1827244395613 54 1 97 20386085594828 24 4144050988953 43 49107616093823 40 15090196197703 51 11943726303217 69 51270117639068 60 33690347311489 76 37392156281010 83 20541348935083 16 55541919029791 9 1 29 31193051284719 62 24524206845079 100 16238947308764 68 14371290850500 34 14865074319036 59 42268598156471 84 1 82 53225719836670 20 1 53 32965697728868 65 13003675191783 92 23560648824508 17 1 49 1 58 330579256468 8 1 87 42105830598519 72 61850213095596 36 57538759482467 31 39177253151923 96 14322120524343 94 28653434516499 7 1 80 11522079542387 61 46421550014611 46 12006756947022 10 18193245497074 66 21463035360409 34 34438568839274 99 34670787036930 14 1372918799983 95 4356889850978 20 21625920380050 51 1 61 1 29 1 31 1 72 1 80 1 83 20685668950577 27 85180460651628 84 54462230242667 69 42934305485643 66 1 8 1 48 1 59 2655343817531 35 56482377129699 100 1 73 56915417361269 82 33232031503768 64 21550273511841 92 3314539778234 68 26286448911053 87 34980100061352 47 1 53 23167756259163 15 7513684898965 62 5756527981 24 1 9 18343283432691 76 30459126826461 2 19013618730415 43 36203916291733 7 1 54 1 36 16670293918719 91 15331747079142 23 31128913590701 16 1 94 12663713004915 49
3 87
1822382532972101 49 1759003012209447 53 1801042733895687 49
50837565267127 49 1 49 35577267813718 49 52460787471772 53 151110081332709 53 5504439274734 49 1 53 102419493512155 49 82224803137078 49 7294836714576 49 1 49 143847451358248 49 108885486586085 49 64484153565155 53 12798743715638 53 60622203778289 49 22707103225103 53 77231996513829 53 28447759899805 49 36254495948388 49 106799022836087 49 68522946980701 49 31646939314972 49 78532981101982 53 30621206103799 49 67014909999564 49 149398020543629 49 1 53 1 49 13205710547086 53 1 53 90858416672227 49 64560794925163 49 112261373552589 53 75674200126560 49 64255089370778 53 120775380719750 49 150839325265156 49 207119862887686 49 1 53 111036333300910 53 38651788405873 53 14223443147406 49 42588645108296 53 175805494561156 49 1 49 15948735663246 49 55548803210715 49 131496139515624 53 71278300211175 49 9092788647514 53 53342871658557 49 57991822595589 49 50005047242792 49 46542288269970 53 65409517943239 49 22838742789299 49 9004513316199 53 89915997973447 49 86284587494796 49 103880241390019 49 54745984616738 49 50049853222451 53 81184968130637 53 176649250006514 53 59403142292913 49 33964908127734 53 47093914494156 53 31902252813388 53 38504817986814 53 51199296584845 49 49380182770513 49 66644548342249 49 122672997589229 53 83732940715259 53 1 49 118264337609930 49 129648228035198 53 70206607393075 49 34838877509464 49 103912073501259 53 43480660612650 53 128903738780974 49 99792058418497 49 68294346998622 53 28557998812417 49 61430456400761 53
3 90
3005503545634328 61 2976200998294667 29 3114644128204413 8
39225141775225 8 41341329447625 8 161075910088565 72 101173595086368 29 163268990045554 61 264811335859771 72 76185174581183 100 58296985672609 8 35129648160689 29 92405606348257 61 30744125300084 100 282600013794989 29 303136075039680 72 54604520928358 8 1 61 5126875405941 72 35935067615345 8 116950906870675 29 172885235517443 8 1 8 30629156701090 8 100790463845503 29 82858578100422 8 155241730084483 8 232276885757062 29 1 61 194036662180927 72 143143449944058 61 21340767250918 29 310373114331262 29 143424579712477 29 311318751516742 29 163469460468887 8 1 61 50226415006400 8 5962044078926 61 130713303918591 29 1753407859116 61 262018370748397 61 84658543309208 8 139476618222674 29 25823065005051 29 76139541502776 8 171718488406470 72 60302528389418 8 1 100 60238580405263 72 85512875366932 100 263290465074704 100 177358986405064 29 99320224752352 8 71179411069685 29 65180758954609 29 149806932116742 8 83515866733886 29 1 8 1 29 204492247605353 29 69302923666711 72 14582295218804 100 170953767722967 29 178778077870113 61 220768710862829 61 89595435426184 29 260000992149 8 228803592457178 8 150499557087165 29 130711153738618 29 21285503573559 61 137694746581785 72 191131563988589 29 32395952963646 8 1477342007185 8 168502543064106 8 186223150271731 8 75501671039996 8 184429817691842 29 154532365175316 8 1 8 62303177988371 29 93531884974245 29 180853944834126 8 19826812083090 8 33957327415461 61 142413111191741 8 16685751859780 8 178758701637914 29 66110346774973 61 139506790663203 61 193825889102140 8
3 35
2515502536406028 1 2513971460400709 15 2512694572168643 31
215392161454855 1 215179488507846 15 214224758070936 30 216850790004985 31 215906987936591 1 213922050316745 31 218312304960441 30 214582163680781 15 216484603780974 15 216564351478360 30 213459892253689 31 214618123878461 1 215921631716462 15 214637223558534 31 216472974880359 30 216505723801702 1 215083035095381 31 213315239306237 30 219172019770664 1 217067849148460 15 217217504439037 15 215169043082530 1 215101440971786 30 214646439536951 31 215721810040634 1 215309523698630 31 215972715901532 30 213234808879951 15 216149895705018 30 215050969673240 31 214518280516459 1 216212208903026 15 213711613577824 1 213084543137371 31 216137244584800 30
3 43
3529442249479444 94 3532987120691063 52 3418167774285991 94
261238853868300 94 373241669673477 94 308399921050671 94 186531801431353 94 174163056508466 94 370902215681137 94 97164924334356 94 298984111109963 94 270402669318795 94 156301247035882 94 133600727012423 94 379944018300053 94 196324517597330 94 138776656977697 94 210960659131375 94 407021401625084 94 418581730422657 94 316109043287526 94 269274155894826 94 11996317945806 94 214287997743043 94 162709307566892 94 248088615125445 94 351784514974872 94 319090994222421 94 157247257831098 94 275557563723795 94 255987999026890 94 192348613944900 94 224616783329195 94 1 94 146155354168932 94 285048118293772 94 317853648119646 94 213463211640719 94 279728918344131 94 237622970641622 94 180234007740723 94 145151823165466 94 232630181379019 52 221532056419640 94 300950980240696 94 112468443755114 94
3 42
52263117968246 58 27902007754378 81 253352093346996 81
1 81 127704536941319 80 1 80 641775436577 58 27392271132215 58 59371973877027 81 50976838059678 81 116947432146659 80 164834987112109 81 68212501548657 58 59591032777896 68 140617232370323 81 1 81 28626669230701 58 36304603663439 81 68266480576578 81 8322703433397 81 1 58 32761078972402 80 72568620984508 80 74253143554482 81 5249936003895 81 1 80 1 58 152329461872049 58 1 58 1 81 1 81 84004340083345 81 1 58 3531267814770 81 16891293311731 80 90075429387343 68 176825569491451 81 1 68 1 58 52505992560826 58 34872047129763 68 1 81 1 58 90731639193420 68 130505415470331 58
3 20
1144385118291682 92 1068820332258928 66 1223994739305216 67
16879597740298 11 159778820297135 50 55309757798245 92 144969883921758 2 285627475323040 62 42646360152581 54 78810297163135 72 156910692669807 79 109847827456440 6 240092086445362 82 53921701167589 32 39718232894002 20 264540621588648 38 228797462449142 27 310710701145176 39 221132928813192 78 102452889676185 93 370046095098373 96 141666359807084 68 268582320032022 43
3 100
5683385414273469 60 5771959445387827 13 5739858963206749 60
168710730980306 13 182220431864758 60 115535803220810 60 250684438487197 60 168508139942834 60 94068044726748 60 153772462414652 13 251564909589687 60 138795812245690 60 247717627053998 60 256862939846517 60 150381288447769 13 190237944182783 60 94602105647776 60 164429060158801 60 151359828563838 60 291658851765663 60 172881965704145 60 129627190509378 13 183921660053641 60 142599813475628 60 164559512375877 60 132796669470308 60 269589404193588 60 129235171694264 60 231160677513225 60 219791949379491 13 224533641283583 60 199908537220045 13 117946173217705 13 166638747405324 13 208937859828716 60 170892034709133 60 147602741424067 60 233298465805614 60 219863619229900 60 121353305841961 60 264148271308128 60 175494747728935 60 132293888240685 13 198889853242213 13 230083198002617 60 178758905896800 13 214832555563506 60 63315565546172 13 136569034071665 60 111464629810092 60 180483452449389 60 169161576148091 13 163768998961474 60 202714341781655 60 113557304972554 13 237821920940583 60 167055175041512 60 230616629900814 13 154718368763921 60 164222899333923 60 159577920116605 60 192487858485789 60 195116453947163 60 193416490712097 60 349124325786661 60 235673840111226 13 193780376849906 60 242262434180698 13 196135040709453 60 236307451043151 13 197695825548326 60 118718016335468 60 177029274954664 60 186520417131754 13 81498951644199 60 98530242864580 60 126645683158191 60 127962347727471 60 201980979841858 60 170602091129524 60 160261489433245 60 204410491079488 60 234324856791498 60 105697987831011 60 165664676379025 13 211930227529275 60 203580890792880 60 206764599539094 60 144220638335784 60 126376501291419 60 57835268563941 60 63366445719233 60 134737600499633 60 118470795782236 13 164876370836708 60 173770094676638 60 219083028573065 13 133521861907673 60 155247842300552 60 221032673415665 60 272823599436913 60 180845969411460 60 190228071567748 60
3 24
1201134998007346 85 1102273708386566 75 1271745799391854 85
151340613175060 93 228336629429370 84 43553605024314 85 159103066462771 93 56608553201665 85 156139055082909 88 98596066303046 84 146060082316987 84 43521385000089 85 142610984556778 85 115434263476994 84 133261703102192 93 161230192340698 85 268597279724346 85 217163947647325 84 121316256185500 85 157104406804267 93 138842208726180 93 118148728612235 85 194370031255056 85 214421976732557 93 139749535599012 75 111225151325282 85 196793789917712 93
3 40
1242708620613158 7 1205532624851079 9 1234451383043553 61
194853836225660 47 107368588427560 49 129530045133719 88 82282666314657 9 1 7 188513147692762 63 118592870959166 61 100202396373369 51 84835150399922 10 96802122737275 27 139169948446704 21 111099113016087 46 22446699259930 53 226473737212159 21 83664651720335 53 111621848759551 27 235790921109561 51 52675592061670 61 263545919079133 9 73221122212370 49 137733086722115 63 139568004830980 88 121738536422845 10 52283505056033 46 191902866408 47 81254059871568 7 58152730989684 49 101637228681496 61 1 47 169375858620942 63 22322349528410 88 189347029517965 7 26067146114893 21 234993738147519 53 145457282130478 51 200929006905803 27 4452464295529 10 114436733886706 46 164932145609978 9 30493906939647 53
3 31
1855943608624885 70 1765659931276919 3 1807640501778061 70
144980291819519 70 97801725786739 70 76231406549043 70 234372742129102 70 110861813684319 70 155823818915248 70 205168048902374 70 236026279665106 3 67698970348448 70 182087711110812 70 160351018714125 70 178435683910664 70 247946835674226 70 137334272107984 70 194801465261808 70 201172040823836 70 285942846228561 3 115105457729644 70 214438192638913 70 111994481929708 70 166727243757915 3 92572538354141 70 159046926725525 3 136745025317236 3 307577210216750 3 217108953124650 70 200335226703584 3 260577311411263 3 211503168692486 70 245199454628898 3 231045771814568 3
3 65
4765917008724589 99 4652339463384463 75 4661717723837361 99
309565058046923 75 241236873479095 99 196253852887660 75 220648483333380 75 198232633398551 45 148255963675537 99 280440026541387 20 274216755527146 99 185308106762795 99 209532624262132 99 138630727186720 99 251293670957828 75 160901801661467 99 271520458103782 99 185291879512345 20 184506925203585 99 204250297898834 20 205779237510153 99 282759190583304 99 276032222883066 99 290224751484560 45 195229358784506 99 244154789144992 99 207983842481908 75 179000888220200 75 234181132343541 20 234381250432007 20 114742539584290 75 221688526583802 75 269441099886346 99 190427976912565 20 268921627936342 99 227080005138151 99 227660403112884 57 280196725788089 99 53395338107376 45 207902529810716 99 215334494223919 99 239371266813450 99 204261457177231 99 174602856328278 57 159407653663865 20 246619668214430 20 205548538821611 45 204227849919629 99 232457088228254 99 311707504256519 99 294239738369301 99 199132591703981 20 240436156813542 99 207634224569953 99 201859504129271 75 313589527985990 20 250365213737273 45 174773368966526 75 260189725295001 99 312718437728433 75 194123292313125 45 297763410178963 45 164451894539165 20 204985606139583 20 271193719161304 99 201460371021107 99 212225648956744 20 215051039016330 75
3 51
1135584571237248 76 1139969964195919 77 1174726235229606 21
69059276168005 75 97884002512466 76 82228852883353 16 83038216012721 93 71073628430275 80 81670131003829 97 122814922590548 41 68895226595530 89 72852203593383 21 54796162785477 77 57992545360627 41 102051614118690 93 67767522771879 89 89314421886865 76 54561382886411 77 19734136011535 75 69048365990858 80 91034771982362 16 63365742668547 21 85893731393783 97 62523349551107 77 56387045304680 21 53945785631789 16 99757582603387 41 81426145717220 80 56683794652374 93 90582731197675 89 107090952552184 97 104855108202704 75 92445278395183 76 86706752829883 76 86056870525520 97 84285694940900 93 4661677576359 21 49901643402980 80 44148289817902 41 65507414875572 89 79254159756925 77 37727878733141 75 62413732484471 16 60716551097630 21 40167078261185 75 79293650402906 41 66958393250920 80 82860633800701 93 35522893190260 77 77409805516285 89 59114378046205 16 75372292360009 97 76781722661950 76 64661380649397 21
3 14
1370698042102553 78 1263886065777019 95 1349397223881776 78
264653438325599 78 330658920293399 78 359698007685682 78 228152169163513 78 335663903414028 78 231792172368712 95 304465072415185 78 232895674349310 95 101983745201206 78 292112388915526 78 336045341738404 78 428655482480437 78 145520198878856 95 332255472731474 78
3 68
4062458561131997 1 4047716807064068 41 4013516387097840 1
126276463330867 75 203921983868524 6 226178694004402 1 225456710443957 6 168409833946738 1 196498388479060 80 65115101578270 6 143506165610370 80 270114368478243 80 163415528932307 6 210842476462254 1 203438631118540 1 82005134485074 1 63396377380173 80 207001358350598 1 141567962100242 80 184901605337614 41 170991462511079 1 184098992428770 6 179971913384503 6 43598033488659 80 149840715245858 41 155415692481485 1 175441923739700 6 121096967871474 1 227772378121810 41 243968751425823 41 218849142041905 6 156675859374404 75 126354361639969 6 145918936597106 80 168642390055590 6 215458412049730 1 106524421814231 1 343621823298754 1 164410888076307 1 244725727446818 41 83391962899489 6 191738166520647 6 179248386799686 80 30753705651845 1 186320696892969 1 115290631878506 1 138674468142607 41 201925056963479 1 159483361108376 80 191532927177234 41 122116851797893 6 264876847565929 6 131940720731362 6 266137302962807 1 110243954526687 1 271606889765034 41 110552779535535 1 180789799914534 1 152873701042290 1 194068045431972 1 99781664579797 41 162259323791196 1 180297377637565 6 107605584941413 6 169653733222677 1 220385717707149 6 177496182861636 1 109925717459538 1 143335623467088 80 149947449943017 1 150450608353787 1
3 94
5910294424935227 18 5881903355337624 55 5918907028404243 77
177537966639775 9 173279160218963 62 148532736661419 70 160076348052158 93 124890788661406 59 215236678979250 94 189776648845976 7 160562931524826 100 236993846341727 14 250176926370013 73 208943587320390 51 194435375550443 63 173872073645283 16 200844852197471 65 176710902609523 99 191323003247791 56 147646005672460 91 200197599136352 61 216840202028001 12 174441336590519 17 211356706098621 30 192876687873057 21 266456239685426 46 154642642719518 6 180696014315946 81 193288556010786 20 181883834294990 68 178387280808107 48 141545354720510 42 198385060028747 66 278606453610291 80 202345200743663 55 160331871328584 87 202714101354886 83 115175564739426 58 248255197971358 13 199094151425525 97 214713458061765 23 244684467219214 31 171481316018498 24 170779888839254 75 205903779855238 1 113278712303196 82 187248212105838 10 233393217158192 77 148837964874841 27 160256793752223 71 195550347962198 47 187592628205851 43 177341756796089 5 140214153998264 84 181919852581085 98 231570066878007 2 185402891663757 89 228021289797632 39 135929031763744 49 123038201082594 18 166914330983834 22 219137335189434 25 174196307779082 79 241083960651785 51 218678845657657 91 179464802458970 5 177103679670811 10 132943337884439 97 183087150421584 63 154022137344861 79 116201833649420 56 247991712646503 2 219886052860075 46 186389766157210 83 217905671175787 47 175189618619370 1 172165950272455 80 222524037770748 73 159068526514992 6 101229389724446 49 188505161236928 20 194860692919555 89 267913566415149 81 198469282151874 65 115673270675554 25 271485378423790 99 151569917261481 31 236766680756824 23 224848848271642 68 158392308435716 17 240234338975941 100 168492262183055 70 115005052930122 14 160362012259513 42 230707953475212 39 223560570661458 94 179087011259265 98
3 37
709129019723786 90 686315917998949 88 695383685648819 90
50224761468394 88 57889513007687 88 54394532408292 90 24193674123810 90 44675623359148 90 45325877100318 90 84987476697304 90 38767965905656 90 38487483548925 90 50055575385096 90 45360996481782 90 98519889751068 90 68837221916252 90 57897612672018 90 60674697171452 90 92962359044833 90 56080283136563 90 49004308980191 90 72929541087648 88 58000105248674 90 67387131905955 88 30207461053721 90 82062415921778 90 43952211420539 90 91297309604450 90 63714619380197 90 62889401728507 90 79407616331048 88 75677546016487 90 25208538706019 90 45855171499709 90 41058168585107 90 72274628291757 90 32023594596079 90 62386360933429 88 77842228946635 90 40800179858799 90
3 84
4745971228755533 41 4767399858808034 41 4755547579052089 38
36790681575261 38 243408516233655 41 141997032240753 88 40265529894015 88 282543637439573 80 131501278482460 80 213210561630487 80 279708586569430 80 1 23 268817313191911 38 215767403383508 23 1 38 93163896002619 80 285698684431466 38 56416764268965 88 1 88 203595431282244 88 213926150575276 41 212481841911228 80 124041148028613 80 129089793900740 80 91186929355849 80 1 23 120616883186323 38 220972529215228 80 273120162569474 80 316020144915965 41 263936143822063 88 152658785711624 23 1 23 238275037602844 23 197746855805154 88 310888651188873 80 18535887744897 23 70646068326618 41 365401558480782 23 220232555424779 80 335257181919210 38 32447044284491 80 354652514723478 80 183206485715839 88 91997884898547 80 139540398760345 38 124747734435919 80 227332439657542 88 255916813329517 80 96521526516675 38 148616261000096 80 199983944615605 23 296702239503492 23 190926457219627 80 129691872793105 23 76538205475238 88 38527160015185 23 173552252823063 41 32775413146501 80 196376104443018 38 134296743215274 88 82483286259789 88 54875570575978 23 86678731108538 80 154506455936082 80 45784000494497 88 136471633762890 80 223511286951240 41 21989914902844 38 304100895515122 38 71493922829898 88 244735636557070 38 126112688620424 80 213662764604259 38 81856973328213 80 379461663562058 88 81258950532580 23 261577349597229 88 155054143936247 80 284411186658281 88 1 23 164277114871712 23 293297988213361 88 158124334454768 38 311780476075689 23 154602665206943 38 298911741664617 80
3 64
326097948684718 28 200016310643972 78 178918862385877 61
1 16 1 23 14049821017206 73 23423876734791 31 1 61 134791383673373 99 1 91 22548482254929 41 1 14 26956556114497 78 1 18 31696858693649 81 1 32 1 54 49318867811586 30 22198982719343 45 7156657327271 34 38177284422899 47 9696790731243 7 25689799634359 95 33146842565914 58 49794331650229 67 19405576372235 64 1 89 16793861503124 90 1 77 1 9 75017489371628 46 96682672727925 59 1 15 1 72 1 71 1 13 1 12 1 88 1 42 1 26 1 29 2346970044163 49 1 27 58727453166200 6 50642935244940 96 1 74 60832992997585 97 83330482844635 85 6068881819208 37 1 53 1 11 18735662293475 66 57085200113445 80 1 83 56227483593487 100 113149960954360 62 1 40 1 86 1 68 61236538041502 63 13788926238222 98 133823683338976 25 34666961632848 10 1 38 29096556063853 35 38997646656815 69 1 20
3 71
6398958580618668 56 6516457958305904 58 6407145348761128 56
363544084553677 56 152420018446991 56 392123210431180 56 226936411089442 56 226427128997727 56 284845611365210 56 260763178374946 56 256389800852656 56 166765107146674 56 132510766236054 56 205937211170127 56 180642518850905 56 266085563270028 58 315955246039641 56 292642565033041 56 382077786609985 56 339407277683913 56 172095992636496 56 370998732041021 56 238601802566158 56 323260120284539 56 329994454299783 56 170716432729497 56 335435078744590 56 339244689148380 56 283992528429894 56 340659418731660 56 292157766530447 56 204055189640966 56 261491634252318 56 260033500125979 56 172676834256539 56 299320566031175 56 202739390212600 56 261856202773119 56 452400461016021 56 161442731550339 56 183540144913380 56 363195144257751 56 361822894236571 56 289818399249237 56 218569844806324 56 435784572811542 56 151894796813675 56 231429379440050 56 328631255722197 56 263724037889506 56 206473952593201 56 258776625806422 56 267940659610833 56 310747262651843 56 273458271914769 56 337169085379388 56 185517764602144 56 416635448895240 56 228909602208471 56 383438973359736 56 285527835544565 56 330375067081367 56 132921852381625 56 144573176616758 56 216950105042570 56 220016362411071 56 278285197453223 56 353761088804505 56 326359667395045 56 202593382872669 56 459675452348684 56 189207403901018 56 61943618820897 56 259227226909336 56
3 8
779833656890448 31 722258508376859 10 770886103595434 10
242148317248380 60 313927395012412 19 279751378896364 19 276968112159453 31 300892138123545 60 320685873228838 60 347875014827948 60 271092108663190 19
3 11
11292486011334 91 90622190416939 6 1 86
25628217076076 26 100919427751670 10 36219487453179 32 72291047359342 39 1 29 1 78 46164051206644 27 127673227685413 33 1 86 49446988966743 14 105592149640257 91
3 67
3893889583889635 97 3837602651800519 12 3941124398484097 97
239961015760182 97 383835539048292 97 276118775076612 97 104030965903399 12 297352117169805 12 112907702091192 97 223653141640270 12 65439036173271 12 1 97 171443752490307 12 204262867390585 12 226055596542363 12 117404372713234 12 154896818361399 12 225320281549476 97 225377870013688 12 151744870863046 12 256321908768526 97 252213466720844 12 154804702504235 12 66592241117145 12 305228043422827 97 130820026218453 97 250953646074422 12 135939538380040 97 40699624476599 97 210284947578606 12 220932428703440 12 1 12 246851245010743 97 97777396859403 97 341546656697165 97 185381592370019 12 33762083771351 12 311705318394393 97 186941091950280 12 111253834137342 97 183068724851141 97 156380754930941 12 168940408919080 12 223046805218047 12 231025654960614 12 231199505522453 12 303804357938346 97 155046589457268 97 150855360977762 97 262930991750282 97 239409172425403 12 151898323891104 12 307382107706619 97 248662513111681 97 229558872706449 12 127576543478523 97 174288918068591 12 169420703552431 97 98306921232862 12 262785326087959 97 271027677057723 97 199124860276071 12 76966717149260 12 264717393078713 97 213592993803575 97 205617121835740 97 184222894388206 12 344349981962841 97 195931034198582 97 97214265191782 12
3 46
4498778598311900 58 4512971856633930 58 4484660236875499 58
328513448616516 58 303666175356853 58 302115281528858 58 311768340429686 86 254110737572888 81 292065495656180 58 264549406206943 58 247071130604930 58 254494706446269 58 292627609914540 64 305709382100911 86 226177987939165 58 321919067469528 81 300205639777326 58 271507831580859 58 298108439450228 58 291986214700891 58 245253472727375 81 276391259847852 57 357228038718423 64 305088121098466 58 273526400938275 64 307450524520143 64 298399458002665 64 253701962340359 64 303588746645842 86 311432257612793 64 285395798231097 86 245802668754939 58 267473631056752 58 326529040732715 86 289211207331677 57 287544673843095 58 304667575708901 86 280103595233663 86 281444568669860 58 312048546718916 58 289487911681157 86 278242363661651 86 286177626313749 86 297692190286989 86 288866786408486 86 351968053538637 81 239523158893936 58 257806471157078 86 331733009215301 86
3 42
1166490204534114 28 1234422667262922 59 1188412694017908 79
142813223482113 79 152481358168930 67 121371209007755 51 83254798777566 72 69740708485691 31 153123499600616 28 56117185798042 55 28376369760188 74 94442380417018 30 180605384296873 32 155045813094361 62 221962622025703 20 22928589780896 49 116503801784101 100 110641759367889 61 123758773259400 93 60584662277803 43 91928615639140 92 101108431704110 85 82350949362481 12 85116795559681 84 1 87 57011406108931 53 41340015416870 59 101364068120367 11 179308338683215 73 123755132532125 60 27348465728182 35 119786675443545 1 157852167300087 29 24248857223774 68 24542921837384 34 132710488336478 78 1 22 59526643873630 36 75371043066562 46 180971297991440 81 106905280237707 99 32563849296773 10 117697323617676 21 98050813288774 82 116390010792240 62
3 97
8587557498974645 28 8714904446721143 33 8709881417194646 28
405000887995003 33 222608689911083 28 291971691662094 28 213750349122190 28 241379597045870 33 264793792436916 33 85733504299600 28 213888046410983 33 441048409327639 33 165050427843503 33 295124708107754 33 263563287346795 33 258779448098132 33 269950543619969 28 178277058281076 33 286257263097655 28 461576640225523 33 318439253190759 28 308794346547776 28 197911529743724 28 275650085760868 28 293458280757408 28 225245377666596 28 324557356619163 28 208168831913023 33 208408449201793 33 325820813470869 33 309870657476760 28 295290969858700 33 283680009447994 28 345898746528207 33 254461973447068 33 294375053084851 28 333512541811067 33 323249434197866 28 129838607600475 33 120916427770850 33 434513496955972 33 297740258360378 33 485626295169046 33 286019604267468 33 114586050045018 28 336812943499553 28 143355851446653 28 312059366132471 28 238775245326794 33 275286411506906 33 337057001063643 28 260466536006959 28 342408941999188 33 303267107167735 33 226126891233366 33 393214224831512 33 290145860504590 28 105089792648506 33 205430798966803 33 250146224054891 33 294780367658879 33 295788022256991 33 472474301538572 33 257579415688138 33 191178331805124 33 307931162187661 28 310820880872792 33 157114817809307 28 325526994802072 28 80321397622130 33 336056111514902 28 188724181758295 33 125302310577862 33 296273226170079 33 346624105849485 33 73178739305434 33 276082070857598 28 313704492504635 28 335307536971861 33 185322159522323 33 99276842163564 28 240624479411831 28 258035937551353 28 379841228617466 33 232475513689553 33 276950034231740 33 211676111018873 33 215864977350106 33 384216207132681 33 296811859617864 33 273056385553990 28 372685324254539 28 248467819497764 28 172467522892907 33 374902940587906 28 243743715721374 33 209430047067484 33 430856555114408 33 127847638243936 33 373078160423811 33
3 44
260580148987731 4 345897828053982 35 391363589742255 95
91976629177807 4 1 35 1 22 130806806823419 61 1 61 141246349258379 22 1 22 24459023993546 4 51980998597218 4 102283293988041 22 35293529394099 22 69988597977054 95 13735117120622 22 89063498012442 61 10673343292546 4 1 95 1 4 1 61 8781722022901 4 1 4 175798280774889 95 184218630678067 22 61914056995705 4 149840080438349 4 201805573862507 61 111655514503009 22 1 22 23227685950203 4 147617743678058 4 36826172237375 22 1 95 233910711120451 4 38183023234243 35 124939620006104 22 110031888744495 22 36801461986175 4 1 4 12242460057454 4 1 35 73296608276348 22 1 22 172169665215491 35 30049596337487 4 22914785793454 22
3 44
4257671491052553 32 4385438983956824 22 4195737196064094 73
319724194627420 73 226826365774722 14 358286940154171 68 234876045176293 20 335974191214418 45 186461848107201 49 359894841331137 70 137149247933400 89 361078669331060 56 287808091528633 5 246741660560374 17 280447039955936 36 162937490023233 8 271278774105495 3 301521703215205 43 351224281005657 79 423433199613765 32 374149439161455 4 346489656366766 31 413696268815282 22 176237374069367 62 186936867368314 14 386330458078742 62 274734945462165 31 461648512343445 3 358465944719157 20 211879414227284 56 229398545431198 5 438487255172489 89 188326749433307 68 267876704615253 17 310082434054820 32 406168585199657 45 333877883411966 49 296606164825198 4 412170380671921 79 298101131991136 36 129920320101326 43 369066986031510 8 219667991796571 70 343163309830344 22 444374578743003 73 312544749148213 8 367882371364905 20
3 31
1984465426044896 97 2120396538032038 68 1980843793112850 97
266110124821190 68 247010272407365 68 149074986711828 68 144241480941080 97 141849539129560 68 176867162462524 68 198279827103817 68 255010839957768 68 68511875047683 68 125298986960204 68 227614000152767 68 251005693631075 68 139648673700974 68 195561339941054 68 194620069842964 68 211620215391747 68 158854864801481 68 174612448708286 68 242137663397005 68 184344087632904 68 172132449356962 68 158671834807553 68 147015222267068 68 193691467915700 68 188383818878364 68 275813138983247 68 1 68 180649061631819 68 243491776154123 68 189058304143334 68 188035763540557 68
3 25
372357158184945 56 626057031590138 56 396948551209688 56
92086063608047 60 153126423279989 56 22199949192332 72 106383612099996 38 72205619928582 71 1 72 1 71 1 72 96631409983404 72 111408298120232 72 196609728045708 72 1 71 232659538752866 71 1 72 212094461824671 56 77653457501442 72 248003410667644 72 75664354683221 56 1 71 61363108416761 56 70319253812723 72 51275513512941 38 1 56 118103309526342 71 1 72
3 67
1454817615046251 36 1476959206333275 16 1598255872698003 50
1 39 139611927635615 6 233526513418963 88 38252337023883 46 147403633213960 78 58019255355593 100 129329339558249 41 170995856003174 91 72385831962488 43 1 22 53304117241463 55 78824399672561 76 1 92 41681110044450 50 27552854616568 30 2470769052001 45 116277853220467 10 37080711461192 70 129184526606373 18 184848998082483 52 155749994308491 61 1 86 1 34 157083068951569 17 149651760176225 97 127464309840876 99 1 42 10717902376661 81 81356533093985 16 129873845122822 59 144624743699770 47 189232591810732 87 15490186125548 96 130996768752442 33 35512659067137 36 68778573985745 24 39737519795552 85 1 21 140661238469975 75 1 40 12459044627257 56 1 77 103560921150036 35 13515082622982 28 77683894557922 57 1 44 49757513259880 15 13375318865863 65 119427773953912 62 1 23 1 67 23907342649465 20 1 63 1 82 137792878575631 80 164136637612819 37 143279228759171 65 53365204373631 50 7202182485328 34 168293897092470 28 4783333806136 33 166840513903902 75 73707143834492 40 144911224330880 97 1 85 1 91 1 92
3 31
227009526680579 50 224100429976910 97 177219819010989 50
1 97 93392484125663 97 1 97 60406362828955 50 6700030972003 97 93996034224259 50 51487165685175 97 1 97 55913870440771 97 9177242071874 97 1 97 1 97 1 50 4089739901960 50 149265661675829 50 118791449363520 50 125117720663176 97 1 50 45014011507999 97 87923372275628 97 1 97 19397871267850 97 21759400126010 97 21679670270310 97 29563464401591 97 18975121543465 97 31631621630702 97 13050940790691 50 74857245543415 97 8139093086022 97 1 97
3 67
320953024440281 18 348478728809374 61 313160198987165 18
1 93 64927307364144 18 65138578788405 61 1 61 63192546267218 93 34356896478022 61 62385966704987 93 2531112422823 18 4731626490241 23 1 61 35639997068998 100 38093892868952 100 1 93 5876993514243 93 1 23 6312362270970 23 1 18 6696991615527 18 44127793128716 18 1 23 46579843924142 18 1 18 6605182141466 61 24744900955760 18 2707663409002 18 79719117502125 23 1 61 41208167385935 61 11589081856517 23 61513171606005 18 24731948083906 18 32665132604968 100 56422969044141 18 1 61 54237805051709 100 5261228575305 61 35611893204443 61 70261308111870 100 43523486249668 61 46050699766151 18 1769866053612 93 27329486469664 18 9182233023581 93 20901030312807 61 59484681718933 18 1 100 24328223253542 100 44297106212776 18 1 61 1 18 2913763299765 61 21984358355104 100 11281700385379 61 11155145351843 61 44827558690374 100 11480307756608 18 48684960581097 18 4425811518243 18 1 18 1 23 28934887563254 100 33514832826045 23 1 100 1 61 49134842275547 93 33202409694097 93 92972622865385 18
3 46
3085387221777650 41 3062617663327240 100 3091420413774783 26
191590073577459 41 180843163582047 91 202943813786190 49 175256600385157 100 192246025531500 71 180461950752890 93 180938503920674 22 209866163765211 26 196829430407901 49 193143410565122 93 206828259589374 22 183545847346347 91 223194405596261 41 207712752158883 71 198871124282971 26 234969594836771 100 167868821120329 26 185667093819387 91 203918317404291 100 194922987932407 41 189907141111026 71 215556394181728 93 188740742571695 22 208247271322823 49 202477602921900 26 229582847094231 22 195545099238132 41 213360451093455 71 215819426293131 100 208180041996385 49 195596620448771 91 177903538925958 93 200247186215910 49 230986589313810 100 172857609609064 91 193143529770245 41 215182383388396 26 186247587232189 93 214383434167089 71 182229179175575 22 262879302626097 100 163807359733865 71 210151244119821 41 211849307548042 91 214175227868893 26 189125453178582 49
3 63
1181445809609254 72 1250336011825728 66 1166388558844227 72
158333993508068 72 37252171707357 72 74099508238061 66 1 72 106231919990590 72 135910278191510 72 112879418236878 66 14562027495960 66 41978209584991 66 127890983367799 72 107584269060359 72 50030167631872 66 1 66 182533920219337 72 133430223822846 72 5017418486523 66 1 66 59381352587843 66 19820642975844 66 129546097140258 66 122125583915270 66 23385572302193 66 151070415083688 66 3021016847042 66 4162355905433 66 143218971724561 66 47701549364132 66 31758284228151 72 98589946769984 66 148036986155840 66 47119083576312 72 92214848929402 72 186092218822814 66 79408855659378 72 103160912599614 66 67870452926050 66 36058451626483 66 1 66 56882652721635 72 97760522556176 66 79070188169323 72 143734790988398 66 1 66 6465348915995 66 65422327514161 66 37520419491938 66 27442415826399 66 63614163353491 66 1 66 5526850050706 72 12707988928988 72 1 66 1 66 1 66 114678279371704 66 1 66 12292305015060 66 5427052530175 72 28049122324053 66 29719023618237 66 154871695697362 66 49202167712605 66 1 66
3 13
1087335161796799 44 1350252948888412 21 1175007570624002 47
295190213001924 47 164381620623150 21 300948877960726 80 403806510204948 21 179046482476882 80 191143520728614 80 286324998423629 47 49648606722432 21 97338528832411 80 287618933709829 44 299162531633087 21 371552658300954 35 313172861133135 44
3 8
704928602343165 43 712285284548650 68 657019184788956 7
299342431855027 33 259177458192766 86 294296226163258 67 236458497461918 18 274078151095998 9 264831226128536 70 257041015729442 49 269468181517536 58
3 4
127484317990494 99 125004103158907 96 150237796207853 99
79236504985666 96 106894295648464 99 45013342558746 96 80930605070748 99
3 41
3016228065644888 64 2976479217577555 64 2984615793331926 64
211085814050731 64 254561682946569 50 215101325967794 39 205490982332143 50 206855340571706 50 217249788470906 39 198407502169298 39 214848728120586 82 203038165770197 82 260207740423139 85 215531149433723 64 253577284990562 64 222671811535674 64 212149790710751 64 183698354398026 64 222804583087049 64 176139675233928 82 199541203935675 85 188947998201626 64 225865357917373 39 232794923496186 85 213898341305765 39 207899623838811 50 209815371609598 82 241840549208217 39 196897811514406 64 185915801425047 85 263827977010170 85 213550635254613 64 224065772628696 64 193328500660935 82 242681523021076 82 211020867843934 39 242399352253302 39 219379785330908 64 203725562722007 64 250393854183480 64 231963910691713 50 242070275479643 50 199722566098324 64 191220556806811 85
