44
1
12
1
1
1
36
1
3
777
777
1
777
50
50
2
1
1000
2
999
49
3
3
3
3
3
3
3
3
3
4
3
3
3
3
3
3
3
4
3
3
111
111
111
111
112
113
111
112
113
111
111
112
121
122
122
111
111
111
111
111
113
111
112
113
111
112
999
1000
999
82
888
3
2
40
800
1
1000
16
164
1
89
7
89
75
875
8
58
96
58
958
93
58
95
89
1
1000
3
659
10
705
200
500
31
4
87
2
187
5
7
18
907
506
56
75
760
567
45
70
745
6
607
450
74
507
54
768
360
754
40
7
41
2
785
999
1
1000
25
347
2
8
7
9
897
52
5
89
57
5
87
28
7
987
89
78
97
8
977
8
8
97
89
89
1
1000
1
1000
1
444
48
2
22
22
2
2
2
2
2
22
22
2
2
2
22
2
2
2
22
22
2
22
2
2
2
22
2
22
22
2
2
2
22
2
2
2
2
22
222
22
2
2
222
22
2
2
22
22
222
1
1000
3
10
100
500
10
100
1
1
12
879
15
59
39
39
35
78
58
97
57
36
57
68
56
78
35
87
1
1000
9
2
4
8
16
32
64
128
256
512
10
100
2
2
500
1
1000
36
75
87
578
4
5
6
746
75
6
84
76
97
5
67
53
675
36
7
8
56
87
56
8
7
683
7
56
8
75
368
7
35
3
5
553
5
2
999
6
941
797
120
45
7
120
1
1000
1
1000
1
12
1
1
1
791
16
1
4
12
25
79
556
625
800
801
950
952
954
956
958
980
1000
1
10
1
11
5
880
6
1
3
9
27
243
729
3
997
16
10
11
12
13
14
16
82
83
84
85
720
730
740
750
760
770
3
1000
50
1
1
1
1
1
1
1
1
1
1
1
1
1
6
3
7
4
3
4
6
7
5
4
3
2
3
4
5
6
7
7
5
4
4
54
5
6
7
7
5
4
43
4
4
4
46
6
5
45
5
1
1000
3
10
100
500
1
1
1
1
1
1000
20
719
727
733
739
743
751
757
761
769
773
787
797
809
811
821
823
827
829
839
853
1
2
1
11
1
12
1
100
1
1000
50
1
1
1
1
1
1
1
1
1
1
1
1
1
1
1
1
1
1
1
1
1
1
1
1
1
1
1
1
1
1
1
1
1
1
1
1
1
1
1
1
1
1
1
1
1
1
5
1
9
1
3
1000
28
2
3
4
5
6
7
8
9
7
6
5
4
3
2
3
4
5
6
7
8
9
8
7
6
5
4
3
3
1
5
1
11
3
997
16
10
11
12
13
14
16
82
83
84
85
720
730
740
750
760
770
12
12
1
6
1
36
1
3
1
111
1
10
1
3
1
37
2
999
6
941
797
120
45
7
120
1
1000
2
1
1000
1
1000
3
1
500
1000
1
791
16
1
4
12
25
79
556
625
800
801
950
952
954
956
958
980
1000
1
1000
13
2
2
2
2
8
8
8
8
64
64
64
64
1000
