100
2
2 1
3
1 3 2
4
2 1 4 3
4
1 2 3 4
4
1 2 4 3
4
1 3 2 4
4
1 3 4 2
4
1 4 2 3
4
1 4 3 2
4
2 1 3 4
4
2 1 4 3
4
2 3 1 4
4
2 3 4 1
4
2 4 1 3
4
2 4 3 1
4
3 1 2 4
4
3 1 4 2
4
3 2 1 4
4
3 2 4 1
4
3 4 1 2
4
3 4 2 1
4
4 1 2 3
4
4 1 3 2
4
4 2 1 3
4
4 2 3 1
4
4 3 1 2
4
4 3 2 1
6
5 3 1 2 4 6
8
8 7 4 6 1 2 5 3
9
5 9 3 4 8 6 7 1 2
9
6 3 8 1 4 7 2 5 9
6
2 1 4 3 5 6
3
3 2 1
10
1 2 3 4 5 6 7 8 9 10
6
1 4 5 3 2 6
7
1 3 5 4 7 2 6
10
10 7 3 6 5 4 9 1 2 8
7
4 2 3 1 5 6 7
3
3 1 2
5
2 4 3 1 5
2
2 1
6
1 5 6 4 2 3
6
1 2 3 4 5 6
8
6 8 7 5 4 1 3 2
9
1 2 3 4 5 6 7 8 9
7
3 1 4 7 6 5 2
10
4 8 9 6 1 2 10 3 5 7
10
1 2 3 4 8 6 10 5 9 7
4
2 1 4 3
4
1 2 3 4
5
3 4 1 2 5
3
2 1 3
10
8 9 4 3 6 5 10 1 2 7
7
4 3 7 1 2 5 6
10
3 9 1 8 6 5 10 4 2 7
7
5 7 1 3 2 6 4
1
1
8
1 2 4 3 5 8 7 6
4
4 1 3 2
10
1 2 3 4 5 6 7 8 9 10
2
2 1
9
6 9 2 5 8 4 1 7 3
9
8 3 9 1 5 4 2 7 6
5
1 2 3 4 5
2
1 2
3
1 2 3
5
5 3 1 4 2
10
3 5 10 1 4 6 9 7 2 8
10
5 1 3 4 2 6 7 8 9 10
6
2 4 3 5 1 6
1
1
8
5 2 6 7 1 4 3 8
9
6 2 1 8 5 9 7 3 4
9
2 5 9 7 6 3 1 4 8
8
1 3 4 5 2 7 8 6
4
4 2 3 1
10
8 2 5 10 3 7 6 1 9 4
10
6 2 4 3 7 1 5 10 9 8
7
1 2 3 4 5 6 7
10
4 3 5 10 7 9 6 1 8 2
8
3 7 1 5 4 8 2 6
5
1 3 2 4 5
2
2 1
2
2 1
2
2 1
9
7 3 1 4 9 6 5 2 8
8
4 7 3 5 2 8 6 1
5
1 2 5 4 3
8
2 7 5 1 3 8 6 4
2
2 1
3
2 3 1
3
1 3 2
9
8 4 3 1 5 6 7 2 9
7
2 6 1 4 5 3 7
6
4 6 5 3 2 1
7
1 2 4 5 3 6 7
3
2 3 1
9
5 2 3 1 4 6 7 8 9
4
1 4 2 3
8
1 2 3 4 5 6 7 8
