Case #1: 
2 3
1 1
3 3
2 3
Case #2: 
1 9
1 9
1 9
1 9
1 9
1 9
1 9
1 9
1 9
2 9
1 9
1 9
1 9
1 9
1 9
1 9
Case #3: 
1 9
1 9
1 9
1 9
1 9
1 9
1 9
1 9
1 9
1 9
1 9
1 9
1 9
1 9
1 9
1 9
Case #4: 
1 5
2 5
1 5
2 5
1 5
1 5
1 5
1 5
Case #5: 
1 1
2 2
Case #6: 
1 5
1 5
2 5
2 5
1 5
1 5
1 5
1 5
Case #7: 
1 5
2 5
1 5
1 5
1 5
1 5
1 5
1 5
Case #8: 
2 5
1 5
1 5
1 5
1 5
1 5
1 5
1 5
Case #9: 
1 9
1 9
1 9
1 9
1 9
1 9
1 9
1 9
1 9
1 9
1 9
1 9
1 9
1 9
1 9
1 9
Case #10: 
1 9
1 9
1 9
1 9
1 9
1 9
1 9
1 9
1 9
1 9
1 9
1 9
1 9
1 9
1 9
1 9
Case #11: 
2 3
1 1
2 3
2 3
Case #12: 
1 9
1 9
1 9
1 9
1 9
1 9
1 9
1 9
1 9
1 9
1 9
1 9
1 9
1 9
1 9
1 9
Case #13: 
3 3
1 1
2 3
2 3
Case #14: 
1 5
1 5
1 5
3 5
1 5
1 5
1 5
1 5
Case #15: 
1 5
3 5
1 5
1 5
1 5
1 5
2 5
2 5
Case #16: 
2 3
3 3
1 1
2 3
Case #17: 
1 9
1 9
1 9
1 9
1 9
1 9
1 9
1 9
1 9
1 9
1 9
2 9
1 9
1 9
1 9
1 9
Case #18: 
1 5
2 5
1 5
1 5
1 5
1 5
5 5
1 5
Case #19: 
1 1
2 2
Case #20: 
1 1
2 2
Case #21: 
2 3
1 1
2 3
3 3
Case #22: 
2 2
1 1
Case #23: 
3 5
2 5
1 5
1 5
1 5
1 5
1 5
2 5
Case #24: 
2 3
2 3
2 3
1 1
Case #25: 
2 2
1 1
Case #26: 
1 1
2 2
Case #27: 
1 9
1 9
1 9
1 9
1 9
1 9
1 9
1 9
1 9
1 9
1 9
1 9
1 9
1 9
1 9
1 9
Case #28: 
1 3
2 3
1 3
2 3
Case #29: 
2 2
1 1
Case #30: 
1 5
1 5
2 5
1 5
1 5
3 5
2 5
2 5
Case #31: 
2 3
2 3
1 3
1 3
Case #32: 
1 3
2 3
1 3
2 3
Case #33: 
2 3
2 3
2 3
1 1
Case #34: 
1 9
1 9
1 9
1 9
1 9
1 9
1 9
1 9
1 9
1 9
1 9
1 9
1 9
1 9
1 9
1 9
Case #35: 
1 9
1 9
1 9
2 9
1 9
1 9
1 9
1 9
1 9
1 9
1 9
1 9
1 9
1 9
1 9
1 9
Case #36: 
1 1
2 2
Case #37: 
1 5
1 5
2 5
1 5
1 5
1 5
1 5
1 5
Case #38: 
1 5
1 5
2 5
1 5
3 5
1 5
1 5
1 5
Case #39: 
1 5
1 5
1 5
1 5
1 5
2 5
1 5
1 5
Case #40: 
2 3
2 3
2 3
1 1
Case #41: 
3 3
2 3
1 1
2 3
Case #42: 
1 9
1 9
1 9
1 9
1 9
1 9
1 9
1 9
1 9
1 9
1 9
1 9
1 9
1 9
1 9
1 9
Case #43: 
2 2
1 1
Case #44: 
3 3
1 3
1 3
1 3
Case #45: 
2 2
1 1
Case #46: 
2 3
2 3
1 1
3 3
Case #47: 
1 9
2 9
1 9
1 9
1 9
1 9
1 9
1 9
2 9
1 9
1 9
1 9
1 9
1 9
1 9
1 9
Case #48: 
1 9
1 9
1 9
1 9
1 9
1 9
1 9
1 9
1 9
1 9
1 9
1 9
1 9
1 9
1 9
1 9
Case #49: 
1 5
2 5
2 5
1 5
1 5
2 5
1 5
1 5
Case #50: 
1 1
2 2
Case #51: 
2 2
1 1
Case #52: 
1 9
1 9
1 9
1 9
1 9
1 9
1 9
1 9
1 9
1 9
1 9
1 9
1 9
1 9
1 9
1 9
Case #53: 
1 5
1 5
1 5
1 5
1 5
1 5
1 5
1 5
Case #54: 
1 1
2 2
Case #55: 
3 3
1 1
2 3
2 3
Case #56: 
2 5
2 5
2 5
1 1
2 5
2 5
2 5
2 5
Case #57: 
2 5
3 5
2 5
1 1
2 5
2 5
2 5
2 5
Case #58: 
1 1
2 2
Case #59: 
1 9
1 9
1 9
1 9
1 9
3 9
1 9
1 9
1 9
1 9
1 9
1 9
1 9
1 9
1 9
1 9
Case #60: 
1 5
1 5
1 5
2 5
2 5
2 5
2 5
3 5
Case #61: 
2 5
3 5
2 5
1 5
1 5
1 5
1 5
2 5
Case #62: 
2 2
1 1
Case #63: 
2 3
1 1
2 3
2 3
Case #64: 
1 9
1 9
1 9
1 9
1 9
1 9
1 9
1 9
1 9
1 9
1 9
1 9
1 9
1 9
1 9
1 9
Case #65: 
2 5
1 5
2 5
1 5
1 5
1 5
1 5
1 5
Case #66: 
1 9
1 9
1 9
1 9
1 9
1 9
1 9
1 9
1 9
1 9
1 9
1 9
1 9
1 9
1 9
1 9
Case #67: 
2 2
1 1
Case #68: 
1 1
2 2
Case #69: 
2 5
1 5
2 5
2 5
1 5
1 5
1 5
2 5
Case #70: 
1 1
2 2
Case #71: 
1 1
2 2
Case #72: 
5 5
3 5
3 5
1 5
1 5
2 5
1 5
1 5
Case #73: 
3 5
1 5
2 5
1 5
1 5
1 5
1 5
1 5
Case #74: 
1 9
1 9
1 9
1 9
1 9
1 9
1 9
1 9
1 9
1 9
1 9
1 9
1 9
1 9
1 9
1 9
Case #75: 
2 2
1 1
Case #76: 
1 9
1 9
1 9
1 9
1 9
1 9
1 9
1 9
1 9
1 9
1 9
1 9
1 9
1 9
1 9
1 9
Case #77: 
3 3
1 3
1 3
1 3
Case #78: 
1 5
1 5
1 5
1 5
1 5
1 5
1 5
3 5
Case #79: 
1 3
1 3
2 3
2 3
Case #80: 
1 1
Case #81: 
1 9
1 9
1 9
1 9
1 9
1 9
1 9
1 9
1 9
1 9
1 9
1 9
3 9
1 9
1 9
1 9
Case #82: 
2 3
1 3
2 3
1 3
Case #83: 
1 9
1 9
1 9
1 9
1 9
1 9
1 9
1 9
1 9
1 9
1 9
1 9
1 9
1 9
1 9
1 9
Case #84: 
2 5
2 5
2 5
1 1
2 5
2 5
2 5
2 5
Case #85: 
1 5
2 5
1 5
2 5
1 5
1 5
1 5
1 5
Case #86: 
1 9
1 9
1 9
1 9
1 9
1 9
1 9
1 9
1 9
1 9
1 9
1 9
1 9
1 9
1 9
1 9
Case #87: 
1 5
1 5
3 5
1 5
1 5
2 5
1 5
1 5
Case #88: 
2 3
1 3
2 3
1 3
Case #89: 
3 3
2 3
1 1
2 3
Case #90: 
1 5
1 5
2 5
1 5
2 5
1 5
2 5
2 5
Case #91: 
2 3
1 1
2 3
2 3
Case #92: 
1 1
2 3
3 3
2 3
Case #93: 
1 1
2 2
Case #94: 
1 1
2 3
2 3
2 3
Case #95: 
1 5
1 5
1 5
1 5
1 5
2 5
1 5
1 5
Case #96: 
3 3
2 3
1 1
2 3
Case #97: 
1 9
1 9
1 9
1 9
1 9
1 9
1 9
1 9
1 9
1 9
1 9
1 9
1 9
1 9
1 9
1 9
Case #98: 
1 1
2 2
Case #99: 
2 2
1 1
Case #100: 
1 1
2 2
Case #101: 
1 3
1 3
1 3
3 3
Case #102: 
1 9
1 9
1 9
1 9
1 9
1 9
1 9
1 9
1 9
1 9
1 9
1 9
1 9
1 9
1 9
1 9
Case #103: 
1 1
2 2
Case #104: 
2 3
3 3
2 3
1 1
Case #105: 
2 3
1 1
2 3
3 3
Case #106: 
2 2
1 1
Case #107: 
1 5
3 5
1 5
1 5
1 5
1 5
1 5
1 5
Case #108: 
2 3
1 3
1 3
2 3
Case #109: 
2 2
1 1
Case #110: 
1 3
1 3
1 3
3 3
Case #111: 
2 2
1 1
Case #112: 
1 3
1 3
1 3
3 3
Case #113: 
1 5
1 5
1 5
1 5
1 5
2 5
1 5
1 5
Case #114: 
1 5
3 5
1 5
1 5
1 5
2 5
1 5
1 5
Case #115: 
1 1
2 2
Case #116: 
2 2
1 1
Case #117: 
2 2
1 1
Case #118: 
1 9
1 9
1 9
1 9
1 9
1 9
1 9
1 9
1 9
1 9
1 9
1 9
1 9
1 9
1 9
1 9
Case #119: 
1 3
2 3
2 3
1 3
Case #120: 
2 5
3 5
1 5
1 5
2 5
1 5
1 5
1 5
Case #121: 
1 3
1 3
1 3
3 3
Case #122: 
1 5
2 5
1 5
1 5
1 5
1 5
2 5
1 5
Case #123: 
1 9
1 9
1 9
1 9
1 9
1 9
1 9
1 9
1 9
1 9
1 9
1 9
1 9
1 9
1 9
1 9
Case #124: 
1 3
1 3
2 3
2 3
Case #125: 
3 3
1 3
1 3
1 3
Case #126: 
2 5
2 5
2 5
2 5
2 5
2 5
2 5
1 1
Case #127: 
1 9
1 9
1 9
1 9
1 9
1 9
2 9
1 9
1 9
1 9
1 9
1 9
1 9
1 9
1 9
1 9
Case #128: 
1 9
1 9
1 9
1 9
1 9
1 9
1 9
1 9
1 9
1 9
1 9
1 9
1 9
1 9
1 9
1 9
Case #129: 
1 1
2 2
Case #130: 
2 5
2 5
2 5
1 5
1 5
1 5
2 5
2 5
Case #131: 
1 1
2 3
2 3
3 3
Case #132: 
1 5
1 5
2 5
2 5
1 5
1 5
1 5
1 5
Case #133: 
1 1
2 2
Case #134: 
1 9
1 9
1 9
1 9
1 9
1 9
1 9
1 9
1 9
1 9
1 9
1 9
1 9
1 9
1 9
1 9
Case #135: 
1 9
1 9
1 9
1 9
1 9
1 9
1 9
1 9
1 9
1 9
1 9
1 9
1 9
1 9
1 9
1 9
Case #136: 
2 2
1 1
Case #137: 
2 2
1 1
Case #138: 
1 5
1 5
1 5
1 5
1 5
3 5
2 5
1 5
Case #139: 
1 1
2 3
2 3
2 3
Case #140: 
3 3
2 3
1 1
2 3
Case #141: 
2 2
1 1
Case #142: 
1 5
2 5
1 5
1 5
1 5
3 5
1 5
1 5
Case #143: 
1 3
3 3
1 3
1 3
Case #144: 
2 2
1 1
Case #145: 
2 5
1 5
1 5
1 5
1 5
1 5
1 5
1 5
Case #146: 
1 5
1 5
1 5
1 5
1 5
2 5
1 5
3 5
Case #147: 
1 3
1 3
2 3
2 3
Case #148: 
1 3
2 3
1 3
2 3
Case #149: 
2 2
1 1
Case #150: 
2 5
1 5
3 5
1 5
1 5
3 5
1 5
1 5
Case #151: 
1 5
1 5
1 5
1 5
1 5
1 5
3 5
1 5
Case #152: 
1 1
2 2
Case #153: 
1 5
1 5
1 5
1 5
1 5
1 5
2 5
1 5
Case #154: 
1 1
2 2
Case #155: 
1 1
2 2
Case #156: 
1 5
1 5
1 5
3 5
1 5
1 5
2 5
1 5
Case #157: 
1 5
1 5
2 5
1 5
2 5
1 5
1 5
2 5
Case #158: 
1 1
2 2
Case #159: 
1 5
1 5
1 5
1 5
5 5
1 5
1 5
1 5
Case #160: 
1 5
1 5
1 5
1 5
1 5
1 5
2 5
2 5
Case #161: 
1 1
2 2
Case #162: 
1 1
2 2
Case #163: 
1 1
2 2
Case #164: 
1 5
1 5
1 5
1 5
1 5
1 5
2 5
1 5
Case #165: 
2 5
1 5
1 5
1 5
3 5
1 5
1 5
1 5
Case #166: 
1 5
1 5
1 5
2 5
2 5
1 5
3 5
1 5
Case #167: 
1 9
1 9
1 9
1 9
1 9
1 9
1 9
1 9
1 9
1 9
1 9
1 9
1 9
1 9
1 9
2 9
Case #168: 
2 3
3 3
1 1
2 3
Case #169: 
1 1
2 2
Case #170: 
2 2
1 1
Case #171: 
2 2
1 1
Case #172: 
1 5
1 5
2 5
1 5
1 5
1 5
1 5
1 5
Case #173: 
2 3
2 3
1 3
1 3
Case #174: 
1 1
3 3
2 3
2 3
Case #175: 
1 9
1 9
1 9
1 9
1 9
1 9
1 9
1 9
1 9
1 9
1 9
1 9
1 9
1 9
1 9
1 9
Case #176: 
2 5
5 5
1 5
1 5
1 5
2 5
2 5
1 5
Case #177: 
1 1
2 2
Case #178: 
1 5
2 5
2 5
1 5
1 5
2 5
3 5
1 5
Case #179: 
1 5
1 5
2 5
1 5
1 5
1 5
2 5
1 5
Case #180: 
1 3
2 3
2 3
1 3
Case #181: 
1 5
3 5
1 5
1 5
1 5
1 5
1 5
1 5
Case #182: 
1 9
1 9
1 9
1 9
1 9
1 9
1 9
1 9
1 9
1 9
1 9
1 9
1 9
1 9
1 9
1 9
Case #183: 
1 9
1 9
1 9
1 9
1 9
1 9
1 9
1 9
1 9
1 9
1 9
1 9
1 9
1 9
1 9
1 9
Case #184: 
1 5
1 5
1 5
1 5
1 5
2 5
1 5
1 5
Case #185: 
1 5
3 5
1 5
1 5
1 5
1 5
3 5
1 5
Case #186: 
2 5
2 5
2 5
3 5
2 5
3 5
2 5
1 1
Case #187: 
2 3
2 3
1 3
1 3
Case #188: 
1 5
2 5
2 5
1 5
2 5
1 5
1 5
2 5
Case #189: 
1 5
1 5
1 5
1 5
2 5
2 5
1 5
2 5
Case #190: 
2 5
3 5
1 1
2 5
2 5
2 5
2 5
2 5
Case #191: 
2 3
1 3
1 3
2 3
Case #192: 
2 2
1 1
Case #193: 
1 3
1 3
3 3
1 3
Case #194: 
1 1
2 2
Case #195: 
1 1
2 2
Case #196: 
1 3
2 3
1 3
2 3
Case #197: 
1 1
2 3
2 3
2 3
Case #198: 
2 3
3 3
1 1
2 3
Case #199: 
1 5
1 5
2 5
1 5
1 5
2 5
3 5
1 5
Case #200: 
3 3
1 3
1 3
1 3
Case #201: 
1 1
2 3
2 3
3 3
Case #202: 
1 5
3 5
1 5
1 5
2 5
1 5
1 5
2 5
Case #203: 
2 3
2 3
1 1
3 3
Case #204: 
2 3
1 3
2 3
1 3
Case #205: 
1 1
2 2
Case #206: 
1 1
2 2
Case #207: 
1 3
2 3
1 3
2 3
Case #208: 
2 2
1 1
Case #209: 
1 9
1 9
1 9
1 9
1 9
1 9
1 9
1 9
1 9
1 9
1 9
1 9
1 9
1 9
1 9
1 9
Case #210: 
1 1
2 3
3 3
2 3
Case #211: 
1 9
1 9
1 9
1 9
1 9
1 9
1 9
1 9
1 9
1 9
1 9
1 9
1 9
1 9
1 9
1 9
Case #212: 
1 5
1 5
3 5
1 5
1 5
2 5
1 5
2 5
Case #213: 
2 2
1 1
Case #214: 
1 5
1 5
1 5
1 5
1 5
2 5
1 5
2 5
Case #215: 
1 5
1 5
1 5
1 5
1 5
1 5
3 5
2 5
Case #216: 
1 1
2 2
Case #217: 
2 2
1 1
Case #218: 
1 5
1 5
2 5
1 5
2 5
1 5
1 5
1 5
Case #219: 
1 3
1 3
2 3
2 3
Case #220: 
2 5
1 5
1 5
2 5
1 5
1 5
1 5
1 5
Case #221: 
2 3
2 3
1 3
1 3
Case #222: 
2 2
1 1
Case #223: 
1 9
1 9
1 9
1 9
1 9
1 9
1 9
1 9
1 9
1 9
1 9
1 9
1 9
1 9
1 9
1 9
Case #224: 
2 9
1 9
1 9
1 9
1 9
1 9
1 9
1 9
1 9
1 9
1 9
1 9
1 9
1 9
1 9
1 9
Case #225: 
1 9
1 9
1 9
1 9
1 9
1 9
1 9
1 9
1 9
1 9
1 9
1 9
1 9
1 9
2 9
1 9
Case #226: 
2 3
1 3
1 3
2 3
Case #227: 
1 5
1 5
1 5
1 5
1 5
1 5
1 5
2 5
Case #228: 
1 1
2 3
2 3
2 3
Case #229: 
1 3
2 3
1 3
2 3
Case #230: 
1 5
1 5
1 5
2 5
1 5
1 5
1 5
1 5
Case #231: 
1 5
1 5
2 5
1 5
2 5
5 5
1 5
1 5
Case #232: 
2 3
3 3
1 1
2 3
Case #233: 
1 1
2 2
Case #234: 
1 5
1 5
1 5
2 5
2 5
1 5
2 5
1 5
Case #235: 
2 3
2 3
1 3
1 3
Case #236: 
1 1
2 2
Case #237: 
1 1
2 2
Case #238: 
1 9
1 9
1 9
1 9
1 9
1 9
1 9
1 9
1 9
1 9
1 9
1 9
1 9
1 9
1 9
2 9
Case #239: 
1 9
1 9
1 9
1 9
1 9
1 9
1 9
1 9
1 9
1 9
1 9
1 9
1 9
1 9
1 9
1 9
Case #240: 
2 2
1 1
Case #241: 
2 3
1 1
3 3
2 3
Case #242: 
1 9
1 9
1 9
1 9
1 9
1 9
1 9
1 9
1 9
1 9
1 9
1 9
1 9
1 9
1 9
1 9
Case #243: 
2 2
1 1
Case #244: 
2 2
1 1
Case #245: 
1 5
1 5
1 5
3 5
1 5
1 5
1 5
1 5
Case #246: 
1 9
1 9
1 9
1 9
1 9
1 9
1 9
1 9
1 9
1 9
1 9
1 9
1 9
1 9
1 9
1 9
Case #247: 
1 3
1 3
3 3
1 3
Case #248: 
2 5
1 5
1 5
1 5
1 5
1 5
1 5
1 5
Case #249: 
1 5
2 5
2 5
2 5
1 5
1 5
1 5
1 5
Case #250: 
2 2
1 1
