20
1 0.800 0.100 0.500 0.500 0.500 0.500 0.500
42 0.890 0.226 0.829 0.910 0.700 0.045 0.566
2 0.600 0.200 0.500 0.100 1.000 0.100 1.000
58 0.667 0.638 0.471 0.028 0.597 0.439 0.945
25 0.674 0.528 0.625 0.971 0.805 0.782 0.177
92 0.851 0.655 0.970 0.768 0.448 0.576 0.394
86 0.579 0.110 0.861 0.275 0.848 0.350 0.123
17 0.706 0.216 0.713 0.435 0.885 0.951 0.396
71 0.649 0.181 0.358 0.197 0.773 0.810 0.348
67 0.213 0.172 0.842 0.786 0.933 0.253 0.273
6 0.807 0.331 0.737 0.825 0.406 0.018 0.704
25 0.984 0.222 0.993 0.336 0.207 0.084 0.478
13 0.556 0.023 0.797 0.208 0.603 0.820 0.890
26 0.928 0.032 0.852 0.335 0.771 0.136 0.471
99 0.882 0.661 0.805 0.288 0.495 0.955 0.788
7 0.845 0.096 0.965 0.401 0.698 0.213 0.703
1 1.000 0.000 1.000 1.000 1.000 1.000 1.000
55 0.571 0.148 0.741 0.231 0.824 0.618 0.671
41 0.433 0.015 0.159 0.938 0.137 0.191 0.507
53 0.623 0.075 0.451 0.830 0.258 0.036 0.105
