20
967137226678506093 9999987 1 10000000 999999 90000001 639999998 26999974 440999568
70413132 123 1 10000000 10000000 20000001 190000000 90000001 360000002
86974256 123456 557 9988776 1025 729181302 409540566 403985 491394225
94563103 1 5 9999949 9999991 419997859 389998009 149999866 279999748
81922551 759324 967048 10000000 9999999 930000001 980000000 29999998 279999972
54341206 9999909 9999991 9999949 9999991 689996482 829995765 749999326 389999649
1783585506 9999987 1 10000000 999999 990000001 79999998 868999132 81999927
972766173386786486 123 1 10000000 10000000 590000001 680000000 610000001 970000002
1175334 9999987 1 10000000 999999 430000001 979999998 673999327 450999558
1567487689 9 123456 18 10000000 865981936 625209438 350000324 390000765
299896237124947938 681206 164538 2280874 981991 416793690 904023823 813682336 774801135
8 1 3 3 3 1 0 1 2
907005781191085944 1 5 9999949 9999991 839995717 809995867 459999587 579999478
739825879172045328 2683878 7208112 2912862 8898138 631358954 451401022 51028288 625542185
6042199 9 123456 18 10000000 39655126 836306508 640000324 90000765
918495108443110920 9999991 1 9999991 9999989 849999236 589999466 309999660 169999814
1511881142 123 1 10000000 10000000 1 850000000 360000001 470000002
11 2 3 5 7 11 13 17 19
523223149082128364 158568 991720 2994044 1181676 376610494 650869357 336623539 620070320
930033404565174954 102400 15000 9699690 9748872 620781129 950572528 311963986 692169969
