100
54.34506 1.80009 1619.63913
207.0 2.0 379.0
83.0 1.0 1056.0
492.46137 1.12744 1921.05151
496.87819 1.34049 1944.68514
490.64440 1.06245 1972.78288
276.0 3.0 1229.0
494.61991 1.40789 1911.92548
52.91415 2.01864 209.14076
372.0 2.0 1289.0
195.011 1.23031 458.91767
299.36426 1.12066 248.43872
487.0 1.0 1110.0
494.46540 1.23894 1931.83611
480.0 3.0 878.0
334.03170 2.13448 1691.94030
35.85536 1.10893 956.82735
496.62419 1.36032 1918.87812
459.49496 1.94157 42.55982
491.97442 1.11148 1985.43132
93.65496 3.91406 538.81832
496.60379 1.16158 1928.79220
497.94269 1.07858 1943.29615
491.80372 1.07912 1938.79667
496.29799 1.10993 1903.69107
498.73116 1.39019 1980.88812
95.0 4.0 750.0
411.8527 2.0 1790.4233
385.0 2.0 182.0
490.14320 1.44796 1922.15310
500.0000 2.1 1514.70
209.0 3.5 647.6248
491.40459 1.19277 1941.99426
57.84330 1.96950 1995.44868
122.0303 3.6045 905.70733
490.99957 1.28735 1914.77916
1.30124 3.93141 3.66768
380.00000 1.00000 430.00000
497.22609 1.22667 1968.61833
323.00000 2.00000 646.00000
1.00 1.485 1550.0
396.01462 2.04227 147.69546
498.03673 1.48137 1961.99282
198.31 3.481 755.33742
490.55024 1.12669 1914.02775
497.33971 1.49749 1905.39129
1.02042 3.60402 1999.46624
112.0 1.0 46.39865
435.0 1.0 1525.0
95.37081 2.13361 811.33266
1.01623 3.88180 1999.78881
448.59838 3.19170 35.01957
116.00000 2.00000 232.00000
413.58091 2.45485 1206.07012
490.80664 1.28292 1953.46295
326.88021 1.70 1724.19244
46.00000 2.00000 92.00000
454.10 2.3220 2000.00000
170.563 2.0 1178.3716
492.04747 1.03794 1937.67081
493.25163 1.13787 1958.91362
85.30615 1.88236 1552.13001
252.0 4.0 1141.0
492.26238 1.42310 1903.99197
461.02971 2.71786 1010.71950
498.94048 1.42883 1973.15296
393.0 3.0 1795.0
302.50505 1.25379 261.92081
497.97489 1.15552 1917.89084
383.53116 2.82544 1748.84001
400.9 1.474 1015.0
81.3006 2.40 577.4842
491.54470 1.26903 1907.94009
182.56385 1.0 138.0
314.0 4.0 692.0
452.39923 3.81454 1942.03986
396.00000 1.00000 432.00000
168.8 2.9 1.00
497.15477 1.37206 1917.96524
155.80959 2.72276 931.57853
95.08681 2.98739 13.00621
497.83773 1.49470 1933.50827
430.1097 1.0 1641.6
493.39895 1.30500 1984.19513
407.00000 2.00000 451.00000
497.34962 1.24905 1903.81067
290.00000 1.00000 315.00000
493.78070 1.07909 1926.64958
491.00000 2.00000 982.00000
202.01063 1.13204 89.38090
393.44 3.3590 1905.4
1.09599 3.70856 1999.33673
496.46868 1.24007 1984.13435
1.00450 3.62593 1999.61375
498.21674 1.14135 1924.49046
89.902 1.82 1989.45
76.0 1.0 1506.0
195.0 2.0 184.0
496.64401 1.02397 1922.67741
492.67870 1.33016 1908.12220
