1000
50 43 1873
2 3235 1844
19 499 4819
2 986 1936
2603 3 801
848 4 2222
376 5 1645
100 100 4999
5 81 205
55 125 5786
60 56 1780
3 5 4
2590 2 2327
701 9 5907
4 1539 419
1421 6 8348
236 31 1428
7 182 678
4 26 83
2 326 366
1 9126 7457
147 44 5609
32 217 5531
8 125 576
47 156 5709
491 12 3154
619 16 6916
6 16 83
95 70 6022
43 39 1145
32 154 4003
309 25 4799
2 312 365
23 164 2397
209 46 8033
647 4 408
10 275 108
19 19 218
2 2881 4818
1 10000 5001
3 5 9
13 145 1818
43 141 4688
113 71 6364
71 14 880
73 121 5227
2 1119 1696
7 71 158
7 1031 470
16 74 1015
4 926 3610
3 5 10
4094 1 3644
182 29 4349
2 181 304
1306 2 1720
21 255 2853
7 157 774
2 2509 3236
5 1047 4659
85 45 1080
784 5 3601
4 2051 4355
49 11 465
53 158 4498
755 11 604
1 10000 0
3406 2 4778
1966 5 9793
1 10000 4999
167 37 4969
3 3191 7269
601 5 202
3747 2 5384
3787 2 4013
1321 3 2415
666 8 4885
2 1864 2933
283 19 2457
3 5 7
19 43 765
16 31 308
10 746 4101
1 7246 6782
20 230 3943
2 3134 4066
2186 4 2596
251 20 4587
464 11 2570
9 343 1711
1 5919 4924
31 103 490
9 937 1553
247 33 7535
38 89 2837
739 3 1556
953 2 1702
6 1265 6932
1 2600 1400
226 34 4784
3 5 5
2 4227 5640
1229 8 8763
2155 4 7704
1543 3 1103
31 228 546
3481 2 4337
208 46 8542
5954 1 5556
839 6 2700
33 106 1721
2103 4 7782
741 2 1467
2 1381 1777
8 250 1594
137 2 173
10 634 6139
1541 2 2405
3 643 45
566 5 2043
139 8 799
13 179 1554
6613 1 5274
9999 1 5000
1027 2 1212
4 1661 4096
1 7344 642
11 387 1893
48 112 5028
11 776 6908
157 45 6361
19 479 601
1766 2 3081
4 2237 8518
2 1112 1392
4818 2 5683
8 1051 6281
149 37 2882
111 67 3747
9 326 1468
2112 4 6172
1 9663 2140
3287 2 6096
513 17 8534
9999 1 1
1097 7 6071
85 74 4900
9 781 2395
530 5 2201
5 775 2473
11 663 6085
61 45 1567
410 19 1800
16 113 1269
22 422 7035
3 5 1
2 34 49
66 38 1374
5 331 1527
5 835 705
2411 3 2437
5 3 7
191 23 3345
142 56 643
559 3 1353
100 100 10000
7 5 20
1784 2 2613
1297 7 8441
2 586 377
57 103 5606
18 338 2186
1018 9 9106
44 71 2926
5 822 3302
109 74 4689
1606 1 1400
2495 3 4078
7050 1 2590
318 8 1557
1259 5 3546
10 33 324
4 1019 1363
412 4 129
34 166 3329
21 101 2066
44 179 6429
65 152 9766
2585 1 2552
3 5 2
570 9 1600
1281 5 5915
102 61 3190
9 221 1652
1954 3 3917
2749 3 4668
1105 5 2971
3212 3 4275
43 186 3627
5 641 2303
2 4217 8393
166 22 2759
2692 2 259
11 214 1470
12 719 7319
2 2713 3351
237 19 2654
13 401 3742
35 165 321
461 9 848
7051 1 5100
420 21 8703
281 11 1362
389 22 7012
4 1361 2767
2 3751 5263
509 7 1939
766 7 3286
209 19 2111
2891 2 1622
5 1556 5266
4843 2 6057
1 10000 5000
2 4204 6614
87 15 945
5 3 11
242 22 3941
5 62 282
169 7 940
477 6 555
237 24 4004
3259 3 3374
146 13 1520
107 41 3133
167 2 169
3 2973 5559
969 3 2734
5 3 6
2 1658 3236
100 100 1
209 9 1486
1069 2 1226
2731 2 5052
124 68 3310
27 115 1927
1 8373 7359
9499 1 5895
73 11 199
154 31 4297
3 3237 7430
23 172 3546
129 27 2991
88 67 2992
279 33 5896
10000 1 0
185 30 2911
973 5 1195
727 12 4667
1580 2 9
37 71 195
165 8 427
2207 3 3532
3 5 0
134 27 3104
2 4849 6470
70 31 589
1492 3 3575
1383 3 2956
613 3 1758
1575 3 3571
67 95 5463
58 34 1618
3073 2 4888
145 59 6661
3 1787 4881
249 31 299
5 843 2642
2313 4 7184
583 10 3828
51 164 6237
7982 1 5308
1 1 0
2 3047 4206
295 10 2482
13 121 1373
34 94 2204
5 70 350
839 9 7305
4 1987 5175
31 256 0
19 373 4545
41 186 7300
7016 1 6656
1947 3 4971
61 98 5037
12 579 4356
508 18 6751
2 1647 2316
3 2075 4121
1076 4 3245
2752 1 1910
2 23 40
3 1668 628
3 5 13
39 197 1696
3 2042 5230
5 3 2
1799 2 854
7 1051 3715
3 1661 654
61 5 290
15 466 401
2 2428 643
1051 4 2175
5 942 3664
263 2 387
251 13 1438
2 4237 4800
889 3 1894
2 1814 1959
14 686 4964
1276 2 1772
9 864 2288
9 243 1597
239 19 2798
25 123 2974
683 3 1872
11 641 6607
5 809 2648
132 51 3674
2194 3 5774
3 5 3
7 1255 6251
13 65 835
7538 1 4740
9999 1 4999
51 121 1210
2 1467 2050
53 29 363
111 67 3649
3 697 2056
17 449 7311
4 1688 3419
4 265 1046
1 3542 2735
1496 1 890
11 823 8281
514 7 1934
933 6 749
4 507 1665
2353 2 2617
3 179 423
131 37 3167
1923 4 6998
3224 2 2056
30 290 6168
43 163 2251
9999 1 4998
3207 3 5875
719 7 2692
283 4 1107
2 3467 5361
51 182 8229
29 127 2512
10000 1 5000
254 11 123
5 3 14
809 11 3989
56 54 1770
4171 1 2828
71 125 4902
3 2101 3997
2 4631 3353
215 25 4444
853 10 4413
829 2 1254
10000 1 10000
97 19 1481
31 197 1025
2 3178 3855
194 14 2575
613 3 232
3 5 14
116 35 3366
54 29 1074
21 356 4438
1698 2 3248
1006 2 1071
12 712 7595
749 9 5501
2222 2 3728
7 974 945
3 1928 5319
7 1378 5999
11 878 6615
8 162 1172
158 53 3787
20 490 9796
2 4013 5211
5 215 825
215 13 243
13 73 801
179 53 1172
429 8 2141
1066 1 675
151 57 5725
2 317 464
577 13 5586
7 532 3566
53 93 4638
11 33 124
2927 2 4816
67 122 5634
2 1811 1420
589 13 3829
4573 2 6483
31 97 735
176 3 171
116 37 3096
2 2594 3593
49 37 127
21 269 4825
531 2 752
11 229 1502
37 107 411
659 9 1663
706 2 1324
10 910 7887
6 1282 4589
16 347 2360
2 2740 3795
3920 1 1420
395 15 4651
16 142 1617
5 953 4233
2 1689 2812
781 5 2117
17 208 2299
139 3 245
16 607 5757
15 153 1370
4 2013 4262
1 9999 4998
25 133 2620
3319 3 138
24 175 3971
1361 5 3617
185 51 5535
789 9 1892
47 117 3463
459 18 5832
29 29 523
1 1590 362
78 103 5645
6 1151 3923
1322 2 2246
152 13 1565
1717 3 3447
1117 5 5211
2 757 1068
1788 2 2893
1693 3 3772
51 75 3339
2 3006 4113
4 1999 5316
223 6 707
100 100 5000
93 37 3429
2701 3 6451
1247 4 4168
4 753 2804
3 231 557
1282 3 3108
4546 1 3596
16 450 3722
1237 6 3813
2 4762 5772
4 2239 3894
1796 2 3477
10 62 201
89 107 4446
4348 2 6518
2722 2 623
5 3 8
97 28 1185
6 281 1329
8452 1 4502
3513 2 5353
14 501 3428
13 357 2569
31 91 2207
31 198 783
11 229 1756
9 782 5839
1094 2 1756
7 143 260
37 41 1183
664 7 826
4009 2 7338
1918 4 1720
18 447 5867
110 43 2639
3 576 1248
521 2 323
9999 1 9999
13 374 1690
74 10 49
8 580 4554
14 496 4567
467 11 4196
107 21 1791
353 20 4855
4 1481 2469
8 947 3132
3 734 262
2953 2 3772
1479 6 6724
4 386 936
109 2 184
1 3059 2404
157 53 6284
131 71 7860
15 10 104
11 131 1046
5 577 2079
93 37 1463
9 101 898
61 43 1731
41 67 1994
2685 2 3470
2281 3 4441
113 15 1284
1867 3 4326
181 35 625
3 1713 5091
59 59 2000
123 20 107
90 105 5031
4954 2 8379
219 3 367
24 14 239
2 4861 6666
1 10000 10000
3 349 851
127 57 3015
1115 5 4909
961 2 761
112 6 316
22 31 464
4463 2 6047
8 914 5324
419 11 2730
140 20 2287
5 3 9
3 19 29
6 1320 6580
268 19 2559
2838 1 1489
5 14 59
5 3 5
7 1280 3961
4271 2 209
193 29 3709
1 9999 0
22 431 4946
32 84 2379
69 103 1614
9 1 6
49 77 977
3 2858 6043
4678 2 490
2 2032 2481
159 19 2411
16 332 4481
99 22 1852
101 67 1499
7 417 2522
290 13 157
2522 3 6931
9999 1 0
727 1 718
7 107 430
1409 7 8683
376 2 290
10 642 3880
1989 2 2044
4 1627 3021
135 50 5757
2061 3 5115
1 9999 9999
2 422 539
3 1125 2989
41 43 1707
857 5 3235
1129 2 1636
118 79 8935
3 241 479
23 6 116
1 2187 1501
34 38 1085
103 87 5116
3 4 12
100 100 5001
465 3 742
291 3 495
1493 2 2173
387 7 1882
281 5 852
1877 2 169
13 454 860
1546 2 1867
37 255 6188
75 45 2964
136 46 4026
2 3611 6004
2 611 850
2 1008 1997
1355 6 4937
863 9 5673
2 841 34
2 2669 4315
1002 4 2648
2169 2 2412
2 2256 374
3 5 6
10 223 1327
3 1386 4087
5 1345 3926
2 3680 7277
51 47 1432
22 26 403
8 634 3754
176 11 1894
1099 7 6878
89 49 1001
8787 1 5997
2 2087 4011
898 3 1801
6 821 4210
20 247 3147
733 9 5293
3 5 8
4 1329 1128
2 4252 5607
151 54 7368
2 139 53
2 2833 2929
61 2 101
2 4001 6868
5 1129 4808
3 3217 6113
3 1693 3373
35 283 8589
5 3 4
29 61 234
1 1552 1347
1 1 1
10000 1 1
3 2163 4624
43 230 5073
4408 2 5760
1639 4 4045
9885 1 9816
5 35 41
2 1637 1808
641 11 6584
2 3907 5786
85 91 7295
11 752 2758
325 13 3512
389 13 2906
51 67 2312
293 7 1942
86 5 404
856 5 2327
2 3455 4408
1464 3 3230
39 48 1612
58 59 1918
1130 7 6345
19 293 4430
2 4023 5839
3 404 1203
3 62 48
11 481 3384
15 193 2143
1 9999 1
464 13 5465
41 41 1440
2 767 968
3 139 256
2847 2 3521
129 22 1473
6 29 127
1 8359 8271
249 31 5624
3071 2 4276
218 31 4910
54 113 5955
11 6 22
7 1067 3998
784 7 4526
5 866 1451
5 3 3
8 869 5535
2 4421 8841
2315 4 121
3153 2 6004
23 233 3503
3 1313 235
103 77 7518
788 7 1891
68 138 8707
9 578 3998
207 31 3760
2 1150 1837
1937 4 6250
29 125 2216
1 7665 6331
877 4 3049
1382 3 2731
54 176 6287
3 709 1455
81 107 7819
373 15 5011
5 3 10
200 17 406
10 98 36
13 601 4525
51 45 1252
9 409 2491
1 4037 1064
77 106 4724
21 459 7825
15 537 942
569 17 6684
1109 2 1598
25 71 708
6 922 2817
39 9 288
5 1266 6272
789 7 637
8882 1 7676
14 448 4329
2563 2 3704
27 150 3426
51 99 2566
3218 2 3731
3 3033 8532
2 3616 6890
9 431 2179
2883 3 7658
5 1864 8629
2741 1 2173
3 1780 3897
2 593 882
152 40 4613
863 3 1248
1383 3 2158
3 2293 5894
32 150 3133
632 2 781
5 3 0
71 109 267
394 2 527
90 90 718
2 2146 2607
8742 1 8180
1933 5 8081
4 1213 4424
3 5 12
3 5 15
13 458 3049
9 337 414
6108 1 3432
41 81 341
67 89 5426
10000 1 4999
3 2293 5885
3 2276 6355
15 435 4720
301 12 3166
1515 5 6407
13 521 6015
8 990 7063
2533 3 6073
5 1010 2834
64 127 5866
6 1613 7175
2 389 770
605 10 5273
4412 2 8470
1131 4 3763
33 150 2811
18 508 8928
373 5 1334
15 313 4300
35 268 8959
4609 2 56
10000 1 5001
4 1567 3632
100 100 0
43 167 5595
79 80 5141
5 1437 4354
10 46 32
206 36 5577
6 1165 4353
13 3 26
5 752 2954
6 535 2802
2549 2 328
6 397 1265
577 9 2844
4722 2 4773
317 7 1840
1591 3 3774
479 9 3208
4 2082 6711
4 1018 3954
9 100 674
4877 2 8228
1470 3 4296
5 1967 1581
33 8 185
90 89 1348
30 191 110
68 15 544
4 705 2450
3 1147 2708
941 4 2362
385 4 873
135 43 4758
5 931 4550
7 691 3464
1 1305 857
2357 4 9303
4623 2 8555
1130 7 4326
25 253 3400
125 47 3684
337 1 174
251 17 3977
51 52 2495
519 6 2887
20 89 1611
71 101 4485
1 5292 4560
117 79 4131
18 139 1637
3414 2 4087
4987 2 2143
3 5 11
2 801 1213
4 3 12
1355 4 3145
629 7 1001
2 384 508
8924 1 3948
2 3813 3335
173 2 258
3 1011 2576
4 2411 7705
2 267 292
1761 2 1149
3057 1 1590
159 15 1530
9 287 2573
3 1210 1022
109 37 3609
704 4 2806
200 26 5022
1804 5 4606
247 38 7671
80 44 2250
3071 2 5968
372 11 3189
1933 2 2732
2 4007 6347
4 389 1295
6 5 11
3 393 1078
5 3 13
6 181 1015
2 4961 1520
162 60 7393
3 939 1034
416 13 4178
1497 5 4024
121 31 2863
381 2 398
24 7 123
41 157 4567
18 439 4402
1 9 6
742 10 5426
17 385 6223
53 187 3856
3319 2 6382
5 3 12
3 554 816
2 142 17
4 1382 3225
493 2 974
19 136 2066
37 64 2123
167 46 4861
171 23 2885
5 1523 6370
2 3281 3687
101 83 3630
278 8 1682
5 119 323
5 1876 5523
5 1686 4648
2 499 269
7 20 63
11 653 5902
18 425 289
2 4677 4776
2631 3 3806
1840 2 2202
7 1285 7953
8533 1 716
84 101 5601
4 2459 8807
2 1418 2480
1181 2 2047
1 9999 4999
17 370 1472
1322 2 297
113 43 23
9551 1 3651
71 49 2575
227 27 5761
34 283 8504
5 285 985
610 11 5142
249 15 1157
101 97 6597
1 10000 1
613 2 837
4 4 9
103 32 2571
3 2203 5228
132 68 5716
52 97 4547
97 51 2644
3 2623 7793
1378 5 6467
9270 1 8916
249 26 4553
5 3 1
3 1789 4856
619 8 4631
7 125 702
11 656 3648
359 15 1321
5 3 15
1439 6 5072
31 32 947
2 3617 3260
4 296 622
166 43 5075
1 9999 5000
34 218 6047
7 418 653
11 701 5190
15 435 4825
3 3018 7973
4 334 1107
173 9 808
247 29 6885
2 4354 3887
6 891 1713
2 3338 4866
1 3875 87
429 22 6158
7 942 5776
3 2757 7646
7 673 3525
4492 2 5713
3459 1 2247
163 35 1216
17 331 732
652 4 1988
430 14 2960
1641 1 1539
2 1249 334
42 146 3819
12 719 4184
5 478 1917
8 1138 7331
1 2564 2369
327 13 3022
4 1970 5729
35 182 3796
126 13 975
28 333 4767
2 172 204
