100
1 16 9
1 1 1
9 1 6
1 3 1
1 15 0
5 3 3
1 1 0
1 16 16
5 3 12
3 4 7
7 2 10
5 3 11
4 4 7
3 5 12
3 5 1
5 3 8
16 1 8
5 3 2
3 5 7
2 2 0
16 1 7
4 4 15
1 15 1
4 4 9
3 5 9
1 15 8
3 5 10
4 4 16
8 2 15
5 3 7
1 16 1
2 7 8
5 3 6
7 1 3
1 9 6
4 4 12
4 3 11
15 1 7
2 6 12
2 3 3
5 3 15
15 1 15
3 5 2
7 1 1
4 4 8
3 3 7
3 5 3
3 5 4
2 5 9
3 2 0
3 5 5
5 3 1
5 3 5
3 5 6
2 2 2
3 5 11
16 1 0
7 2 9
3 5 13
5 3 14
1 15 6
1 15 15
4 2 2
16 1 1
2 8 10
1 16 7
5 3 4
5 3 0
15 1 8
2 8 1
4 2 3
3 5 0
1 16 0
4 3 6
3 5 8
5 3 13
4 3 8
16 1 9
2 2 1
4 3 12
2 2 4
15 1 1
5 3 9
1 16 8
15 1 6
3 2 1
15 1 0
3 5 14
3 5 15
4 4 1
2 6 6
7 2 14
3 4 5
1 15 7
5 3 10
3 4 12
4 4 3
16 1 16
12 1 2
4 4 0
