100
6 0000001
6 2773301
3 0001
2 008
6 2026001
6 0000001
4 16202
6 0028002
3 0011
6 0549224
6 0004082
5 904001
0 9
6 0005401
0 6
6 0000008
1 21
0 1
5 000023
6 0906001
1 21
0 1
6 0211221
6 6030083
5 110011
6 2222022
6 7426651
6 3289609
6 1201121
6 1111111
6 8000071
4 01101
2 432
6 0000001
6 1480001
5 121121
0 2
6 6454035
4 02612
5 034218
6 9999999
6 0020009
3 3561
6 0080701
3 7001
1 01
6 9002001
6 3800001
6 0602301
0 2
1 61
6 9040061
6 6072141
0 1
6 9150921
2 703
0 1
6 5606354
4 00201
6 0000001
6 3408721
2 001
6 1600001
6 2222111
5 706001
6 7399569
1 51
6 0109401
1 91
6 0020006
6 0000001
6 7000001
5 000001
6 2120111
2 111
6 0000001
0 1
6 1012012
5 222122
6 0070001
6 0000091
6 2222111
6 0000301
1 84
6 3600007
6 0060091
1 01
6 0001408
0 3
6 0110212
4 14001
6 1120122
6 2120201
6 4416001
4 40001
6 0000001
1 09
6 6214926
6 0000001
4 11111
