30
3
3 4
4 10
6 10
9
3
3 4
4 10
7 10
9
2
6 6
10 3
13
2
6 6
10 3
14
99
469088 1000000
938082 468991
938084 468990
938086 468989
938088 468988
938090 468987
938092 468986
938094 468985
938096 468984
938098 468983
938100 468982
938102 468981
938104 468980
938106 468979
938108 468978
938110 468977
938112 468976
938114 468975
938116 468974
938118 468973
938120 468972
938122 468971
938124 468970
938126 468969
938128 468968
938130 468967
938132 468966
938134 468965
938136 468964
938138 468963
938140 468962
938142 468961
938144 468960
938146 468959
938148 468958
938150 468957
938152 468956
938154 468955
938156 468954
938158 468953
938160 468952
938162 468951
938164 468950
938166 468949
938168 468948
938170 468947
938172 468946
938174 468945
938176 468944
1407080 468983
1876064 468984
2344954 468887
2344956 468886
2344958 468885
2344960 468884
2344962 468883
2344964 468882
2344966 468881
2344968 468880
2344970 468879
2344972 468878
2344974 468877
2344976 468876
2344978 468875
2344980 468874
2344982 468873
2344984 468872
2344986 468871
2344988 468870
2344990 468869
2344992 468868
2344994 468867
2344996 468866
2344998 468865
2345000 468864
2345002 468863
2345004 468862
2345006 468861
2345008 468860
2345010 468859
2345012 468858
2345014 468857
2345016 468856
2345018 468855
2345020 468854
2345022 468853
2345024 468852
2345026 468851
2345028 468850
2345030 468849
2345032 468848
2345034 468847
2345036 468846
2345038 468845
2345040 468844
2345042 468843
2345044 468842
2345046 468841
2345048 468840
2813888
23
10 12
11 71
12 59
13 24
14 36
15 38
16 91
17 51
18 67
19 78
20 60
30 10
40 10
41 44
42 46
43 72
44 45
45 25
46 40
47 87
48 41
49 70
50 77
60
1
200000000 300000000
400000000
99
376057 1000000
752100 376040
752102 376039
752104 376038
752106 376037
752108 376036
752110 376035
752112 376034
752114 376033
1128146 376034
1504180 376034
1880200 376017
1880202 376016
1880204 376015
1880206 376014
1880208 376013
1880210 376012
1880212 376011
1880214 376010
2256224 376010
2632234 376010
3008230 375993
3008232 375992
3008234 375991
3008236 375990
3008238 375989
3008240 375988
3008242 375987
3008244 375986
3384225 375991
3760216 375991
4136193 375974
4136195 375973
4136197 375972
4136199 375971
4136201 375970
4136203 375969
4136205 375968
4136207 375967
4512168 375973
4888141 375973
5264100 375956
5264102 375955
5264104 375954
5264106 375953
5264108 375952
5264110 375951
5264112 375950
5264114 375949
5640057 375955
6016012 375955
6391953 375938
6391955 375937
6391957 375936
6391959 375935
6391961 375934
6391963 375933
6391965 375932
6391967 375931
6767896 375933
7143829 375933
7519748 375916
7519750 375915
7519752 375914
7519754 375913
7519756 375912
7519758 375911
7519760 375910
7519762 375909
7895671 375909
8271580 375909
8647475 375892
8647477 375891
8647479 375890
8647481 375889
8647483 375888
8647485 375887
8647487 375886
8647489 375885
9023371 375888
9399259 375888
9775133 375871
9775135 375870
9775137 375869
9775139 375868
9775141 375867
9775143 375866
9775145 375865
9775147 375864
10151008 375867
10526875 375867
10902728 375850
10902730 375849
10902732 375848
10902734 375847
10902736 375846
10902738 375845
10902740 375844
10902742 375843
11278585
7
10 10
15 5
20 9
25 5
30 10
35 5
40 10
45
99
788565 1000000
794601 977288
799828 753813
810734 845289
816615 689228
829792 801529
838755 772117
850327 738353
862440 613394
871802 797847
914016 836078
941370 777563
956597 910590
1020047 696934
1038442 980287
1055968 989308
1057543 910019
1066626 849899
1067975 998068
1072010 912430
1073435 798701
1079356 984538
1088362 952741
1094374 511659
1108212 722429
1120137 775686
1121847 977695
1132943 516213
1142720 512674
1194270 810036
1206437 675836
1213811 544520
1228196 787633
1235395 834400
1290439 569565
1306943 571221
1319963 976732
1322260 929692
1324421 809381
1373440 553692
1431514 913104
1433770 724869
1470826 626378
1480475 525401
1481331 802706
1507056 604297
1514213 806378
1520328 803074
1526473 722990
1576488 703370
2251995 731664
2251997 731663
2251999 731662
2252001 731661
2252003 731660
2252005 731659
2252007 731658
2252009 731657
2252011 731656
2252013 731655
2252015 731654
2252017 731653
2252019 731652
2252021 731651
2252023 731650
2252025 731649
2252027 731648
2252029 731647
2252031 731646
2252033 731645
2252035 731644
2252037 731643
2252039 731642
2252041 731641
2252043 731640
2252045 731639
2252047 731638
2252049 731637
2252051 731636
2252053 731635
2252055 731634
2252057 731633
2252059 731632
2252061 731631
2252063 731630
2252065 731629
2252067 731628
2252069 731627
2252071 731626
2252073 731625
2252075 731624
2252077 731623
2252079 731622
2252081 731621
2252083 731620
2252085 731619
2252087 731618
2252089 731617
2252091 731616
2983707
99
532562 1000000
1065090 532525
1065092 532524
1065094 532523
1065096 532522
1065098 532521
1065100 532520
1065102 532519
1065104 532518
1065106 532517
1065108 532516
1065110 532515
1065112 532514
1065114 532513
1065116 532512
1065118 532511
1065120 532510
1065122 532509
1065124 532508
1597630 532510
2130140 532510
2662616 532473
2662618 532472
2662620 532471
2662622 532470
2662624 532469
2662626 532468
2662628 532467
2662630 532466
2662632 532465
2662634 532464
2662636 532463
2662638 532462
2662640 532461
2662642 532460
2662644 532459
2662646 532458
2662648 532457
2662650 532456
3195093 532468
3727562 532469
4259997 532432
4259999 532431
4260001 532430
4260003 532429
4260005 532428
4260007 532427
4260009 532426
4260011 532425
4260013 532424
4260015 532423
4260017 532422
4260019 532421
4260021 532420
4260023 532419
4260025 532418
4260027 532417
4260029 532416
4260031 532415
4792433 532428
5324861 532428
5857255 532391
5857257 532390
5857259 532389
5857261 532388
5857263 532387
5857265 532386
5857267 532385
5857269 532384
5857271 532383
5857273 532382
5857275 532381
5857277 532380
5857279 532379
5857281 532378
5857283 532377
5857285 532376
5857287 532375
5857289 532374
6389655 532382
6922037 532382
7454385 532345
7454387 532344
7454389 532343
7454391 532342
7454393 532341
7454395 532340
7454397 532339
7454399 532338
7454401 532337
7454403 532336
7454405 532335
7454407 532334
7454409 532333
7454411 532332
7454413 532331
7454415 532330
7454417 532329
7454419 532328
7986747
3
5 5
7 5
9 5
21
99
61976 1000000
82156 789621
82494 841650
84917 524859
102879 843149
104111 597555
114318 542491
115814 986238
121623 887595
122969 907991
183946 60974
183948 60973
183950 60972
183952 60971
183954 60970
183956 60969
183958 60968
183960 60967
183962 60966
244928 60966
305894 60966
315406 821447
316645 887279
318085 984288
330038 986088
336487 690182
353422 640368
358027 926471
362525 661929
363854 819334
421798 57941
421800 57940
421802 57939
421804 57938
421806 57937
421808 57936
421810 57935
421812 57934
421814 57933
479740 57940
537680 57940
546785 526821
552481 750595
559478 592849
566073 953116
566745 525609
573478 807843
575263 778549
576243 968944
593381 631099
595604 57921
595606 57920
595608 57919
595610 57918
595612 57917
595614 57916
595616 57915
595618 57914
595620 57913
653528 57918
711446 57918
714737 825225
717407 526693
717765 866771
719205 985470
722248 676566
732243 545057
741333 838737
757953 836660
766267 661044
769348 57899
769350 57898
769352 57897
769354 57896
769356 57895
769358 57894
769360 57893
769362 57892
769364 57891
827248 57898
885146 57898
886272 551222
886739 986711
899978 653628
908202 866558
915035 933210
918965 956287
919712 856282
933375 928482
939198 591606
943028 57879
943030 57878
943032 57877
943034 57876
943036 57875
943038 57874
943040 57873
943042 57872
943044 57871
1000915
95
40260 1000000
50224 514801
52625 794917
54408 998183
54998 547410
58718 789045
60759 788130
63283 955923
64541 954028
65236 992949
65806 545641
66253 607140
67353 693163
74284 799237
74854 858626
78878 606279
80492 40229
80494 40228
80496 40227
80498 40226
80500 40225
80502 40224
80504 40223
80506 40222
80508 40221
80510 40220
80512 40219
80514 40218
80516 40217
80518 40216
80520 40215
120722 40228
160950 40228
163838 708040
168157 687279
170560 514818
172681 750270
182289 531408
182957 817475
183939 794557
186358 969817
188274 837986
190062 992584
191870 666919
195410 718189
195412 977662
198930 816179
200540 722183
240102 39559
240104 39558
240106 39557
240108 39556
240110 39555
240112 39554
240114 39553
240116 39552
240118 39551
240120 39550
240122 39549
240124 39548
240126 39547
240128 39546
240130 39545
279661 39558
319220 39559
320588 952609
322018 599264
328631 755624
330778 801929
332154 774508
332567 691356
333533 940965
334379 858510
335037 588713
335137 839656
336363 799711
339360 788011
340905 542319
343512 703796
346978 589729
358751 39528
358753 39527
358755 39526
358757 39525
358759 39524
358761 39523
358763 39522
358765 39521
358767 39520
358769 39519
358771 39518
358773 39517
358775 39516
358777 39515
358779 39514
398293
99
487849 1000000
639771 547605
679038 649081
680557 584788
962811 743725
1437767 474953
1437769 474952
1437771 474951
1437773 474950
1912721 474952
2387673 474952
2398244 675264
2504571 597966
2539554 942827
2582101 914082
2862619 474943
2862621 474942
2862623 474941
2862625 474940
3337562 474943
3812505 474943
3857965 873500
3882546 933122
4059600 767128
4268416 669820
4287442 474934
4287444 474933
4287446 474932
4287448 474931
4762376 474934
5237310 474934
5480391 878565
5596997 564279
5606601 777873
5628241 926086
5712238 474925
5712240 474924
5712242 474923
5712244 474922
6187165 474923
6662088 474923
6662090 699192
6825394 719463
6952171 964777
7117355 779938
7572616 455258
7572618 455257
7572620 455256
7572622 455255
8027877 455255
8483132 455255
8601057 744295
8662343 980142
8779216 861955
8793966 781889
8938381 455246
8938383 455245
8938385 455244
8938387 455243
9393629 455244
9848873 455244
9889250 608302
10020768 904946
10098200 718875
10156594 561197
10464309 307712
10464311 307711
10464313 307710
10464315 307709
10772021 307712
11079733 307712
11107408 539637
11108256 715197
11120288 968037
11177853 957656
11387439 307703
11387441 307702
11387443 307701
11387445 307700
11695142 307703
12002845 307703
12072649 739880
12105053 875565
12124017 983423
12134721 739768
12310542 307694
12310544 307693
12310546 307692
12310548 307691
12618239 307691
12925930 307691
13010268 742993
13086065 656376
13175479 687273
13213827 933470
13501718 287888
13501720 287887
13501722 287886
13501724 287885
13789609
99
856846 1000000
1713598 856749
1713600 856748
1713602 856747
1713604 856746
1713606 856745
1713608 856744
1713610 856743
1713612 856742
1713614 856741
1713616 856740
1713618 856739
1713620 856738
1713622 856737
1713624 856736
1713626 856735
1713628 856734
1713630 856733
1713632 856732
1713634 856731
1713636 856730
1713638 856729
1713640 856728
1713642 856727
1713644 856726
1713646 856725
1713648 856724
1713650 856723
1713652 856722
1713654 856721
1713656 856720
1713658 856719
1713660 856718
1713662 856717
1713664 856716
1713666 856715
1713668 856714
1713670 856713
1713672 856712
1713674 856711
1713676 856710
1713678 856709
1713680 856708
1713682 856707
1713684 856706
1713686 856705
1713688 856704
1713690 856703
1713692 856702
2570394 856702
3427096 856702
4283704 856605
4283706 856604
4283708 856603
4283710 856602
4283712 856601
4283714 856600
4283716 856599
4283718 856598
4283720 856597
4283722 856596
4283724 856595
4283726 856594
4283728 856593
4283730 856592
4283732 856591
4283734 856590
4283736 856589
4283738 856588
4283740 856587
4283742 856586
4283744 856585
4283746 856584
4283748 856583
4283750 856582
4283752 856581
4283754 856580
4283756 856579
4283758 856578
4283760 856577
4283762 856576
4283764 856575
4283766 856574
4283768 856573
4283770 856572
4283772 856571
4283774 856570
4283776 856569
4283778 856568
4283780 856567
4283782 856566
4283784 856565
4283786 856564
4283788 856563
4283790 856562
4283792 856561
4283794 856560
4283796 856559
4283798 856558
5140356
99
10 79
11 33
12 60
13 42
14 10
15 51
17 100
18 36
20 62
30 10
40 10
41 63
43 99
44 66
46 62
47 70
48 99
49 62
50 99
60 10
70 10
72 23
73 76
74 81
75 61
76 22
77 57
78 46
79 21
88 8
97 9
98 57
99 44
100 66
101 31
102 41
103 43
105 70
106 94
115 9
124 9
125 57
126 68
127 74
128 15
130 67
131 38
132 81
133 96
142 9
151 9
152 65
154 60
155 42
156 74
157 46
158 34
159 22
160 22
169 9
178 9
179 84
180 20
181 17
182 53
183 35
185 49
186 59
187 29
196 9
205 9
206 42
207 57
208 22
209 85
210 100
211 18
213 49
214 38
223 9
232 9
234 44
235 32
236 64
237 31
238 80
239 41
240 30
241 60
250 9
259 9
260 88
262 45
263 31
264 63
265 58
266 32
267 58
268 99
277
4
5 5
8 3
9 4
11 3
14
95
560730 1000000
630241 968391
658547 933795
739218 826983
853923 905533
955608 910214
1014975 894787
1015168 669828
1121448 560715
1121450 560714
1121452 560713
1121454 560712
1121456 560711
1121458 560710
1121460 560709
1682167 560711
2242878 560711
2408666 882129
2425451 767158
2436135 750368
2571131 650764
2587743 784546
2620084 902273
2654753 589423
2803577 560696
2803579 560695
2803581 560694
2803583 560693
2803585 560692
2803587 560691
2803589 560690
3364279 560690
3924969 560690
4016648 733875
4113570 771572
4151753 986063
4161320 731458
4182878 716553
4193416 980187
4369720 789416
4485647 560675
4485649 560674
4485651 560673
4485653 560672
4485655 560671
4485657 560670
4485659 560669
5046327 560670
5606997 560670
5742971 637316
5757452 578987
5992856 527103
5997823 869922
6026985 611001
6068877 711958
6100660 705645
6594311 493648
6594313 493647
6594315 493646
6594317 493645
6594319 493644
6594321 493643
6594323 493642
7087963 493644
7581607 493644
7608697 984298
7641524 561260
7690666 654059
7730601 936684
7792149 704941
7943360 562704
8066567 723343
8075239 493629
8075241 493628
8075243 493627
8075245 493626
8075247 493625
8075249 493624
8075251 493623
8568873 493624
9062497 493624
9094713 740781
9147319 879573
9152081 850403
9181212 557989
9195503 546629
9400592 656255
9455367 863323
9848225 392855
9848227 392854
9848229 392853
9848231 392852
9848233 392851
9848235 392850
9848237 392849
10241086
2
10 10
11 10
21
99
203166 1000000
406328 203159
406330 203158
406332 203157
609488 203158
812646 203158
1015800 203151
1015802 203150
1015804 203149
1218951 203151
1422102 203151
1625249 203144
1625251 203143
1625253 203142
1828393 203144
2031537 203144
2234677 203137
2234679 203136
2234681 203135
2437814 203137
2640951 203137
2844084 203130
2844086 203129
2844088 203128
3047214 203130
3250344 203130
3453470 203123
3453472 203122
3453474 203121
3656593 203123
3859716 203123
4062835 203116
4062837 203115
4062839 203114
4265951 203116
4469067 203116
4672179 203109
4672181 203108
4672183 203107
4875290 203107
5078397 203107
5281500 203100
5281502 203099
5281504 203098
5484600 203100
5687700 203100
5890796 203093
5890798 203092
5890800 203091
6093889 203093
6296982 203093
6500071 203086
6500073 203085
6500075 203084
6703157 203086
6906243 203086
7109325 203079
7109327 203078
7109329 203077
7312406 203076
7515483 203077
7718556 203070
7718558 203069
7718560 203068
7921627 203069
8124696 203069
8327761 203062
8327763 203061
8327765 203060
8530823 203062
8733885 203062
8936943 203055
8936945 203054
8936947 203053
9139998 203055
9343053 203055
9546104 203048
9546106 203047
9546108 203046
9749153 203047
9952200 203047
10155243 203040
10155245 203039
10155247 203038
10358285 203038
10561323 203038
10764357 203031
10764359 203030
10764361 203029
10967390 203029
11170419 203029
11373444 203022
11373446 203021
11373448 203020
11576467 203021
11779488 203021
11982505 203014
11982507 203013
11982509 203012
12185521
2
10 10
11 10
20
1
10 25
25
7
10 10
15 5
20 9
25 5
30 10
35 5
40 10
49
99
10 44
11 62
12 91
14 40
15 90
16 41
17 72
18 17
20 42
30 10
40 10
41 57
42 39
43 98
44 85
46 81
47 89
49 20
50 54
60 10
70 10
71 30
72 95
73 85
74 25
75 81
76 64
79 68
80 35
90 10
100 10
102 89
103 13
104 28
105 83
106 48
107 10
108 74
110 25
120 10
130 10
131 26
132 85
133 85
134 94
136 53
137 54
138 98
139 38
148 9
157 9
158 69
159 62
160 97
161 86
162 50
164 26
165 54
166 33
175 9
184 9
185 86
186 50
187 92
188 36
189 100
190 26
191 60
192 48
193 9
202 9
203 90
204 99
205 63
206 68
207 64
209 97
210 11
211 34
220 9
229 9
230 27
232 38
233 88
234 40
235 12
236 93
237 93
238 12
247 9
256 9
257 67
258 16
259 21
260 15
261 45
262 79
264 30
265 19
274
99
110341 1000000
220668 110324
220670 110323
220672 110322
220674 110321
220676 110320
220678 110319
220680 110318
220682 110317
330992 110324
441316 110324
551626 110307
551628 110306
551630 110305
551632 110304
551634 110303
551636 110302
551638 110301
551640 110300
661934 110306
772240 110306
882532 110289
882534 110288
882536 110287
882538 110286
882540 110285
882542 110284
882544 110283
882546 110282
992825 110285
1103110 110285
1213381 110268
1213383 110267
1213385 110266
1213387 110265
1213389 110264
1213391 110263
1213393 110262
1213395 110261
1323656 110261
1433917 110261
1544164 110244
1544166 110243
1544168 110242
1544170 110241
1544172 110240
1544174 110239
1544176 110238
1544178 110237
1654415 110237
1764652 110237
1874875 110220
1874877 110219
1874879 110218
1874881 110217
1874883 110216
1874885 110215
1874887 110214
1874889 110213
1985096 110219
2095315 110219
2205520 110202
2205522 110201
2205524 110200
2205526 110199
2205528 110198
2205530 110197
2205532 110196
2205534 110195
2315727 110197
2425924 110197
2536107 110180
2536109 110179
2536111 110178
2536113 110177
2536115 110176
2536117 110175
2536119 110174
2536121 110173
2646288 110179
2756467 110179
2866632 110162
2866634 110161
2866636 110160
2866638 110159
2866640 110158
2866642 110157
2866644 110156
2866646 110155
2976801 110154
3086956 110155
3197097 110138
3197099 110137
3197101 110136
3197103 110135
3197105 110134
3197107 110133
3197109 110132
3197111 110131
3307242
5
100 100
105 5
110 5
112 2
114 2
120
99
416522 1000000
833040 416515
833042 416514
833044 416513
1249556 416514
1666070 416514
2082580 416507
2082582 416506
2082584 416505
2499088 416506
2915594 416506
3332096 416499
3332098 416498
3332100 416497
3748597 416497
4165094 416497
4581587 416490
4581589 416489
4581591 416488
4998077 416490
5414567 416490
5831053 416483
5831055 416482
5831057 416481
6247536 416483
6664019 416483
7080498 416476
7080500 416475
7080502 416474
7496976 416474
7913450 416474
8329920 416467
8329922 416466
8329924 416465
8746389 416465
9162854 416465
9579315 416458
9579317 416457
9579319 416456
9995774 416457
10412231 416457
10828684 416450
10828686 416449
10828688 416448
11245136 416448
11661584 416448
12078028 416441
12078030 416440
12078032 416439
12494469 416441
12910910 416441
13327347 416434
13327349 416433
13327351 416432
13743781 416434
14160215 416434
14576645 416427
14576647 416426
14576649 416425
14993074 416425
15409499 416425
15825920 416418
15825922 416417
15825924 416416
16242338 416418
16658756 416418
17075170 416411
17075172 416410
17075174 416409
17491582 416410
17907992 416410
18324398 416403
18324400 416402
18324402 416401
18740803 416401
19157204 416401
19573601 416394
19573603 416393
19573605 416392
19989996 416393
20406389 416393
20822778 416386
20822780 416385
20822782 416384
21239165 416385
21655550 416385
22071931 416378
22071933 416377
22071935 416376
22488310 416377
22904687 416377
23321060 416370
23321062 416369
23321064 416368
23737430 416370
24153800 416370
24570166 416363
24570168 416362
24570170 416361
24986531
99
622852 1000000
625630 978292
648066 523976
648679 556455
648775 816839
683898 789436
685350 541059
690681 682592
717566 668520
737741 899282
742501 790371
753773 999286
754488 700531
777926 699447
785296 580765
791831 529258
803809 706394
846519 693282
1029302 929372
1047685 612694
1070261 858548
1091048 726629
1092565 527530
1094583 840390
1188196 597191
1753494 565295
1753496 565294
1753498 565293
1753500 565292
1753502 565291
1753504 565290
1753506 565289
1753508 565288
1753510 565287
1753512 565286
1753514 565285
1753516 565284
1753518 565283
1753520 565282
1753522 565281
1753524 565280
1753526 565279
1753528 565278
1753530 565277
1753532 565276
1753534 565275
1753536 565274
1753538 565273
1753540 565272
2318812 565272
2884084 565272
2888336 672266
2936019 836361
2937068 678305
2947556 930128
2956584 668271
2962136 944422
2976222 917902
2978607 941286
3042740 576617
3055672 763566
3084195 547795
3089752 637753
3137614 999109
3190470 930229
3198622 910959
3210903 950481
3271545 733876
3288974 874388
3305667 512732
3310096 726611
3354257 611862
3379773 503924
3383838 716976
3412120 630317
3940110 527987
3940112 527986
3940114 527985
3940116 527984
3940118 527983
3940120 527982
3940122 527981
3940124 527980
3940126 527979
3940128 527978
3940130 527977
3940132 527976
3940134 527975
3940136 527974
3940138 527973
3940140 527972
3940142 527971
3940144 527970
3940146 527969
3940148 527968
3940150 527967
3940152 527966
3940154 527965
3940156 527964
4468120
2
10 1000
100 10
110
