100
6 2 8 29 20 8 18 18 21
76 45 8 1 13 27 15 7 15 28 4 14 22 27 28 28 8 2 19 18 1 5 8 24 8 30 0 22 11 16 24 19 16 30 23 25 11 0 18 0 19 11 3 19 20 26 20 21 2 20 30 0 18 13 10 15 19 10 29 2 13 26 20 26 19 7 22 21 30 28 29 22 4 10 27 1 12 3 27
77 20 6 27 7 30 15 15 14 30 15 14 15 21 15 15 14 15 15 16 14 0 15 14 8 25 14 14 12 15 2 29 15 23 10 14 15 14 20 2 24 14 15 27 14 15 26 26 15 15 14 26 25 15 21 28 20 15 15 30 15 5 17 28 15 7 1 19 15 4 15 14 14 15 26 15 14 19 14 14
1 1 1 12
76 0 0 3 26 21 5 17 19 0 28 8 1 30 0 6 26 11 2 6 17 4 12 22 5 4 6 23 1 23 5 20 4 18 18 17 8 21 28 21 24 5 15 19 13 20 7 6 17 21 22 12 30 20 17 21 15 11 28 14 26 17 7 0 27 30 1 8 26 4 21 17 22 24 6 11 23 10 23
41 11 8 21 27 21 21 10 21 21 3 25 6 21 20 12 20 18 17 1 7 21 20 21 2 14 27 3 16 20 21 5 20 21 20 20 8 20 21 26 21 21 20 21
78 0 3 15 1 11 0 30 26 21 20 5 12 26 30 28 2 11 13 6 16 5 6 1 26 0 2 3 6 28 0 14 0 6 22 16 25 15 13 17 25 11 7 10 10 5 9 1 21 26 15 0 0 25 16 15 24 17 16 8 21 22 7 2 17 29 0 8 3 25 29 10 22 2 0 16 21 2 17 14 15
30 8 5 1 30 2 3 2 10 10 28 14 18 26 6 5 24 14 28 14 24 0 7 4 15 11 28 17 29 23 15 30 8
14 3 10 26 26 27 26 21 27 22 26 26 22 27 1 19 27
54 0 7 6 15 19 28 11 18 15 10 29 14 7 26 16 6 18 15 29 10 13 8 21 13 28 6 29 19 17 19 9 25 20 3 14 29 20 26 2 23 4 24 27 15 4 27 3 18 23 22 7 2 8 19 16 22
94 0 4 19 16 17 12 26 28 13 20 8 8 13 28 29 30 29 28 22 22 5 18 25 18 19 28 8 19 8 14 7 8 5 29 17 10 12 18 3 4 18 20 8 21 1 5 18 5 20 21 4 22 29 19 4 17 7 3 4 11 13 5 15 25 6 9 28 18 10 2 12 25 10 2 28 25 1 11 24 9 19 8 24 7 16 15 1 17 16 23 22 5 6 24 11 0
9 3 9 12 20 29 25 26 24 14 9 13
99 45 6 20 15 2 14 14 15 14 3 14 3 15 22 17 16 4 13 7 14 15 14 7 14 15 15 14 11 15 15 15 15 15 14 9 29 15 7 14 23 14 28 26 14 12 6 4 23 7 14 14 20 16 15 13 14 0 14 12 15 23 16 27 28 9 19 15 14 14 15 14 21 15 18 13 14 9 14 27 28 14 14 15 16 23 21 14 15 14 14 14 15 21 14 15 14 14 14 14 11 15
24 10 7 16 16 15 8 3 14 12 20 4 20 1 3 12 30 20 19 19 23 10 24 11 20 7 25
49 49 10 25 9 8 4 24 27 27 26 15 22 28 17 28 4 3 4 16 28 15 22 24 21 23 5 24 2 27 17 10 3 26 26 23 9 12 8 22 13 17 27 24 3 7 28 27 15 28 13 16
39 11 9 23 24 10 28 23 25 29 28 6 12 25 23 10 1 24 23 11 0 24 23 4 25 1 24 23 2 16 0 25 19 21 30 23 26 18 23 24 17 30
64 20 5 9 24 24 19 23 22 15 14 14 29 18 5 1 13 12 29 19 16 15 25 1 11 19 27 27 0 6 11 1 15 29 15 4 30 13 13 6 22 3 16 10 16 4 17 29 14 18 7 30 9 0 7 23 26 0 27 25 13 5 3 26 16 9 9
56 28 4 24 8 11 8 28 8 8 4 23 9 8 9 9 12 16 21 9 8 27 8 7 9 11 9 25 12 21 8 23 9 8 2 19 10 10 8 9 0 9 9 9 9 8 8 27 8 4 9 8 26 9 8 9 8 9 8
45 5 2 2 3 20 2 2 17 2 3 2 2 13 2 17 3 3 12 9 8 3 2 29 2 2 13 2 2 6 23 18 3 3 20 2 2 3 1 2 2 15 2 11 16 16 2 2
62 62 4 28 9 15 15 20 4 21 23 23 26 6 24 26 27 5 25 24 7 10 6 16 10 8 26 11 9 11 4 20 2 4 27 9 15 4 22 6 13 19 11 21 21 7 9 18 4 12 7 25 28 27 14 8 21 19 7 15 9 23 23 27 11
5 0 2 3 3 2 2 18
41 15 8 11 30 27 4 4 27 5 26 3 7 6 1 25 13 10 0 30 7 27 8 20 26 6 2 1 7 21 0 27 4 15 5 25 30 24 11 10 19 28 21 16
97 97 6 3 17 24 12 18 26 14 23 13 3 18 4 23 22 8 24 19 23 26 16 12 5 7 16 7 6 10 12 11 11 19 21 21 23 7 27 9 20 25 12 6 11 20 25 27 10 13 15 22 20 4 19 2 23 28 20 11 2 8 10 28 3 15 14 23 21 19 16 28 23 11 23 10 18 22 27 7 11 4 24 2 28 11 25 20 21 25 17 18 9 15 10 2 14 17 3 22
61 17 7 17 18 22 17 22 24 17 19 17 17 25 18 17 17 19 5 3 18 27 18 26 25 7 8 17 17 17 17 0 17 22 18 18 18 18 18 6 21 21 23 17 11 1 18 18 18 7 18 17 29 18 14 10 8 17 17 18 24 17 17 17
53 0 6 3 1 19 27 15 23 6 2 0 2 21 15 26 17 15 30 11 8 1 28 26 10 4 21 20 0 1 29 5 15 24 4 20 21 8 3 4 25 23 6 29 6 1 10 26 29 19 5 22 5 13 29 27
51 21 4 20 21 7 2 30 1 2 13 17 24 29 29 21 0 7 1 12 13 26 1 10 10 27 23 14 9 15 13 9 24 12 5 21 28 27 28 6 23 4 13 9 14 6 9 30 18 11 29 22 7 8
18 10 4 9 15 8 5 27 9 23 8 4 9 8 8 8 4 9 8 8 19
17 14 6 1 26 13 16 7 2 8 18 27 29 12 22 11 11 7 16 15
52 0 8 23 9 17 17 8 22 10 16 11 13 3 25 25 22 0 16 11 6 24 5 20 23 10 8 18 7 0 21 22 18 2 24 6 3 18 18 17 17 3 17 8 23 19 4 12 22 1 18 28 21 1 3
2 2 5 7 25
22 5 5 8 12 24 11 12 11 12 11 12 27 22 12 12 11 15 11 10 27 11 0 6 27
86 0 0 2 21 30 21 6 10 6 2 10 4 4 16 21 20 23 11 17 11 10 17 12 26 12 0 6 16 4 18 28 1 8 15 17 11 27 2 11 2 2 15 17 0 1 26 26 19 11 19 17 11 26 23 7 7 14 25 30 23 28 5 17 21 0 10 20 19 30 27 26 29 22 17 9 16 20 28 16 28 28 29 28 27 6 28 9 30
64 40 5 17 15 29 28 9 30 20 23 3 30 3 3 7 14 16 13 9 23 13 26 21 22 14 21 16 4 22 24 18 14 6 6 8 24 16 2 14 27 11 11 19 7 24 19 23 14 14 27 14 30 24 12 7 19 28 27 12 27 4 7 12 23 17 29
28 0 0 30 30 30 30 30 30 30 30 30 30 30 30 30 30 30 30 30 30 30 30 30 30 30 30 30 30 30 30
92 51 4 2 29 18 0 11 0 14 29 1 0 11 17 16 1 28 25 25 7 25 7 13 18 17 2 21 11 16 7 26 7 0 6 13 24 21 27 29 20 4 11 5 27 16 28 16 18 13 3 17 24 26 11 2 2 22 29 12 6 11 16 29 7 2 13 17 0 23 17 9 0 11 4 25 10 2 17 21 26 13 16 7 27 20 5 16 12 14 23 8 3 9 5
93 93 2 23 4 21 10 16 24 16 23 4 25 4 8 16 2 6 24 21 20 4 2 6 13 13 11 4 6 23 17 26 15 27 9 4 3 8 7 10 27 16 16 17 5 19 7 13 19 28 12 27 2 10 4 3 20 21 18 11 23 18 6 6 5 13 20 6 11 13 8 23 22 19 23 9 13 21 6 18 8 11 7 24 8 5 9 24 5 8 10 3 6 21 16 24
21 10 1 11 3 12 16 6 20 12 16 13 18 7 0 0 5 21 29 27 3 27 9 11
74 0 4 28 0 20 19 4 1 11 29 18 30 27 24 10 21 9 30 3 12 14 27 20 3 21 30 22 0 23 30 20 29 3 18 17 25 14 30 18 30 12 17 3 28 28 29 14 27 28 2 27 29 20 12 12 26 10 2 6 16 29 9 9 26 16 27 14 2 17 8 22 10 13 3 4 7
29 4 8 15 10 21 12 23 20 20 16 21 21 22 20 21 0 23 27 20 20 21 13 20 20 11 16 20 18 20 3 16
63 24 2 3 11 3 8 11 8 2 12 2 3 3 30 2 3 2 3 24 2 11 13 3 27 3 5 3 3 24 2 8 25 3 12 26 17 3 3 2 23 15 3 3 2 3 3 16 2 27 2 3 3 13 3 2 14 2 3 1 3 2 3 11 2 8
5 5 1 10 9 15 14 26
64 29 10 7 28 9 2 24 26 3 14 29 8 19 11 21 29 24 18 13 12 28 2 20 13 3 16 13 25 26 7 15 0 25 10 24 1 29 17 7 10 10 11 27 2 6 7 28 14 20 10 8 17 4 25 3 21 8 8 29 10 30 9 2 3 18 29
81 42 1 16 11 27 14 18 21 22 16 18 4 12 1 13 27 23 27 26 12 28 26 3 5 16 0 30 20 6 30 4 18 1 4 28 24 27 28 19 10 29 3 27 26 0 6 3 14 30 23 29 3 11 14 23 22 21 26 0 1 20 24 10 5 24 2 25 30 27 2 8 1 15 12 17 24 20 16 25 17 20 18 20
76 76 4 27 18 6 17 13 25 17 4 11 25 18 11 24 20 16 17 28 8 5 26 9 21 7 25 16 21 5 8 2 7 25 16 21 27 12 23 17 6 6 22 19 9 16 14 16 2 7 20 7 7 28 2 8 23 17 22 12 16 5 24 3 2 10 28 14 4 10 24 6 23 11 17 10 22 26 8
93 16 4 13 19 3 20 17 26 25 6 11 18 0 21 15 16 7 24 11 8 8 18 3 27 16 13 11 27 20 8 3 6 27 28 28 30 26 21 7 17 12 6 9 19 12 26 28 20 16 21 12 23 22 10 2 8 15 7 18 12 23 7 10 2 0 30 11 23 1 13 27 5 15 20 14 28 24 1 30 19 18 8 17 29 19 30 14 27 14 28 26 11 10 10 22
82 34 4 9 10 6 9 9 8 8 9 8 9 20 27 8 9 6 29 8 8 7 8 9 8 8 9 23 21 20 6 8 8 26 9 23 19 9 9 21 9 9 4 28 26 24 9 8 8 22 8 23 8 9 9 30 28 8 9 8 5 3 21 8 8 8 30 9 11 9 9 8 25 18 8 20 12 12 8 9 11 9 8 13 9
69 0 4 26 13 10 10 1 22 14 2 3 9 16 12 25 7 2 25 9 20 4 6 24 13 20 18 4 19 4 25 3 7 13 4 21 10 3 21 19 7 12 2 12 21 1 15 24 14 30 14 9 9 2 6 16 2 4 4 16 0 11 27 0 16 4 3 12 30 12 4 4
98 40 3 26 25 28 18 29 8 17 10 14 27 21 11 5 4 10 2 8 24 30 4 6 21 14 1 17 18 10 0 0 16 22 3 9 20 11 6 15 18 11 5 8 4 6 29 24 3 3 28 3 18 18 13 2 26 7 3 19 11 24 21 5 8 18 17 1 10 18 14 12 22 0 16 28 14 4 21 7 2 12 20 19 23 21 8 23 28 26 7 20 20 28 0 18 4 9 12 14 27
54 1 4 30 8 8 9 8 8 9 1 9 16 8 15 8 8 11 3 30 8 15 16 11 0 23 23 27 9 13 9 8 16 7 0 8 9 12 22 8 8 26 9 17 19 18 16 20 8 3 8 8 9 21 1 8 9
33 0 2 22 3 3 3 2 3 19 13 16 2 1 3 2 7 3 27 2 23 8 3 17 2 3 28 3 16 2 2 3 3 3 6 2
100 47 4 19 22 18 4 22 25 3 8 12 13 4 27 9 9 19 25 1 15 18 4 29 8 9 3 18 12 6 12 13 2 28 26 28 30 22 7 1 20 5 25 28 5 0 8 16 1 27 24 14 16 8 30 19 28 10 28 29 15 1 20 14 19 8 4 29 15 14 22 26 18 3 16 16 13 10 18 14 26 12 19 11 4 9 8 6 10 8 18 21 8 9 27 3 18 27 17 11 21 14 1
27 7 2 25 5 10 20 9 18 13 18 1 3 21 14 24 12 2 8 19 1 2 12 19 14 4 9 13 18 17
37 24 8 2 0 23 1 8 21 3 12 9 9 21 6 4 23 7 4 21 20 27 18 23 10 1 4 18 2 15 9 11 22 21 12 13 14 17 21 20
44 44 9 4 20 23 10 11 11 19 26 11 26 13 23 17 21 8 3 16 19 20 15 21 18 25 27 15 8 25 24 9 10 18 10 15 20 25 23 2 27 6 26 8 6 13 3
62 8 4 8 8 8 8 8 8 29 14 9 5 9 12 11 8 8 19 6 19 7 20 9 7 25 1 10 30 8 9 9 9 9 8 17 24 0 9 8 8 13 8 3 15 24 1 6 8 19 6 23 8 8 4 4 26 8 21 21 8 9 24 2 18
22 7 3 5 6 5 11 6 6 13 24 5 14 17 6 7 5 24 6 18 6 27 5 9 6
50 9 6 13 4 14 14 15 15 25 12 14 14 15 16 15 0 29 14 17 11 23 18 14 14 19 14 16 14 28 15 15 20 14 14 15 14 30 15 26 21 1 15 10 14 14 18 9 12 15 8 15 14
22 8 4 9 8 2 9 20 11 10 5 8 9 19 9 8 8 9 9 6 2 10 21 9 8
77 36 8 21 30 21 21 21 21 20 3 12 20 18 22 25 21 1 21 17 20 21 28 21 21 20 21 21 9 26 21 15 30 5 20 18 23 20 20 20 28 21 29 17 29 21 14 21 27 29 21 18 21 21 20 20 20 20 26 21 6 20 21 27 23 21 1 20 20 23 14 21 24 26 4 20 20 22 7 21
17 7 2 0 6 4 24 1 29 30 21 19 23 8 8 16 20 6 21 22
48 47 1 15 11 23 26 2 19 16 25 0 5 13 15 8 17 12 23 9 20 2 18 17 25 10 14 2 16 25 9 11 19 24 26 15 7 13 13 22 2 6 25 8 16 19 28 26 26 22 24
49 40 4 19 16 15 5 15 20 19 8 5 5 6 28 21 20 23 11 10 24 4 23 10 19 5 5 10 11 16 13 19 20 22 22 20 0 29 15 0 5 17 6 15 10 3 0 17 26 25 25 22
94 40 4 8 8 17 9 28 24 1 20 8 9 27 2 9 0 8 11 24 8 8 9 9 8 9 29 11 4 9 9 15 15 9 9 0 1 9 9 14 16 12 9 28 8 24 12 6 8 8 16 27 8 26 8 8 8 8 17 8 8 9 24 11 25 8 9 6 17 8 1 20 8 4 0 9 2 9 8 9 8 9 9 9 9 9 29 14 25 8 3 18 14 1 8 8 9
96 23 0 25 24 29 11 22 14 17 6 1 29 29 14 26 27 0 13 20 29 3 28 28 18 30 23 2 24 28 7 25 0 19 18 10 13 18 6 12 10 30 19 28 9 4 2 30 13 23 11 26 9 0 11 5 24 10 4 30 20 12 17 9 24 28 5 15 24 0 11 19 8 26 24 1 9 17 1 9 18 18 1 4 6 13 12 3 11 1 18 13 26 2 8 14 5 18 1
10 0 7 22 1 4 3 10 10 19 26 9 30
90 43 7 23 9 26 8 29 4 8 23 26 20 13 30 12 17 27 9 8 5 3 27 1 1 4 11 1 4 29 27 11 24 7 6 22 30 5 9 27 17 14 0 14 8 4 22 11 1 23 6 12 5 8 23 28 2 30 6 24 25 11 25 20 16 14 10 8 21 19 3 28 6 22 2 16 28 26 28 29 24 20 11 18 3 11 28 29 30 2 8 27 19
18 0 0 14 28 2 21 6 2 26 26 30 9 8 30 12 21 0 23 11 2
38 0 5 4 22 29 12 11 15 14 17 24 3 16 7 29 2 28 2 9 16 18 30 22 8 26 25 25 23 8 5 21 23 16 8 20 30 2 22 2 7
34 13 8 8 21 24 19 22 20 9 1 28 14 20 28 20 21 16 20 0 6 2 7 16 13 14 15 14 11 8 19 22 3 23 8 4 7
29 16 1 15 26 23 1 24 28 23 29 5 9 6 29 17 17 4 29 29 23 11 7 6 0 26 20 23 10 10 2 20
50 34 10 15 5 28 18 18 25 11 11 3 2 1 15 3 1 6 19 28 11 18 28 23 0 21 12 7 5 15 16 2 20 11 15 1 25 5 29 24 14 9 14 9 25 1 7 4 24 1 23 13 8
97 65 9 22 3 21 22 4 21 5 6 22 15 30 22 14 13 10 27 29 28 15 17 12 24 30 22 24 24 17 24 10 22 21 24 27 12 2 4 23 22 26 21 23 27 28 8 13 29 23 7 27 24 22 6 27 30 1 11 13 29 30 4 27 27 2 23 26 0 24 19 15 24 28 17 4 12 1 1 9 6 2 17 0 22 16 1 29 4 28 7 13 5 28 5 19 4 2 18 21
51 51 0 10 28 5 4 9 5 16 2 18 10 8 2 5 8 21 16 4 22 6 25 5 28 13 13 12 19 14 17 12 8 10 27 13 14 5 22 20 6 24 8 8 28 6 13 9 20 18 13 12 16 13
46 0 10 30 30 30 30 30 30 30 30 30 30 30 30 30 30 30 30 30 30 30 30 30 30 30 30 30 30 30 30 30 30 30 30 30 30 30 30 30 30 30 30 30 30 30 30 30 30
18 2 5 13 21 27 9 26 6 8 1 28 23 9 17 29 10 22 27 18 2
49 0 9 23 17 21 27 28 17 22 29 22 1 20 5 9 3 1 7 15 8 12 30 26 20 1 14 20 20 5 25 23 30 16 3 17 11 28 9 6 12 6 5 27 21 2 20 19 29 16 9 23
32 32 1 26 12 7 18 23 10 10 3 14 21 11 22 16 3 22 2 14 24 19 15 11 27 13 13 11 20 19 24 9 11 3 24
34 0 8 13 10 12 28 5 6 12 24 29 30 25 18 17 14 14 23 30 16 29 26 25 27 27 6 2 14 24 0 9 14 16 18 6 4
42 16 9 23 21 23 23 23 24 14 24 23 3 25 0 10 23 23 24 23 19 23 9 16 17 22 19 24 23 7 24 10 24 24 14 28 1 12 24 24 20 21 4 23 24
66 8 2 29 14 16 25 29 16 3 21 20 2 4 26 4 25 28 6 15 18 30 28 10 25 10 21 16 19 25 9 18 8 30 13 6 12 22 30 8 2 25 6 24 1 7 20 11 28 24 5 18 28 28 5 24 30 21 22 30 20 0 8 6 24 28 1 1 24
36 0 8 12 28 21 11 10 4 6 20 1 18 0 21 21 20 21 22 20 18 21 20 13 21 20 3 20 21 21 20 21 25 21 21 30 2 12 21
28 24 9 22 16 25 19 1 3 18 15 29 6 2 15 16 24 19 4 29 25 3 5 26 5 17 20 9 4 22 11
83 26 8 21 1 16 14 16 15 11 11 27 24 10 20 29 19 4 5 9 18 15 4 24 20 11 4 17 16 12 29 27 23 15 25 25 7 26 13 5 9 12 30 8 9 24 16 18 5 18 20 23 7 3 30 30 26 4 6 9 2 1 9 2 1 18 6 9 11 20 24 18 27 20 25 16 22 27 29 0 1 24 17 4 29 12
80 2 3 23 30 20 14 11 23 20 29 28 18 10 6 15 7 23 9 14 7 29 20 18 9 24 10 1 10 4 6 20 12 0 8 24 19 9 15 7 5 19 28 4 6 15 2 17 26 18 18 19 15 30 7 1 0 16 29 22 19 3 19 3 9 7 9 2 1 4 10 18 26 28 11 23 12 30 19 15 17 12 8
15 0 2 0 14 3 9 16 29 5 28 17 7 23 26 4 5 13
57 5 3 6 5 14 5 15 17 6 5 5 10 19 6 25 5 6 5 22 12 6 6 6 29 5 6 5 11 12 6 11 4 6 6 5 21 5 19 6 5 17 6 8 5 6 5 6 5 5 5 6 6 28 2 5 20 9 4 5
45 28 10 22 14 29 1 26 24 9 27 2 12 17 22 24 21 27 11 28 10 16 3 4 12 4 30 7 27 30 7 2 3 9 9 29 23 22 17 3 20 26 3 30 9 12 8 18
18 0 1 0 0 0 0 0 0 0 0 0 0 0 0 0 0 0 0 0 0
28 21 9 12 6 10 28 20 15 12 15 12 6 28 7 15 29 4 17 2 20 18 8 19 3 20 20 12 14 30 13
84 42 9 24 24 0 24 2 23 24 24 24 27 24 27 23 25 2 8 15 1 24 24 23 14 24 7 2 23 25 24 0 21 23 24 16 24 24 7 23 24 23 27 23 24 24 24 5 20 25 28 24 24 11 30 24 23 24 21 24 24 24 11 12 23 24 23 8 24 10 29 23 8 14 5 23 24 24 15 24 12 24 6 1 23 14 24
34 0 6 3 11 23 5 20 1 17 8 4 14 2 4 4 18 11 10 3 10 6 8 23 16 10 10 2 30 21 17 13 11 30 3 19 3
10 1 2 0 30 26 22 8 28 17 12 24 8
39 2 9 24 17 23 26 23 17 11 24 23 7 30 29 23 12 23 7 23 24 19 3 24 23 30 24 20 1 23 23 24 24 23 24 17 23 25 23 24 24 23
88 49 6 14 21 13 9 13 28 26 12 1 27 29 24 19 15 12 13 14 17 10 1 8 16 30 2 6 3 20 2 22 30 7 13 21 14 17 2 9 24 26 28 8 25 29 3 19 9 18 29 28 28 12 15 27 28 28 28 13 10 24 17 29 3 21 8 30 24 17 27 7 4 26 18 6 28 20 16 15 10 29 17 28 10 24 8 19 15 16 27
49 31 4 20 25 17 4 12 24 18 4 18 22 7 1 23 4 29 8 13 6 24 5 22 29 2 21 27 9 19 21 13 9 16 11 1 8 6 25 6 7 8 29 25 19 16 17 3 12 27 15 25
21 6 2 3 3 25 14 3 18 3 2 2 3 2 21 2 2 2 10 15 4 2 12 2
24 0 2 4 25 12 16 27 13 17 30 2 24 21 27 29 23 20 25 5 13 10 28 15 18 30 15
47 36 6 23 0 30 0 21 15 13 9 20 30 17 24 11 1 23 6 26 23 22 1 16 23 23 10 18 9 6 2 2 14 10 28 26 1 9 23 17 2 5 7 5 20 17 13 16 4 27
1 0 6 3
36 0 0 0 0 0 0 0 0 0 0 0 0 0 0 0 0 0 0 0 0 0 0 0 0 0 0 0 0 0 0 0 0 0 0 0 0 0 0
