100
1 1
540 600
840 900
2 0
900 1260
180 540
1 1
1439 1440
0 1
2 2
0 1
1439 1440
1438 1439
1 2
3 4
0 10
1420 1440
90 100
550 600
900 950
100 150
1050 1400
89 58
599 629
997 1001
410 414
1246 1249
898 900
215 239
932 939
1426 1430
1032 1033
649 656
298 299
1134 1140
380 401
639 646
278 288
1018 1022
667 669
451 460
1345 1346
277 278
84 93
373 380
312 322
1417 1419
1181 1188
205 208
93 99
961 968
536 542
10 12
1079 1088
1022 1025
130 131
1170 1179
1273 1282
1301 1303
364 365
239 241
1125 1129
875 878
72 76
337 354
737 750
692 694
156 159
691 692
975 976
850 854
750 754
1158 1164
201 205
1324 1330
703 727
506 527
867 868
48 51
661 667
450 451
1284 1301
841 850
1140 1142
1088 1100
274 277
976 993
928 930
266 274
1129 1134
973 975
1188 1192
734 737
894 898
401 404
448 450
184 188
863 866
1367 1373
1244 1246
1213 1221
924 925
858 863
656 661
309 312
669 677
942 951
563 565
731 734
958 961
951 953
580 582
572 580
921 924
99 105
161 163
188 201
1210 1213
868 871
4 10
754 768
304 307
249 259
1282 1283
115 129
927 928
1042 1062
460 462
543 551
1413 1416
1303 1305
153 156
1157 1158
1038 1042
727 731
40 45
325 337
1406 1412
1179 1181
438 448
503 506
1025 1026
1001 1007
1400 1402
1253 1267
1394 1400
1236 1237
584 598
629 634
1249 1253
1366 1367
17 20
106 108
1118 1125
470 471
290 298
854 856
131 153
925 927
2 4
482 491
1208 1210
779 814
677 686
1142 1145
20 24
768 775
177 178
993 997
968 971
47 69
655 656
1280 1283
425 428
431 432
293 300
568 574
131 145
518 529
616 627
107 109
254 256
148 156
269 276
705 708
661 673
145 148
1038 1040
736 742
919 923
59 63
95 107
684 685
696 703
719 736
1170 1173
320 322
22 24
849 850
1128 1136
1116 1123
1173 1174
604 606
1328 1365
1373 1375
300 315
901 911
67 69
1082 1084
163 171
911 919
315 319
549 550
202 209
742 754
1278 1280
821 824
157 163
1040 1048
369 375
1310 1311
581 587
1084 1093
648 655
638 648
1093 1096
673 682
806 810
280 291
197 202
1308 1310
445 451
262 269
530 531
375 386
866 868
1252 1256
291 293
1164 1170
20 22
711 712
212 216
451 479
253 254
1005 1021
559 562
846 849
386 404
868 882
1260 1274
824 837
1227 1228
890 901
1174 1177
566 568
811 821
712 719
1048 1059
1157 1164
91 95
209 212
1059 1082
923 938
63 64
219 228
1146 1153
156 157
1276 1278
1186 1212
957 964
109 129
173 197
550 559
1096 1103
276 277
1300 1303
656 660
1327 1328
1136 1139
805 806
685 696
1311 1318
1393 1404
840 844
1022 1038
1182 1186
1251 1252
47 57
570 572
688 690
524 527
634 647
1124 1143
1436 1440
129 162
62 78
920 935
28 41
497 505
200 202
1231 1236
1032 1046
1006 1032
672 688
24 28
1424 1433
1060 1074
459 460
1359 1424
41 52
176 200
108 110
221 268
437 446
340 389
647 651
999 1006
1144 1148
1242 1249
578 586
1052 1060
1047 1049
59 60
418 427
629 634
783 799
405 408
505 524
572 578
527 530
5 24
730 743
1091 1104
417 418
710 711
916 920
315 325
663 672
875 882
978 999
290 315
882 909
1325 1330
1433 1434
60 62
858 860
1313 1325
1434 1436
617 618
799 830
1330 1337
83 99
651 659
427 437
325 334
110 129
860 871
478 483
460 478
937 978
830 842
1356 1358
1236 1242
99 108
1347 1350
552 570
204 221
1046 1047
1202 1207
268 278
202 204
598 617
1180 1202
1148 1161
1337 1347
767 783
618 629
278 290
1161 1166
1358 1359
1230 1231
853 858
334 340
1353 1356
1108 1118
1166 1177
1220 1230
909 916
1074 1081
711 730
1118 1124
844 853
49 26
823 848
697 705
755 756
370 384
476 478
1230 1237
1213 1221
506 515
51 56
852 856
1144 1152
962 963
809 813
848 852
168 189
1207 1213
495 499
499 506
708 722
1067 1070
856 857
667 668
1028 1031
84 86
488 495
86 92
1046 1049
1152 1160
1177 1179
1255 1267
1143 1144
734 739
1070 1078
1411 1414
1272 1273
944 962
525 537
662 666
1119 1128
325 328
1273 1279
813 815
393 414
1167 1176
122 130
232 234
165 168
688 691
1361 1371
994 996
801 809
189 195
1267 1268
647 662
549 561
1043 1046
483 488
445 454
352 354
1287 1296
773 779
134 159
1279 1285
1344 1361
919 934
1078 1086
963 964
1268 1272
260 262
537 549
1428 1440
92 122
1296 1309
866 871
1227 1230
17 7
606 613
1116 1159
568 572
1042 1054
145 156
757 766
563 565
695 702
101 105
348 355
613 616
559 562
1063 1082
973 985
144 145
309 311
1029 1042
319 333
1214 1218
958 965
590 592
1286 1318
1017 1025
557 559
21 48
1060 1063
689 704
214 218
1190 1194
1141 1145
295 301
942 947
1275 1276
1088 1101
170 173
1199 1201
545 563
38 52
863 866
1408 1411
1163 1176
189 193
63 66
947 955
813 816
958 978
771 772
193 197
889 890
437 439
267 272
776 778
1063 1068
568 586
643 651
679 681
613 615
1334 1344
37 38
1344 1346
595 610
1188 1190
715 716
500 501
86 87
1432 1433
827 835
686 689
866 889
816 825
899 900
1390 1397
1077 1083
1349 1352
113 118
322 326
147 154
1360 1390
342 358
421 437
920 934
476 481
1264 1271
1346 1349
92 113
564 568
1239 1240
731 735
358 397
5 14
328 342
253 264
704 715
52 60
100 100
633 640
403 410
792 799
734 741
1051 1058
273 280
864 871
43 50
604 612
144 151
460 468
936 943
1296 1303
748 756
964 972
72 79
1166 1173
820 828
115 122
1022 1029
648 655
907 914
446 453
892 900
1339 1346
417 424
1123 1130
1425 1432
1209 1216
187 194
1396 1404
1224 1231
849 856
1152 1159
302 309
921 928
1195 1202
1267 1274
532 540
1324 1332
1065 1072
259 266
705 712
806 813
360 367
835 842
1281 1288
547 554
518 525
14 21
1411 1418
1008 1015
1382 1389
1180 1188
86 93
489 496
504 511
1108 1116
993 1000
1310 1317
576 583
979 986
230 237
475 482
288 295
561 568
432 439
720 727
28 36
1036 1044
1238 1245
244 252
316 324
388 396
331 338
345 352
662 669
201 208
172 180
878 885
158 165
691 698
763 770
0 7
57 64
1353 1360
777 784
590 597
619 626
950 957
216 223
1080 1087
129 136
100 108
1137 1144
1094 1101
676 684
1252 1260
1368 1375
374 381
223 230
712 720
957 964
165 172
1404 1411
453 460
972 979
180 187
324 331
756 763
482 489
1044 1051
813 820
597 604
784 792
295 302
468 475
914 921
1231 1238
1173 1180
1432 1440
1274 1281
122 129
612 619
770 777
439 446
1346 1353
1159 1166
21 28
727 734
151 158
1332 1339
496 504
367 374
828 835
1029 1036
1303 1310
208 216
352 360
1389 1396
1375 1382
1188 1195
799 806
93 100
900 907
381 388
64 72
79 86
640 648
698 705
1101 1108
525 532
396 403
1116 1123
280 288
194 201
237 244
871 878
741 748
136 144
309 316
1317 1324
943 950
424 432
885 892
655 662
1360 1368
36 43
626 633
410 417
583 590
1058 1065
1072 1080
1288 1296
1144 1152
1260 1267
7 14
928 936
669 676
986 993
1015 1022
1087 1094
338 345
108 115
856 864
554 561
568 576
1130 1137
684 691
252 259
842 849
1216 1224
1202 1209
540 547
1418 1425
511 518
266 273
1245 1252
50 57
1000 1008
15 40
361 372
1428 1433
353 360
11 12
507 515
1061 1081
411 423
1396 1421
811 813
449 454
860 861
946 965
696 698
1338 1339
969 972
874 875
497 507
1255 1271
937 946
1187 1189
1092 1111
926 927
256 272
474 488
1004 1006
360 361
1134 1157
201 208
466 472
74 81
65 68
14 15
272 288
900 906
1189 1207
861 872
332 344
144 145
288 314
372 390
12 14
119 123
72 74
1006 1008
927 937
159 172
724 732
1081 1082
1040 1061
1306 1313
454 461
22 50
1085 1092
81 87
1174 1182
60 13
209 210
1198 1199
138 150
1324 1340
183 186
1245 1247
698 715
1241 1244
758 772
1195 1198
1199 1204
1420 1429
848 852
1187 1190
1433 1439
1177 1187
843 845
49 66
790 791
919 930
1046 1048
732 737
108 111
70 72
1316 1322
150 154
930 934
945 953
75 76
1024 1031
1126 1129
1295 1296
1078 1089
526 528
445 450
827 831
77 80
131 132
311 321
432 434
355 360
1300 1305
722 724
990 992
390 393
680 683
672 674
894 901
1322 1324
1216 1223
683 686
627 630
1031 1036
475 497
619 622
1375 1378
1268 1278
119 129
546 550
845 848
1387 1388
1396 1402
1296 1297
747 751
249 254
1249 1251
398 399
1299 1300
541 546
321 324
510 526
169 175
756 758
10 100
812 815
885 887
965 967
438 450
806 807
1297 1298
1012 1023
160 161
728 743
517 529
678 680
923 925
211 212
1026 1032
1146 1148
247 252
666 678
878 885
409 411
433 438
1352 1366
161 165
180 183
642 647
492 495
13 24
804 806
572 574
1330 1332
373 374
79 80
773 779
846 848
902 907
961 964
937 949
681 684
124 126
1419 1422
656 661
841 846
343 348
400 408
226 229
155 156
596 605
198 203
77 78
126 133
57 67
727 728
1374 1379
328 331
1093 1094
750 752
133 134
856 859
1110 1123
337 342
408 409
873 878
640 642
917 920
159 160
297 298
969 971
871 873
1064 1068
855 856
534 536
848 849
10 13
661 666
849 855
1105 1110
583 591
210 211
1409 1415
359 362
1271 1280
993 1001
452 461
989 993
971 975
696 701
423 424
816 818
1032 1034
954 961
529 534
67 69
1332 1333
266 270
967 969
509 514
977 978
710 711
110 112
1422 1425
860 861
56 57
1294 1297
1062 1064
1194 1202
464 472
1400 1401
106 109
790 797
716 727
196 198
100 100
1335 1337
1080 1081
617 621
693 695
107 113
332 337
414 432
73 76
563 573
1412 1419
1264 1265
1366 1375
985 991
741 748
1333 1335
590 599
200 212
1354 1358
906 909
97 107
1281 1284
638 644
172 177
691 693
145 148
511 518
1118 1121
1126 1135
902 906
541 543
1183 1189
1038 1039
644 645
298 304
811 813
525 531
930 942
759 760
1174 1183
829 830
581 582
976 985
274 293
808 811
898 902
947 949
1272 1281
1409 1412
798 799
44 53
349 350
81 88
971 976
481 490
199 200
846 851
1145 1149
820 827
1241 1247
968 971
1337 1354
1121 1126
737 741
799 808
589 590
148 158
358 377
963 964
293 297
397 401
93 94
1090 1107
851 869
384 397
113 123
297 298
455 457
543 546
244 254
1419 1422
1107 1118
1089 1090
260 274
457 459
377 384
695 697
4 13
67 73
964 968
503 509
573 574
1265 1270
602 604
1154 1159
509 511
350 358
1428 1435
830 846
1251 1257
38 40
258 260
1358 1363
1317 1318
1003 1031
942 946
308 311
167 171
1141 1145
1239 1241
405 410
611 617
828 829
749 750
1135 1141
538 541
13 36
992 1003
599 602
1057 1060
630 632
604 608
716 723
645 656
133 135
135 137
1203 1218
1330 1331
1228 1231
137 145
879 892
123 133
1363 1366
1247 1251
950 958
518 524
432 433
1060 1080
703 707
1399 1409
76 81
1159 1164
401 405
621 624
949 950
337 349
624 630
88 89
1375 1382
707 716
725 729
212 221
958 963
748 749
242 243
1284 1291
783 785
177 187
671 679
1055 1057
813 817
236 242
909 916
582 589
36 38
1331 1333
1319 1330
1189 1197
633 638
1257 1264
1231 1236
1382 1399
869 879
433 446
574 581
311 332
1302 1317
550 563
786 798
827 828
524 525
697 703
187 199
537 538
459 481
662 668
1197 1203
679 681
446 455
1149 1154
1435 1437
1318 1319
764 781
1422 1428
760 764
656 662
243 244
1166 1172
546 550
785 786
94 97
61 76
213 214
363 369
182 184
1254 1258
1238 1239
486 493
1333 1335
605 608
953 957
412 414
657 680
404 410
680 694
197 207
1304 1310
649 656
403 404
130 133
1289 1297
215 220
884 885
799 801
469 472
723 726
709 712
726 731
8 24
374 381
578 583
447 452
1300 1304
440 446
136 139
1310 1313
839 842
1097 1098
284 285
624 628
1335 1341
452 453
736 750
1408 1417
1142 1144
695 709
929 930
394 398
712 719
220 222
227 238
731 732
35 39
1130 1135
1237 1238
426 440
184 197
1139 1142
1160 1164
816 819
819 824
779 787
400 403
801 807
399 400
807 815
214 215
842 850
1320 1326
850 851
181 182
446 447
1258 1260
1211 1230
1279 1289
1350 1369
1164 1185
1314 1320
931 934
285 298
544 545
984 988
1378 1381
1252 1254
885 887
1327 1329
1019 1031
371 372
7 8
1035 1039
1376 1378
372 374
391 394
1199 1204
1144 1149
1371 1376
1117 1130
267 272
959 974
500 510
1060 1069
1031 1035
1114 1117
369 371
913 929
645 649
265 266
177 179
453 467
640 642
133 136
1313 1314
628 636
1073 1077
1069 1070
1348 1350
608 624
1434 1440
858 880
298 303
52 65
1381 1394
882 884
1135 1139
636 640
757 776
266 267
1265 1279
552 578
583 586
119 121
1204 1211
1399 1408
414 422
887 913
208 212
139 141
510 517
1104 1114
50 50
1113 1123
903 911
142 143
242 248
51 52
1359 1360
431 436
993 994
658 662
797 802
439 476
1123 1129
617 636
539 547
177 183
1240 1250
105 117
230 242
859 866
129 142
1221 1240
352 368
208 210
1109 1110
1281 1295
837 858
1110 1113
975 993
1403 1404
959 965
1080 1086
858 859
965 975
143 147
918 938
637 644
1383 1396
954 959
422 431
762 775
569 582
476 479
390 401
866 895
802 810
994 1001
498 499
341 348
499 506
1001 1004
183 193
602 611
169 170
40 44
698 700
1086 1093
1250 1253
1179 1195
298 303
3 4
1093 1101
1334 1336
938 954
1004 1009
401 422
1363 1383
1356 1359
44 46
644 658
1421 1426
1009 1010
272 273
1295 1334
895 903
753 762
582 591
568 569
210 223
1253 1256
71 105
170 177
4 22
286 295
22 35
273 286
1404 1421
611 617
1352 1354
702 710
554 568
591 602
147 158
1010 1041
1129 1156
369 390
35 40
1354 1356
720 753
1427 1429
1056 1057
88 11
71 75
401 412
186 196
359 368
1125 1127
1231 1256
686 687
1140 1142
350 354
1221 1225
566 567
724 725
725 729
875 891
1331 1346
101 104
872 873
608 612
1191 1199
692 694
1070 1073
983 992
264 278
1136 1140
301 304
396 401
1058 1065
304 330
1108 1113
1322 1331
568 573
490 511
965 972
381 387
444 452
790 796
864 865
179 181
412 419
1388 1392
670 672
16 31
4 16
168 170
337 344
481 489
1127 1132
1282 1301
42 51
1281 1282
1018 1024
1006 1016
891 896
1360 1368
1030 1034
629 654
368 371
1308 1309
796 805
1256 1281
1024 1030
1199 1206
390 394
452 476
511 522
354 359
1309 1311
859 864
31 39
1113 1116
1219 1221
1073 1082
910 913
614 628
574 575
344 350
251 260
292 299
110 114
419 423
170 179
909 910
377 381
82 88
992 994
580 586
773 790
1069 1070
917 921
1065 1066
913 915
865 871
605 608
955 956
996 1006
542 543
602 605
489 490
1086 1097
1 1
0 1
1439 1440
68 25
432 439
358 364
886 894
325 333
710 712
666 671
885 886
956 965
1215 1220
1045 1063
13 14
843 844
249 252
1169 1181
1198 1201
51 53
89 99
1140 1150
1063 1064
532 537
353 358
811 814
1139 1140
616 619
155 160
1202 1205
639 642
906 916
1253 1256
1039 1045
565 571
923 929
662 666
1433 1438
223 237
1213 1215
992 997
1064 1070
237 243
160 171
439 445
978 982
1336 1353
1380 1388
343 350
311 325
171 179
1285 1293
894 896
31 36
205 223
84 89
1032 1039
428 432
1329 1331
1201 1202
952 956
308 311
776 778
525 530
1293 1298
1420 1425
80 84
375 377
11 12
1015 1032
982 992
1205 1213
643 647
1430 1433
1092 1127
366 375
244 249
278 287
828 843
950 952
419 424
272 278
625 639
352 353
333 340
945 947
146 151
390 419
350 352
287 308
1225 1251
619 620
1335 1336
620 625
785 786
649 658
1168 1169
20 44
584 587
261 270
221 236
302 307
802 805
635 639
307 329
1367 1372
248 261
822 840
508 518
335 356
236 240
639 660
677 691
1329 1334
583 584
134 140
726 734
1341 1345
140 163
1082 1091
793 802
1434 1440
129 134
1040 1042
128 129
1181 1189
1381 1395
1103 1109
404 405
163 167
857 858
50 67
1131 1133
386 389
1001 1014
189 193
880 895
413 414
405 413
374 377
490 498
67 70
1300 1312
999 1001
168 172
274 284
1395 1411
1014 1030
600 605
1339 1341
1349 1357
868 875
1054 1063
691 701
1178 1181
1109 1117
866 868
389 400
116 120
172 182
99 103
211 221
25 66
655 675
636 637
1018 1025
419 427
454 467
1063 1070
926 946
155 156
637 638
1010 1013
1179 1185
776 789
1013 1016
797 798
766 769
1319 1321
1381 1393
1176 1179
428 446
629 632
342 343
260 264
817 822
213 215
1376 1381
865 869
354 356
100 113
921 924
605 610
772 776
215 233
1248 1250
1336 1337
156 171
61 63
675 676
799 812
746 747
1404 1417
402 408
586 594
1321 1325
501 502
1123 1124
174 177
446 447
276 280
795 797
1134 1148
347 353
1185 1187
1276 1277
341 342
1007 1010
1329 1333
21 32
517 521
889 902
869 871
993 1000
1263 1267
720 737
1356 1364
863 865
1272 1276
956 967
1124 1125
502 508
1289 1290
326 329
1350 1356
754 756
286 304
812 813
946 956
135 136
1036 1041
967 974
986 987
688 714
427 428
737 746
258 260
1423 1426
233 237
987 993
189 193
1365 1376
908 910
304 307
99 20
352 353
971 974
1346 1354
147 149
994 998
335 352
194 196
927 928
1274 1275
495 497
14 15
829 832
456 462
899 901
1013 1014
1372 1376
374 375
480 495
816 819
1206 1215
445 447
938 940
1380 1385
1004 1013
865 868
963 968
1266 1269
1420 1429
1433 1440
170 173
905 909
722 733
313 314
375 382
1310 1311
190 194
766 767
52 54
264 268
417 419
667 668
1158 1165
1034 1037
1167 1170
1361 1366
1026 1034
1138 1139
872 881
914 915
176 179
897 899
1145 1149
1385 1386
596 602
1265 1266
283 287
757 761
54 60
219 221
1222 1225
80 83
679 689
960 963
245 246
937 938
439 441
232 234
1094 1106
205 209
125 145
795 800
836 842
1225 1227
1088 1091
411 414
1196 1206
173 175
868 872
670 679
834 836
602 604
800 803
168 170
42 44
179 181
925 927
1139 1140
1000 1004
151 157
196 204
1215 1219
975 986
974 975
432 439
1136 1138
1298 1305
895 897
175 176
820 822
733 737
390 393
901 905
448 456
44 52
1066 1075
648 654
24 31
409 411
625 641
560 563
218 219
1106 1108
702 707
479 480
950 956
890 895
367 369
268 269
968 971
11 87
612 614
1198 1201
749 750
820 821
945 957
237 244
297 304
1155 1171
1404 1411
157 160
1419 1420
597 602
911 917
1248 1253
1051 1054
8 26
182 187
195 202
66 74
802 805
832 842
202 208
1314 1321
1119 1122
1123 1124
410 423
942 945
694 696
365 369
1254 1257
1240 1243
957 963
675 682
1369 1370
1361 1365
817 820
922 926
1001 1002
685 689
1017 1019
691 694
384 395
452 454
1201 1225
822 828
926 927
1180 1183
1420 1427
842 848
501 502
1253 1254
1057 1058
280 288
516 525
372 373
560 574
918 922
1282 1295
609 612
682 684
267 268
449 452
737 749
525 530
314 323
26 33
892 896
1109 1117
689 691
395 410
346 356
891 892
443 449
167 176
927 928
289 290
1042 1043
247 267
1231 1236
1122 1123
634 635
470 472
341 346
908 909
427 436
535 542
1124 1133
530 533
436 438
1243 1245
714 718
965 968
642 653
1260 1261
306 314
928 935
907 908
326 335
6 5
682 693
191 224
79 86
1138 1139
417 444
574 600
1014 1069
1107 1128
1139 1156
891 894
928 954
18 25
990 991
287 299
649 655
135 137
855 862
904 922
922 937
45 50
394 443
800 802
1152 1164
1396 1404
671 674
1010 1021
114 126
487 504
1241 1243
815 821
962 972
862 873
376 394
1296 1300
1089 1102
873 904
1380 1384
1112 1138
104 114
674 691
325 326
593 605
1384 1386
134 135
1404 1407
1071 1085
691 696
504 509
809 815
213 228
1256 1264
854 855
1044 1070
1138 1142
309 310
2 0
1080 1430
0 360
72 44
18 19
386 419
1055 1061
1125 1126
621 625
1196 1198
326 327
533 541
1300 1314
765 767
708 715
1210 1211
453 458
1201 1209
1240 1253
730 741
715 724
263 270
532 533
289 295
481 491
1395 1398
59 63
767 770
1293 1300
316 319
925 939
197 198
478 481
911 912
426 427
1285 1293
136 139
988 1002
797 819
1032 1049
241 255
698 708
1010 1019
1269 1281
1282 1285
1225 1240
363 386
555 571
7 13
654 655
336 344
650 652
541 555
191 196
445 453
617 621
612 616
1145 1154
819 823
1281 1282
344 353
285 289
900 902
795 797
320 326
1426 1436
902 911
571 573
1002 1008
630 633
13 18
1372 1390
775 780
1173 1189
1117 1125
143 160
255 263
865 871
1020 1032
741 751
983 988
823 840
677 683
780 789
1093 1106
1209 1210
19 23
63 70
238 241
353 363
1113 1117
1161 1173
1222 1225
770 775
1126 1145
1398 1410
1189 1196
579 584
1107 1113
1211 1222
1327 1341
653 654
683 684
959 969
573 576
236 238
235 236
327 333
1352 1372
335 336
611 612
139 141
302 316
729 730
864 865
131 136
427 434
421 426
196 197
1343 1352
71 9
1264 1265
649 651
598 616
749 756
1086 1095
154 157
108 111
231 235
1414 1417
385 397
952 962
140 143
922 930
1035 1036
363 369
895 907
1309 1310
962 971
796 798
1368 1369
533 539
161 173
695 703
465 472
520 525
756 770
421 426
379 385
1079 1085
24 49
539 542
1005 1006
361 363
525 529
1244 1250
542 550
369 371
624 649
1369 1385
743 749
1097 1104
1064 1066
501 520
930 942
1186 1191
17 24
102 104
1385 1391
669 670
828 830
416 418
186 207
309 312
849 858
278 298
120 127
790 792
334 348
1117 1123
143 144
452 457
871 874
1144 1152
1310 1331
811 812
1276 1277
1243 1244
1331 1341
826 828
616 618
1263 1264
1432 1433
703 704
238 257
770 780
580 598
651 669
531 532
1299 1302
353 354
40 39
76 77
242 271
394 400
804 818
284 313
460 474
526 540
1319 1333
90 102
334 359
187 191
580 643
652 664
731 768
1418 1424
700 720
935 939
1109 1118
1131 1132
195 215
333 334
818 841
1378 1383
966 970
678 687
1232 1273
1019 1051
970 998
381 391
962 963
434 440
675 678
945 962
400 413
846 858
646 647
82 83
1174 1180
939 945
774 804
127 158
773 774
720 721
1156 1159
87 90
858 867
1369 1378
216 242
1118 1123
215 216
102 105
313 333
1424 1440
649 651
54 69
31 54
647 649
1152 1156
17 31
158 187
1180 1198
489 526
440 460
121 122
191 195
278 284
922 935
1066 1092
1092 1109
77 82
359 364
474 489
540 580
768 773
1129 1131
126 127
1214 1222
4 15
1198 1214
0 2
540 900
180 540
91 99
268 270
319 320
91 98
76 77
817 822
590 593
873 875
742 743
1213 1218
975 978
1399 1404
1019 1021
1139 1141
358 373
791 805
588 590
921 922
1160 1162
421 423
1073 1075
931 937
373 380
649 660
1372 1377
634 649
781 783
6 12
301 305
1243 1247
439 448
261 266
380 384
451 453
384 385
474 476
673 676
196 198
960 964
1221 1229
1137 1139
340 343
737 739
1291 1295
971 972
29 40
1258 1271
600 601
593 594
305 308
77 78
387 393
106 109
893 894
602 605
220 224
1397 1399
1094 1101
1028 1031
663 664
550 558
739 742
1193 1199
1082 1084
102 106
155 158
1121 1123
161 172
1114 1120
678 688
612 616
16 20
483 490
597 600
991 998
98 100
1084 1092
524 526
1163 1164
1377 1394
973 975
863 865
1010 1011
520 524
849 852
143 153
1032 1042
229 232
1057 1060
889 890
1149 1160
309 312
1369 1372
696 702
692 693
624 631
1279 1280
423 432
274 277
479 481
1247 1258
1055 1057
42 59
693 696
583 587
620 624
28 29
448 451
25 28
815 817
1146 1149
308 309
348 350
140 143
805 815
339 340
581 583
750 753
432 434
109 110
453 459
1177 1193
776 779
1001 1004
676 678
354 358
330 332
1060 1073
617 620
1425 1434
978 980
1434 1440
721 723
843 847
315 319
60 65
1031 1032
743 748
393 411
826 843
1280 1285
869 873
1303 1321
12 13
459 460
172 177
911 917
1299 1302
110 113
1109 1114
1011 1019
937 939
313 315
917 921
894 901
20 21
771 772
1271 1272
1363 1369
534 538
228 229
1324 1325
100 102
1120 1121
460 467
1076 1082
1205 1206
941 942
904 906
1101 1109
153 155
240 261
495 498
541 550
514 517
517 520
266 268
847 849
972 973
1201 1205
998 1001
434 439
922 930
703 712
1420 1425
773 774
1295 1299
1024 1028
418 421
284 290
665 670
100 100
759 761
102 105
1107 1111
464 494
407 408
1297 1300
851 856
1061 1067
369 372
1020 1022
328 329
1435 1438
1189 1190
433 434
946 950
661 669
950 955
154 157
1073 1076
265 270
350 356
1196 1201
329 331
1165 1173
1038 1040
812 822
862 867
259 265
1089 1106
1350 1354
1376 1389
856 858
150 151
933 938
462 464
969 977
910 912
188 189
312 328
502 504
1045 1046
1260 1264
1220 1223
1111 1113
271 275
175 177
450 457
1355 1356
791 794
287 290
192 198
769 773
185 186
794 796
230 235
356 359
1022 1038
118 137
409 415
1081 1087
711 721
1391 1392
418 423
1217 1220
1201 1204
1044 1045
275 279
205 209
1283 1290
601 602
1223 1225
843 845
189 192
514 515
1311 1321
1236 1239
1247 1258
432 433
932 933
552 553
151 154
705 711
1149 1150
575 577
989 999
602 603
1138 1142
689 693
652 656
209 217
159 162
1185 1187
1366 1373
137 140
622 625
284 287
1040 1044
553 556
223 226
598 601
341 345
728 735
802 804
203 205
686 689
385 387
198 203
372 378
177 178
1072 1073
603 606
1054 1056
1067 1072
427 428
331 332
162 164
906 908
693 697
697 700
443 450
1358 1361
1419 1423
977 978
66 76
157 159
897 899
669 670
804 806
858 862
1087 1089
1106 1107
387 391
1273 1281
105 108
457 462
1321 1322
1113 1118
226 230
246 259
494 502
183 185
908 910
76 82
899 904
1 9
110 111
926 931
806 807
235 238
108 110
415 418
1076 1079
1239 1241
310 312
787 790
140 142
912 926
1175 1185
1281 1283
885 894
167 175
434 439
336 341
1389 1391
1190 1192
1118 1119
1142 1145
304 310
217 222
839 843
798 802
1079 1081
577 585
1303 1305
613 618
1173 1175
90 92
332 334
1423 1433
299 304
391 393
380 385
63 66
1305 1311
978 987
297 299
1393 1402
1225 1236
1259 1260
773 787
540 546
1244 1247
571 575
1011 1015
1243 1244
180 183
1329 1350
556 571
999 1001
504 508
0 2
1080 1440
10 360
0 2
1080 1440
11 361
66 65
413 429
188 190
1373 1375
363 368
884 903
566 569
910 918
5 18
709 710
761 767
1394 1396
707 709
518 534
969 973
976 980
553 556
403 408
1092 1102
119 122
1051 1064
115 119
694 707
1215 1217
813 823
1321 1324
1262 1264
145 151
207 217
192 193
787 797
681 683
660 665
256 261
277 302
306 312
647 648
750 758
487 492
510 511
665 666
542 547
850 851
340 347
1014 1017
1226 1248
952 953
503 510
1365 1371
318 319
1187 1188
368 394
354 360
466 467
338 340
748 750
679 681
798 800
737 743
1413 1414
687 694
1424 1427
1277 1281
463 466
1281 1290
1362 1365
834 835
1070 1072
1384 1394
861 865
624 625
177 179
840 841
179 188
46 53
1264 1277
408 409
569 573
1017 1034
132 137
718 724
1195 1205
261 277
18 27
1157 1160
98 100
768 783
193 205
537 542
1064 1068
929 937
871 884
1109 1128
1401 1413
1188 1192
851 852
321 326
1128 1142
1295 1297
1083 1092
1437 1440
849 850
666 679
511 518
1436 1437
640 645
492 494
1375 1384
800 801
645 647
1149 1157
852 853
1205 1209
625 630
360 363
220 233
1297 1317
1072 1080
630 639
1049 1051
903 904
331 333
479 487
841 849
122 132
639 640
953 958
823 834
1009 1014
1396 1399
835 840
1080 1081
9 95
409 419
889 894
900 905
133 153
1353 1356
222 224
960 961
986 1013
656 662
227 246
173 177
650 655
1263 1274
446 449
354 358
369 371
907 933
117 118
537 542
1414 1423
936 940
124 132
778 782
275 283
118 124
103 117
1308 1335
601 613
1047 1054
1375 1380
905 907
1150 1164
812 816
1038 1039
854 855
542 550
390 395
1078 1085
23 28
655 656
404 409
590 601
1287 1294
1075 1078
940 960
371 390
621 624
833 844
328 335
433 446
1039 1047
1085 1087
1295 1302
249 259
419 431
1366 1375
395 404
160 173
735 738
885 889
516 520
1412 1414
662 669
1302 1308
102 103
793 801
296 309
571 577
313 321
259 260
91 92
1236 1243
1013 1020
1087 1094
565 571
5 11
322 325
634 639
473 499
153 156
613 621
1164 1172
1380 1387
268 275
675 689
861 881
246 247
188 193
527 537
831 833
1274 1287
577 590
630 634
193 195
195 198
283 292
11 23
224 227
1062 1067
1067 1071
969 986
881 885
1400 1401
554 565
32 76
1439 1440
1266 1267
267 268
581 582
419 423
647 651
1211 1214
936 945
1162 1164
845 859
141 147
486 487
714 733
15 16
1099 1106
462 464
1247 1250
1378 1381
157 163
55 60
180 181
833 835
206 207
890 893
418 419
1381 1387
307 313
1164 1171
656 698
1092 1099
108 109
129 130
429 432
181 195
1077 1081
492 505
1233 1247
1323 1346
325 332
264 265
1370 1371
1064 1069
332 336
336 352
228 235
399 409
776 778
411 417
253 255
42 43
582 599
523 527
785 803
352 358
130 138
601 613
613 618
396 399
1227 1233
205 206
1267 1283
997 1002
599 600
138 141
513 516
831 832
1034 1046
945 949
268 277
1220 1224
1217 1220
832 833
733 735
1198 1211
1427 1439
1132 1152
1197 1198
933 936
1387 1388
448 462
277 287
358 392
1256 1257
843 845
172 174
70 81
1171 1179
1002 1021
930 931
1107 1108
446 448
859 865
744 751
516 522
1152 1153
1301 1315
468 486
392 396
93 108
1297 1301
174 180
202 205
571 574
255 262
698 700
931 933
835 839
1069 1074
62 76
990 991
1234 1236
662 663
103 105
283 284
291 295
904 912
213 218
1424 1428
989 990
850 851
1144 1147
463 464
28 34
186 189
1060 1065
1092 1102
97 103
1394 1402
1195 1198
151 157
552 553
897 904
162 164
229 234
1407 1423
570 579
373 392
192 204
1007 1014
604 606
953 955
237 239
1328 1338
141 145
315 325
1379 1394
842 847
1015 1027
359 364
567 570
43 45
239 247
919 920
1189 1195
1238 1245
478 479
491 492
553 555
594 596
221 225
1375 1379
536 540
670 672
1423 1424
1126 1130
860 864
289 291
50 52
692 696
922 936
325 330
955 973
1053 1055
1041 1042
947 953
1166 1169
1428 1430
285 288
1269 1309
66 67
34 42
176 186
358 359
89 95
503 536
1049 1053
847 849
118 141
999 1001
409 415
309 315
1065 1073
164 176
1120 1125
606 641
1001 1004
189 192
277 279
42 43
1042 1049
803 813
1309 1313
656 662
1434 1438
395 399
1217 1218
1338 1346
1136 1140
284 285
9 13
330 351
161 162
540 552
418 449
157 161
1185 1189
1147 1156
754 773
279 283
45 50
486 491
295 299
274 276
105 111
1245 1247
1141 1144
16 19
738 740
1313 1324
492 503
1055 1057
13 16
1130 1136
781 803
1198 1206
218 221
672 681
837 842
308 309
276 277
52 66
728 730
579 591
1014 1015
1247 1269
234 237
1346 1348
36 64
696 706
1414 1421
671 674
944 945
844 855
192 225
902 911
841 844
537 538
996 1009
241 254
326 328
1136 1145
971 976
1018 1022
976 993
1009 1014
395 418
378 395
964 971
1245 1252
538 540
50 54
95 97
939 941
1169 1174
855 862
1113 1136
38 41
1078 1086
738 743
674 675
1315 1329
1073 1075
519 537
1310 1315
828 841
654 655
655 661
1330 1333
474 502
1086 1107
352 353
752 789
304 306
1174 1189
993 996
1262 1273
1333 1334
602 607
941 944
463 474
41 50
318 326
175 188
225 232
1042 1054
317 318
1075 1078
687 696
232 240
1428 1440
590 594
922 937
1054 1073
364 374
862 870
418 420
1349 1350
635 654
362 364
188 192
661 669
870 880
937 939
888 893
1329 1330
1367 1374
350 352
607 618
306 317
918 922
1350 1367
502 504
789 792
1151 1156
1296 1310
92 95
62 66
148 175
1375 1379
146 148
451 463
240 241
883 888
623 635
1421 1428
542 550
945 958
675 682
49 54
82 86
1155 1163
792 793
589 590
1015 1022
634 636
1395 1409
1086 1091
733 740
839 840
116 118
1332 1337
1163 1164
147 152
249 256
322 327
172 173
947 955
5 31
111 114
422 425
984 985
868 872
217 220
515 518
570 573
216 217
945 947
1427 1429
898 903
885 888
342 343
1424 1427
52 59
1073 1075
220 224
264 266
1122 1125
778 780
453 458
48 52
1291 1294
1214 1215
1434 1435
1337 1345
86 88
343 349
526 529
750 757
1429 1434
1435 1440
136 143
964 970
977 984
300 302
1204 1214
629 634
758 769
386 387
1345 1350
1132 1133
468 471
472 474
785 792
622 629
458 459
317 320
234 245
350 366
99 100
934 935
1127 1130
1012 1015
331 333
772 774
1255 1258
1091 1099
73 82
114 116
306 317
256 261
1121 1122
774 778
93 97
1245 1247
836 839
840 843
662 667
918 928
697 712
278 279
619 620
712 733
1220 1241
933 934
1410 1419
1075 1083
944 945
896 898
599 603
124 135
931 933
652 662
0 2
541 901
180 540
47 52
6 15
1322 1323
904 912
699 705
808 812
1435 1436
63 81
88 113
1126 1143
826 828
1056 1062
1151 1166
84 88
1173 1183
337 345
781 808
167 174
941 961
739 746
640 641
1119 1120
1297 1299
1358 1362
568 570
1422 1434
432 438
209 210
1166 1173
1227 1256
32 39
709 713
222 234
1288 1297
1001 1012
691 699
494 506
829 838
1085 1086
768 777
828 829
812 826
1402 1422
979 994
609 617
922 923
345 353
1120 1126
1363 1402
777 781
1150 1151
968 976
234 237
163 167
1282 1288
1323 1341
506 528
384 414
1106 1107
1437 1440
662 685
685 691
996 1001
210 222
316 322
156 158
1143 1147
372 376
1362 1363
1201 1222
158 159
487 494
293 316
174 209
1256 1257
1062 1066
353 372
246 249
635 640
438 448
939 941
159 163
465 487
244 245
1035 1039
113 118
634 635
1436 1437
641 658
593 602
1107 1119
1183 1200
853 859
123 124
15 22
448 465
1104 1106
249 266
1079 1085
81 84
0 2
540 900
179 539
0 2
1080 1440
0 360
96 91
623 628
784 797
1257 1258
1374 1376
115 117
972 976
241 243
1436 1437
952 956
1373 1374
1306 1308
329 332
67 71
1173 1174
1414 1418
947 948
680 681
248 255
404 411
805 806
47 48
1364 1369
956 960
1437 1438
875 881
188 192
487 493
462 468
380 381
915 919
318 325
1055 1063
1266 1271
584 586
1363 1364
818 820
289 292
86 90
890 893
164 167
233 237
1134 1138
347 355
1027 1028
1380 1383
1336 1347
1347 1348
1186 1190
923 927
1376 1380
1197 1198
307 313
992 993
470 472
400 404
927 943
1017 1026
1418 1424
640 642
293 294
336 343
993 998
58 61
1356 1357
681 682
1035 1040
31 38
455 462
1322 1334
11 15
969 970
332 336
574 577
506 508
1190 1192
1174 1177
10 11
1049 1053
797 799
807 818
192 202
553 557
366 379
223 226
655 663
744 746
1151 1156
1320 1322
398 400
297 301
292 293
1433 1436
1065 1066
676 677
872 875
1085 1099
1233 1237
1278 1280
381 387
900 902
589 593
484 486
682 684
678 679
991 992
49 54
565 570
887 890
756 757
343 347
573 574
1165 1167
960 963
1031 1035
1389 1391
325 327
913 914
210 221
748 750
268 275
117 118
645 652
282 289
46 47
599 600
387 396
1114 1123
548 553
757 764
48 49
600 602
987 991
1063 1064
1028 1031
1001 1009
327 329
866 869
1128 1132
904 909
902 904
221 222
170 173
1276 1278
643 645
1429 1430
893 896
1026 1027
605 614
90 93
1357 1363
1048 1049
1157 1162
1228 1233
586 589
882 887
1394 1399
704 705
1045 1048
264 266
1310 1316
806 807
412 434
699 704
978 979
173 182
1100 1112
275 282
244 245
677 678
112 113
826 836
105 106
245 248
355 359
435 443
1143 1145
571 573
746 748
1299 1306
1424 1425
74 79
15 31
1198 1208
1246 1257
776 778
946 947
100 101
3 86
109 114
455 460
1171 1181
566 570
806 813
460 470
683 690
880 891
255 260
647 652
1048 1050
1319 1321
1230 1233
50 53
1082 1090
441 444
313 314
18 19
787 793
377 384
147 148
618 625
777 778
495 501
1002 1006
1418 1422
4 5
676 679
537 556
1205 1207
873 880
558 566
1050 1055
296 311
911 926
1382 1384
148 149
238 249
366 370
505 510
1260 1268
1256 1258
586 587
1236 1237
753 758
315 320
669 676
409 415
813 816
470 471
1397 1410
821 828
834 836
1138 1139
1285 1302
869 873
311 313
1023 1024
985 990
1274 1278
708 732
587 607
78 83
980 985
1268 1269
1377 1378
1097 1099
961 962
955 961
765 766
13 15
102 106
83 102
129 133
1028 1038
941 944
135 147
1237 1250
1151 1157
525 526
1381 1382
1422 1440
846 849
1385 1394
868 869
2 4
206 216
260 261
1093 1096
44 52
228 230
1053 1056
367 374
25 53
1184 1186
3 8
896 916
451 458
622 633
652 661
859 864
750 763
280 289
13 14
789 790
389 404
305 311
814 823
169 171
8 13
569 575
81 86
405 410
777 788
1069 1074
590 600
609 611
86 92
1265 1266
106 116
864 877
1104 1108
733 735
173 177
255 280
1413 1423
1078 1086
1355 1369
763 768
207 210
360 363
877 889
116 118
161 164
830 836
152 161
854 855
844 854
544 554
641 647
1191 1193
1170 1171
1401 1410
61 69
1140 1141
1212 1216
215 217
93 106
1243 1245
717 727
889 896
689 696
1074 1076
1095 1102
149 152
480 487
507 508
246 255
353 354
441 444
378 379
316 321
1259 1265
1041 1045
1423 1433
1219 1228
1086 1094
661 663
1094 1095
374 375
314 316
181 197
1017 1041
1325 1334
383 388
607 609
648 652
123 145
490 507
1216 1219
943 945
1156 1158
1007 1009
739 740
388 389
827 830
52 1
585 594
309 310
880 881
1155 1159
1033 1035
546 566
316 320
1075 1105
855 862
1212 1215
662 665
364 376
873 880
600 607
1272 1281
183 233
1215 1222
282 309
376 396
66 73
1106 1126
1035 1047
756 788
986 1000
1011 1013
790 808
233 234
1338 1372
73 77
639 652
870 873
279 282
852 855
1418 1428
808 823
1013 1033
360 364
848 852
1231 1237
862 870
1282 1286
1133 1146
1163 1175
154 183
711 718
745 756
1227 1231
1336 1338
234 260
260 279
1439 1440
1105 1106
1126 1133
85 84
695 699
991 1001
443 444
9 11
1275 1277
874 879
1211 1213
116 125
585 600
828 838
490 491
818 828
645 649
1132 1137
1100 1101
247 248
944 945
522 536
621 627
1210 1211
15 28
1083 1087
772 774
1137 1141
228 232
1349 1361
956 964
1092 1100
607 612
1101 1105
536 539
559 567
475 476
474 475
53 66
1116 1128
984 985
67 75
258 261
746 749
1292 1295
1409 1416
13 15
256 258
42 47
94 116
1037 1041
987 988
860 861
153 155
232 234
811 813
1382 1389
1277 1278
50 51
945 953
567 571
66 67
612 619
539 556
148 150
761 769
813 818
777 788
284 292
867 871
641 644
343 350
1280 1285
799 805
1059 1067
1171 1185
1016 1021
1070 1074
1285 1289
370 376
1313 1315
234 240
600 601
491 494
1130 1132
1380 1382
861 863
879 885
1394 1398
368 370
450 455
1255 1257
1363 1376
181 182
1398 1403
376 380
652 665
1274 1275
213 220
278 284
502 508
649 652
444 446
470 474
1021 1030
1030 1031
508 509
935 944
220 224
1379 1380
407 426
325 339
494 498
1074 1083
139 147
988 989
460 466
1316 1319
481 482
248 253
197 204
572 585
1302 1309
466 470
186 192
1253 1255
989 991
858 860
51 53
556 557
848 858
774 777
498 502
795 799
1334 1336
30 42
1258 1266
665 671
1185 1188
601 606
11 13
435 443
276 278
1312 1313
1257 1258
788 795
1376 1379
1315 1316
620 621
350 366
1213 1229
129 130
147 148
846 848
177 181
1087 1089
4 9
47 48
206 213
863 867
1105 1114
931 935
1289 1292
838 846
1015 1016
1309 1312
1128 1130
192 197
1323 1328
398 404
366 368
240 242
571 572
40 64
1399 1400
394 410
944 951
1295 1307
1050 1054
1282 1289
601 608
118 122
564 578
252 279
1246 1267
1007 1011
1017 1024
288 303
410 416
519 559
989 1003
430 460
4 22
418 424
1400 1410
837 844
844 855
335 338
1074 1122
890 891
963 965
329 334
364 378
1054 1074
237 252
857 858
751 758
207 227
768 782
65 82
1355 1362
822 827
27 29
477 479
303 329
122 168
951 953
590 599
967 974
29 48
1267 1279
1149 1168
1233 1236
1328 1332
1003 1007
334 335
810 817
641 652
638 641
599 601
807 810
98 109
96 98
898 910
1320 1328
559 564
965 967
652 656
1024 1050
758 767
974 979
910 933
231 237
656 666
1289 1295
767 768
227 231
859 873
856 857
979 982
95 96
827 835
1168 1183
363 364
378 388
48 65
942 944
1410 1411
424 430
22 27
340 363
1208 1233
858 859
1197 1206
578 590
388 394
933 942
197 207
1279 1282
743 751
1332 1336
499 507
1183 1197
891 893
460 477
84 95
893 898
1236 1246
0 100
273 277
1242 1244
1080 1082
445 446
1270 1271
1262 1269
1136 1137
1155 1158
725 743
332 337
15 28
205 210
540 556
81 97
1114 1115
68 73
210 214
804 808
1071 1077
151 162
803 804
310 320
1179 1182
1031 1039
1407 1409
1098 1099
500 504
387 389
1396 1397
228 229
939 940
1233 1241
337 344
217 228
1117 1118
1108 1110
28 29
921 923
987 988
182 188
1281 1290
506 509
798 803
1100 1108
775 783
73 76
1330 1331
36 58
497 500
1091 1092
139 141
254 255
538 540
1189 1204
462 463
1312 1313
303 304
940 960
1222 1231
783 784
866 867
509 516
964 965
188 191
988 992
1097 1098
451 453
146 151
1044 1047
199 203
214 217
58 61
1273 1278
790 791
463 465
1269 1270
867 869
664 670
192 197
1116 1117
1324 1325
870 872
1204 1208
691 694
1244 1246
97 102
999 1002
132 136
365 370
136 137
1182 1189
395 398
255 256
474 481
374 387
1231 1233
701 713
324 325
1094 1097
886 912
2 0
1079 1429
0 360
9 85
228 230
1074 1075
1056 1058
604 608
1315 1316
658 666
495 497
218 221
1179 1183
1385 1394
1438 1440
49 69
591 602
368 369
763 770
1400 1403
572 573
872 877
857 859
230 231
733 734
559 566
617 620
485 490
735 761
643 647
885 902
366 367
213 214
1215 1228
369 374
578 579
536 545
1160 1165
364 366
834 835
1304 1307
491 495
984 989
98 111
999 1003
1394 1400
328 340
507 519
84 87
761 763
551 558
340 343
38 45
343 344
239 245
70 83
620 621
119 122
779 787
1135 1139
996 999
859 861
623 629
438 445
433 438
1322 1330
245 253
123 133
815 818
1003 1004
732 733
1200 1207
728 732
974 984
877 885
37 38
474 485
1228 1238
571 572
1035 1038
545 551
1070 1074
1369 1381
718 728
1316 1322
7 13
464 466
1197 1200
1183 1190
13 14
306 307
344 361
1093 1102
655 658
133 142
298 306
209 213
1207 1213
99 63
1032 1034
520 522
549 557
1024 1025
243 259
543 544
974 981
1034 1042
914 915
519 520
365 368
1109 1110
1079 1081
511 518
1098 1105
797 801
1199 1203
665 670
998 1009
384 395
220 227
904 907
335 341
108 116
541 542
341 342
689 702
20 21
1389 1391
847 850
215 217
1229 1230
331 335
526 532
545 549
1155 1160
1276 1280
946 950
434 441
11 20
100 105
826 828
907 914
178 191
154 166
982 984
271 276
736 747
282 288
614 617
868 869
1140 1145
677 678
302 308
984 990
197 199
981 982
801 805
71 72
1009 1010
544 545
319 322
381 384
74 88
1148 1149
557 565
199 210
920 925
1399 1407
1345 1356
368 369
1083 1089
899 902
1023 1024
891 894
441 448
416 425
1203 1206
1048 1077
474 476
637 642
147 152
1025 1026
1407 1408
1189 1190
1106 1109
279 281
413 416
1150 1155
656 665
456 458
1262 1263
276 279
358 362
806 815
1 7
768 769
458 460
259 265
54 66
887 889
322 324
1391 1392
610 612
362 365
219 220
647 649
281 282
1124 1132
1089 1094
88 92
73 74
7 11
1239 1247
193 195
774 781
425 430
288 290
1412 1420
464 473
1160 1174
670 673
719 727
673 677
716 718
21 23
44 45
643 645
1359 1367
1252 1253
1077 1079
116 120
120 121
869 871
1386 1389
45 47
1178 1180
72 73
1217 1229
727 736
490 501
234 235
542 543
969 974
767 768
217 219
684 689
1094 1098
232 234
1232 1239
476 490
38 44
645 646
142 144
212 215
379 380
1207 1217
1190 1196
805 806
518 519
121 124
990 993
58 12
508 517
1329 1330
761 766
1207 1209
760 761
647 655
1242 1243
22 28
768 770
572 573
836 857
896 897
1346 1347
277 281
72 73
1390 1397
262 267
1143 1147
907 910
699 707
1342 1345
1431 1432
33 35
1328 1329
435 443
186 189
82 84
1011 1013
693 699
1147 1148
529 530
963 964
416 419
1113 1117
1213 1223
624 629
1033 1041
1315 1323
1204 1206
1267 1281
15 22
930 934
13 15
425 428
879 890
314 321
136 138
373 378
157 172
1178 1180
428 435
589 598
75 78
215 219
189 193
1432 1436
372 373
245 247
773 777
62 65
1181 1194
413 416
1235 1238
1347 1350
1437 1440
247 260
123 126
812 821
260 262
174 177
94 42
576 583
811 829
174 180
1394 1395
1406 1415
128 131
1365 1366
641 657
344 346
262 268
34 35
1096 1097
790 793
583 586
1125 1138
505 513
614 634
1279 1282
1220 1236
236 239
892 899
1318 1325
138 139
1018 1020
1364 1365
348 351
1170 1177
391 405
1026 1030
1154 1162
492 505
900 906
1236 1250
708 709
703 705
1317 1318
342 344
381 390
290 299
1403 1406
760 768
561 576
346 348
20 28
909 928
709 723
390 391
1357 1359
1120 1125
885 892
1395 1403
999 1005
1250 1251
28 34
607 612
939 975
1138 1154
806 807
935 939
1374 1394
1020 1022
678 680
255 262
746 750
1033 1034
1282 1285
340 341
1034 1038
1359 1364
788 789
1189 1198
44 58
410 413
1199 1202
513 523
768 774
1008 1018
829 838
405 409
307 331
807 811
1325 1357
906 909
113 128
1032 1033
657 658
268 276
225 226
335 340
877 885
1251 1260
162 164
1167 1170
1038 1050
1078 1083
139 142
105 113
151 162
413 414
64 105
634 640
414 430
188 206
58 64
1112 1118
1274 1279
357 381
658 678
801 806
523 526
1162 1163
551 561
1119 1120
1202 1220
226 236
1311 1317
612 614
750 760
1298 1311
37 44
899 900
299 307
1083 1096
867 877
1163 1167
588 590
586 588
640 641
794 801
35 37
744 746
1366 1367
409 410
131 138
1177 1180
430 492
4 64
786 788
288 292
1187 1188
512 514
654 659
692 694
324 327
5 6
995 1002
833 834
1141 1150
880 893
1112 1116
232 235
1412 1422
972 974
840 855
650 653
270 288
450 459
810 817
75 76
21 23
496 502
338 371
1066 1069
477 483
604 605
1078 1082
54 56
1077 1078
1229 1236
1346 1360
103 123
1343 1346
619 622
430 431
694 695
1408 1412
466 471
1134 1141
459 464
47 53
91 97
552 554
1116 1118
1360 1370
1107 1109
866 869
1332 1337
261 267
409 411
900 904
1282 1288
608 611
1178 1180
1118 1133
763 765
933 944
230 232
618 619
860 863
1422 1423
595 604
1266 1269
530 533
672 673
1288 1297
39 96
698 701
657 659
581 587
46 49
1168 1171
243 255
83 86
898 904
1072 1081
166 175
1348 1350
958 967
447 448
836 841
1068 1069
841 846
79 83
185 186
1066 1068
905 907
1316 1318
1376 1384
1104 1111
687 689
542 550
513 526
340 349
550 575
44 45
1151 1157
607 639
490 493
7 16
177 181
761 763
350 355
111 115
58 59
1306 1308
773 776
417 419
1308 1309
649 650
967 972
660 667
1202 1206
506 508
690 692
1090 1095
1148 1151
907 911
431 432
701 709
469 470
404 406
218 221
50 58
443 447
755 761
684 687
1401 1404
1400 1401
1096 1098
475 476
264 275
448 468
1262 1272
1223 1240
1095 1096
1112 1113
1157 1168
421 422
43 44
1053 1057
1360 1363
1122 1148
893 898
508 513
791 795
261 262
115 119
1287 1299
102 104
1244 1251
386 388
1272 1280
992 998
1314 1316
16 19
388 404
1216 1218
281 286
1404 1406
937 940
1406 1420
1240 1244
890 893
1081 1084
987 992
25 26
364 372
1350 1353
1309 1314
675 684
38 43
1305 1306
223 230
412 417
298 310
915 920
206 208
1433 1439
1111 1112
262 264
66 68
434 441
86 91
1115 1122
362 364
861 875
372 381
124 150
349 350
1192 1200
241 243
19 25
26 32
68 73
587 590
310 311
408 412
355 359
1098 1100
876 877
709 714
23 96
1067 1073
22 28
610 618
89 94
1 8
438 441
1337 1344
568 569
38 50
498 502
914 918
469 484
1000 1003
239 241
1327 1328
1315 1320
790 791
1265 1271
1400 1407
545 554
177 179
1020 1021
796 798
713 716
331 340
329 331
55 56
697 698
434 438
1089 1090
290 295
607 610
745 760
376 378
573 577
1053 1058
305 309
80 81
639 644
179 182
624 639
155 156
863 864
1051 1053
983 989
869 871
1366 1374
264 265
815 825
1180 1185
502 507
297 299
1065 1066
716 717
232 233
299 303
881 886
8 22
340 346
1150 1163
791 794
206 212
900 903
1021 1025
773 787
982 983
886 888
1005 1008
921 922
532 535
265 269
312 314
1074 1078
65 66
1244 1248
1078 1083
1271 1274
106 107
445 461
441 442
535 538
672 683
212 216
1382 1390
878 881
875 877
908 911
888 892
303 305
1221 1222
61 65
877 878
1211 1220
798 807
845 848
930 932
58 61
146 150
139 141
461 463
31 36
1363 1366
1066 1067
767 772
794 796
1274 1280
314 316
1196 1207
922 929
69 72
1248 1258
276 290
295 297
1099 1107
848 863
220 232
156 159
1344 1351
401 410
0 2
0 1
1439 1440
45 45
1039 1042
46 62
450 453
476 486
361 364
628 630
1004 1024
118 125
1169 1176
1065 1067
831 832
445 450
1 8
514 516
434 439
1205 1206
439 440
542 552
1245 1249
414 417
562 571
455 460
1152 1155
710 723
500 501
1155 1164
1259 1261
660 661
158 167
1410 1411
305 311
727 728
776 797
799 804
894 920
33 37
1413 1417
1147 1152
1403 1406
959 965
832 853
1371 1394
62 72
879 883
516 524
440 443
953 959
1424 1427
1032 1039
423 429
181 183
1124 1127
524 542
1317 1336
1312 1314
1241 1245
1427 1432
186 189
474 476
1216 1217
1144 1147
218 241
1024 1031
1086 1105
501 505
76 80
859 861
861 864
311 314
797 799
933 942
1432 1440
983 985
1127 1137
674 678
708 710
443 445
179 181
1231 1241
730 734
513 514
1394 1400
1206 1216
875 879
1407 1410
317 318
663 665
30 33
1411 1413
884 894
90 16
993 1003
453 456
648 654
1206 1214
1323 1335
1054 1058
701 702
609 631
1237 1251
1346 1367
1189 1199
201 217
1230 1235
276 286
1049 1054
773 777
830 841
720 729
198 201
1367 1378
76 88
1199 1203
786 795
954 955
1033 1034
1007 1009
122 134
460 491
800 809
364 372
1166 1171
679 685
668 672
1171 1175
412 424
955 960
63 67
121 122
173 174
297 299
456 460
718 720
1398 1407
607 609
230 246
532 537
428 453
1320 1323
1427 1438
915 921
88 109
187 189
383 387
1203 1206
286 296
953 954
674 679
631 648
67 70
517 521
73 76
795 797
372 383
716 718
296 297
521 532
734 736
497 507
335 355
551 552
1180 1189
495 497
559 575
1407 1422
593 607
158 169
1160 1166
1037 1049
223 230
552 559
1003 1007
217 223
964 981
842 845
1262 1268
845 851
1425 1427
1138 1142
820 830
851 856
424 428
1216 1230
575 593
1309 1320
1422 1425
114 121
25 44
1175 1180
174 177
387 402
197 198
1027 1033
856 889
902 915
177 187
143 149
24 79
600 604
1390 1391
1352 1360
404 406
888 896
1206 1208
1053 1055
393 404
610 612
830 837
3 22
1362 1377
40 45
704 709
1117 1130
1280 1293
719 723
1201 1206
269 273
305 307
1154 1160
1254 1255
590 598
775 784
411 417
920 923
224 225
261 262
169 172
1271 1278
122 131
172 176
1104 1105
877 883
437 446
1160 1164
469 470
1403 1405
1146 1154
65 67
406 411
166 169
953 970
951 953
917 920
1035 1046
1210 1213
635 649
528 535
262 269
1130 1133
330 335
868 877
535 548
838 843
1278 1280
1377 1384
459 464
1333 1337
576 590
1166 1176
604 606
723 728
664 665
761 775
519 528
1424 1426
923 925
1213 1230
1234 1237
1257 1258
896 907
550 555
88 94
687 694
1027 1035
815 816
1308 1329
912 917
315 317
1393 1395
52 61
492 515
200 208
1230 1234
380 393
342 358
233 237
1096 1104
299 305
801 815
1004 1011
1258 1261
1405 1424
665 686
1136 1146
626 628
1329 1330
860 868
1019 1025
1268 1271
694 696
709 715
64 80
1268 1271
856 878
1426 1430
1076 1084
342 345
822 826
1307 1315
1349 1352
1405 1413
273 279
542 554
234 235
615 630
695 706
1322 1349
780 786
967 972
650 651
896 905
931 947
770 780
463 465
1208 1220
1259 1262
213 214
1394 1405
706 711
1321 1322
930 931
991 1016
383 386
1047 1050
566 585
279 292
53 56
325 340
1084 1088
270 273
683 689
52 53
1273 1276
429 430
891 894
386 429
450 462
1220 1227
1379 1394
959 960
1112 1118
1416 1419
127 129
1266 1267
380 383
1030 1031
438 442
235 239
292 303
1016 1025
268 270
377 380
889 891
354 376
187 195
801 805
239 247
827 838
512 516
1276 1279
989 991
521 526
474 480
5 15
437 438
1025 1030
109 111
350 353
1362 1364
1104 1112
430 437
637 645
58 65
922 928
690 695
56 58
984 989
1227 1233
1289 1301
247 254
928 930
645 649
1320 1321
689 690
1188 1208
353 354
195 204
442 450
1253 1256
753 764
960 967
129 150
978 984
65 80
894 896
233 234
1143 1148
948 951
652 670
1149 1169
465 468
1413 1416
23 32
879 889
585 608
1061 1076
1433 1437
674 678
1367 1370
1179 1188
175 178
608 609
311 325
206 213
537 542
1101 1102
1271 1273
878 879
1256 1259
1262 1266
526 534
1430 1433
15 22
1370 1379
554 562
1050 1059
816 822
1301 1303
951 959
609 615
516 521
972 978
1267 1268
838 841
468 474
651 652
41 7
1296 1300
679 680
572 575
21 23
1019 1027
1288 1294
254 262
1176 1190
301 325
540 544
68 118
399 402
127 134
518 530
1344 1345
714 732
982 1017
1410 1411
764 765
1397 1410
902 917
977 982
1122 1130
511 515
1165 1176
584 589
1254 1260
1357 1388
568 572
268 271
694 698
662 669
669 679
438 446
704 714
65 68
501 511
180 187
1388 1397
471 501
1156 1158
766 770
1260 1269
1158 1165
1345 1357
383 395
411 414
741 750
56 37
1354 1357
904 910
722 733
1190 1197
98 100
1220 1226
92 98
263 267
131 135
672 684
1189 1190
430 445
1234 1246
1012 1017
173 175
1095 1111
1395 1402
858 859
698 721
822 828
213 224
27 30
956 959
368 371
417 430
977 985
414 417
542 543
272 278
51 52
1031 1032
201 211
175 181
87 92
475 478
181 187
516 523
278 279
331 368
1210 1215
1226 1228
1344 1354
34 35
1090 1095
1269 1271
770 773
1010 1012
959 963
944 947
625 628
52 64
733 748
1249 1252
968 977
167 173
1416 1424
947 956
267 272
474 475
1020 1026
64 87
1291 1308
299 309
478 487
1308 1312
684 690
39 43
100 102
1059 1062
144 154
1404 1416
580 593
1252 1256
996 1001
154 167
1173 1175
445 451
135 136
1256 1260
622 625
1081 1088
391 400
374 380
451 452
251 253
748 770
380 391
1054 1058
781 787
527 542
1062 1077
125 131
1077 1078
82 50
717 721
525 528
1203 1205
201 203
331 353
126 135
881 885
110 126
1245 1248
737 777
6 24
1402 1403
1130 1132
728 737
1067 1069
831 848
925 927
530 531
435 441
987 1005
1085 1093
1265 1266
947 975
218 225
1369 1387
1094 1097
1120 1130
938 943
572 573
107 110
573 581
36 67
1244 1245
305 331
225 229
1047 1058
72 83
583 591
1197 1201
266 280
242 247
83 85
509 525
1083 1085
1166 1173
257 263
1362 1366
918 925
1366 1369
943 945
353 372
1404 1407
1387 1388
1058 1067
813 827
1407 1413
441 447
1222 1241
1194 1197
860 866
229 242
168 174
798 811
671 674
777 784
1161 1162
1331 1332
829 831
217 218
400 410
866 881
379 387
92 107
1097 1098
1327 1331
1274 1288
155 168
908 918
1098 1103
1029 1047
1266 1268
903 908
1173 1186
721 728
859 860
561 572
203 209
1255 1265
885 903
1103 1108
1436 1440
1290 1303
69 72
1393 1397
785 793
198 201
674 717
593 594
858 859
465 473
784 785
1201 1203
591 593
209 214
410 435
1348 1356
214 217
827 829
534 543
630 635
1152 1155
1164 1166
473 494
1108 1120
378 379
1397 1402
1317 1326
975 982
1288 1290
387 394
495 501
531 534
1206 1207
372 374
528 529
1205 1206
447 450
292 294
945 947
617 629
1356 1362
668 671
62 7
500 505
131 150
214 216
800 803
524 525
156 158
9 11
1360 1367
1375 1401
904 909
457 460
899 904
848 849
1232 1244
358 359
1107 1117
464 467
512 517
664 668
960 962
1043 1045
162 164
1073 1076
955 960
371 381
1296 1306
74 77
1211 1222
407 412
452 456
944 955
1158 1162
627 641
286 287
290 294
265 269
200 202
319 324
683 684
1288 1292
178 182
534 536
206 212
698 714
381 386
919 922
1055 1056
975 988
1370 1372
537 549
510 512
330 336
324 327
564 570
1292 1296
1005 1010
1056 1072
1028 1043
460 461
1146 1156
505 510
450 452
730 735
1369 1370
1010 1013
641 645
1306 1309
77 86
123 131
50 83
1298 1299
1420 1421
885 896
1174 1176
405 428
489 490
57 77
77 81
580 584
556 577
703 712
40 41
927 975
975 993
993 1018
780 788
1396 1397
158 170
211 217
1224 1233
749 757
1122 1125
372 376
42 48
137 138
1207 1212
1406 1412
201 210
1053 1057
1165 1174
41 42
1394 1396
1317 1334
48 57
591 592
758 780
640 646
350 372
115 118
712 727
435 447
1176 1189
679 681
840 854
384 405
854 868
1020 1036
545 552
539 540
577 578
1271 1279
429 431
904 908
1355 1361
1385 1388
522 530
1269 1271
1159 1165
90 114
1059 1078
191 201
584 591
8 31
428 429
1361 1368
745 748
822 836
338 350
698 703
118 127
1036 1038
217 219
635 640
1336 1337
127 137
1285 1286
646 659
1429 1434
1368 1385
114 115
727 732
34 37
665 670
1198 1207
797 798
512 522
868 872
532 536
225 239
431 435
1338 1345
210 211
1189 1190
1190 1198
732 735
447 449
674 679
810 822
81 86
1216 1224
1421 1429
325 338
1125 1159
308 315
836 840
696 698
37 40
552 556
1286 1298
449 479
149 158
1041 1044
670 674
1078 1122
1263 1269
798 810
1212 1216
33 34
239 245
1315 1317
172 181
908 927
896 901
280 296
592 601
788 797
480 489
1412 1420
315 325
1282 1283
31 33
479 480
138 149
69 23
967 968
733 737
472 482
859 860
818 826
1051 1055
357 364
1233 1234
435 446
954 959
1345 1346
1159 1166
1166 1174
590 594
1152 1154
842 849
880 882
1232 1233
184 210
874 876
841 842
594 609
708 713
1038 1040
938 947
973 976
1283 1296
1130 1133
1358 1364
210 223
947 954
425 435
446 472
934 938
1108 1114
339 350
694 698
155 168
959 961
826 841
1247 1253
245 262
95 96
1372 1375
493 530
1119 1124
1364 1372
860 864
610 618
64 68
48 53
312 336
1105 1108
354 355
120 123
1375 1392
729 731
746 757
225 243
968 973
364 398
262 266
1004 1005
537 542
68 74
1346 1355
792 793
713 729
772 778
223 224
119 120
1392 1418
100 101
1316 1319
46 48
1155 1159
1033 1037
902 906
555 558
1237 1238
1302 1306
1005 1009
1133 1135
1073 1076
1234 1237
53 64
74 83
482 488
101 102
530 537
276 278
1200 1202
81 58
183 188
513 514
514 515
713 714
1097 1100
81 85
531 532
652 666
722 733
1085 1093
439 440
281 284
445 446
1387 1394
1268 1289
1436 1439
760 764
135 138
833 835
956 959
952 956
863 872
835 840
764 765
393 403
124 126
480 481
1289 1319
1381 1385
1326 1330
1208 1211
1235 1237
270 272
785 805
1176 1189
564 573
1167 1173
668 672
174 177
1078 1085
1406 1412
1058 1064
592 602
1245 1253
582 588
1413 1419
376 391
1103 1109
275 281
1024 1045
521 524
211 215
852 861
613 615
970 972
1260 1268
1343 1348
443 445
172 174
1426 1436
56 58
699 700
908 925
1005 1006
700 707
628 631
1240 1241
1232 1235
1439 1440
631 645
948 950
488 489
1093 1094
97 98
222 228
197 208
450 454
483 488
108 111
169 172
1196 1208
811 812
1064 1067
1002 1005
832 833
268 270
234 239
1241 1244
734 746
1015 1023
765 773
1253 1259
473 480
1425 1426
861 863
22 26
100 101
925 926
625 628
105 107
805 811
77 78
973 974
1259 1260
991 999
361 376
1125 1130
166 169
1100 1101
312 323
70 77
52 53
1194 1196
1380 1381
532 538
1069 1078
1191 1193
309 312
1117 1123
193 197
1193 1194
133 135
1130 1131
1385 1387
232 234
98 100
434 435
757 758
561 564
1218 1224
524 531
928 933
178 182
107 108
1320 1322
579 582
454 456
1225 1232
1067 1069
4 2
717 738
99 298
1249 1440
69 99
376 401
532 717
2 0
10 360
1080 1430
16 5
1327 1329
404 430
273 305
105 127
656 657
603 610
816 822
651 656
150 157
791 793
670 672
1359 1365
1038 1057
1236 1237
521 526
3 4
1114 1115
231 236
639 642
33 36
731 740
17 30
546 548
1328 1332
414 426
1351 1364
1004 1015
393 408
1403 1410
465 472
239 247
596 603
477 493
57 81
137 140
855 867
682 686
1172 1185
1428 1429
1143 1153
282 312
1386 1387
1153 1168
25 29
376 379
185 195
128 137
638 640
1410 1424
509 515
1075 1080
212 214
1064 1072
686 688
659 661
504 505
1325 1328
140 156
728 731
737 746
319 329
125 128
1379 1385
494 495
353 366
519 521
385 386
1072 1075
410 414
2 0
10 360
1079 1429
49 54
1344 1351
1375 1385
629 634
1072 1074
21 26
776 783
996 999
373 380
418 436
119 126
335 338
906 914
825 829
343 346
606 608
1086 1092
1160 1167
1262 1281
948 956
994 996
715 719
683 711
648 651
380 390
626 627
466 469
519 522
450 451
272 289
866 867
1208 1210
1330 1336
346 363
829 833
1386 1419
722 728
522 530
1032 1047
651 655
417 418
530 550
1201 1208
1047 1072
61 67
5 20
1012 1025
390 402
1084 1086
884 905
1219 1225
728 744
956 977
1245 1246
1256 1262
436 438
570 583
1002 1004
999 1001
1243 1245
925 930
744 750
462 463
74 76
26 39
338 343
801 803
1336 1341
1121 1126
1178 1180
798 800
1126 1137
438 450
627 629
914 925
1356 1373
833 834
869 877
1213 1215
1314 1317
1215 1219
624 626
608 624
591 598
646 648
153 161
363 373
109 118
590 591
1373 1375
326 335
1246 1256
489 519
935 947
750 753
905 906
655 683
256 272
1025 1032
753 776
254 256
1137 1141
977 993
842 856
100 100
136 137
156 157
52 53
126 127
34 35
168 169
74 75
186 187
96 97
86 87
10 11
182 183
4 5
160 161
118 119
138 139
36 37
82 83
120 121
190 191
58 59
116 117
132 133
38 39
166 167
6 7
76 77
56 57
144 145
194 195
0 1
44 45
106 107
48 49
148 149
54 55
2 3
12 13
84 85
68 69
80 81
102 103
16 17
90 91
14 15
50 51
196 197
112 113
198 199
146 147
164 165
94 95
30 31
40 41
78 79
72 73
24 25
140 141
152 153
110 111
176 177
122 123
88 89
70 71
92 93
32 33
26 27
162 163
150 151
114 115
180 181
46 47
18 19
134 135
128 129
8 9
28 29
98 99
174 175
66 67
62 63
188 189
108 109
64 65
192 193
130 131
20 21
60 61
170 171
22 23
184 185
178 179
124 125
100 101
158 159
104 105
142 143
172 173
42 43
154 155
272 273
224 225
362 363
320 321
398 399
378 379
238 239
330 331
296 297
246 247
240 241
220 221
250 251
202 203
242 243
334 335
260 261
268 269
310 311
284 285
228 229
262 263
236 237
234 235
286 287
392 393
342 343
290 291
380 381
206 207
230 231
212 213
348 349
252 253
390 391
364 365
358 359
354 355
298 299
210 211
244 245
322 323
340 341
226 227
306 307
396 397
258 259
326 327
294 295
204 205
352 353
292 293
382 383
386 387
274 275
384 385
276 277
218 219
214 215
360 361
368 369
344 345
280 281
302 303
270 271
366 367
282 283
316 317
300 301
304 305
374 375
328 329
264 265
208 209
312 313
256 257
308 309
324 325
370 371
350 351
332 333
372 373
376 377
314 315
232 233
318 319
254 255
266 267
288 289
248 249
336 337
222 223
216 217
338 339
278 279
394 395
200 201
346 347
388 389
356 357
63 85
724 726
1284 1289
1257 1261
863 864
493 507
1210 1213
1303 1305
1215 1221
845 847
523 532
285 287
484 493
823 825
1344 1353
238 242
682 687
1200 1204
1082 1083
12 13
375 395
395 400
869 873
1382 1383
202 209
1179 1182
58 60
1075 1077
1221 1222
254 255
109 111
1097 1099
1405 1407
687 690
332 335
807 819
672 675
859 863
126 130
1165 1166
715 717
289 295
924 927
834 839
600 606
662 664
483 484
1099 1103
1192 1194
115 118
1305 1315
88 92
1028 1035
1268 1276
439 454
210 212
422 427
1154 1165
1276 1284
767 778
793 800
800 802
737 738
898 899
757 760
1204 1210
454 455
400 401
575 576
778 780
609 610
1315 1324
401 405
1390 1394
287 289
40 41
33 36
864 869
1343 1344
966 969
738 757
507 511
212 233
255 265
455 465
564 572
475 483
1166 1167
735 737
242 243
1050 1053
71 82
465 473
1194 1200
819 823
1060 1071
1103 1105
1403 1404
572 575
1394 1400
96 109
1300 1302
1152 1154
311 313
1213 1215
174 177
152 156
594 600
969 972
940 959
1095 1097
1079 1082
1261 1268
851 859
324 332
721 724
541 542
726 735
1021 1028
1131 1152
473 475
825 828
1010 1014
165 174
1182 1185
532 541
342 344
1017 1021
1222 1225
313 320
1014 1015
899 908
637 643
1123 1131
130 152
1167 1177
703 711
542 545
233 238
196 202
555 564
253 254
1324 1337
1360 1368
279 283
407 409
1105 1107
427 428
247 251
18 89
1042 1044
923 925
899 904
1254 1257
872 884
683 691
987 988
582 588
391 404
892 893
702 705
1243 1245
1425 1426
1396 1397
1020 1028
519 521
826 828
109 116
127 132
1133 1136
240 254
377 389
493 496
1375 1381
1428 1440
762 776
613 615
940 947
956 961
756 762
60 80
438 440
342 345
533 535
1426 1427
1309 1315
1229 1239
315 316
1348 1349
622 635
1173 1174
448 452
796 805
637 638
1154 1157
621 622
479 484
1174 1181
988 990
466 467
452 453
1296 1300
540 541
530 531
1152 1153
531 533
593 600
467 479
81 86
316 328
1385 1396
1216 1229
1397 1425
1120 1123
1130 1133
496 517
1138 1152
609 613
166 170
1126 1128
648 661
1065 1070
714 722
788 796
642 648
784 785
488 493
537 540
831 846
871 872
1332 1347
345 364
86 95
424 425
170 180
132 149
893 894
1153 1154
1273 1285
535 537
1315 1317
600 609
1374 1375
1184 1199
95 96
568 571
1013 1020
412 420
1007 1013
283 315
80 81
529 530
338 342
1084 1085
1317 1332
828 831
937 940
47 73
1067 1074
32 34
864 868
293 295
999 1007
479 489
846 859
1311 1312
1149 1173
1 4
764 766
984 986
119 127
1122 1124
205 207
407 420
954 957
505 508
1280 1286
1250 1255
1411 1414
432 440
694 696
364 377
630 646
933 934
935 943
132 136
716 721
1372 1387
1271 1277
1294 1311
697 699
894 896
116 117
1236 1243
1424 1430
1257 1263
1015 1025
1025 1031
766 769
1007 1015
440 445
309 312
902 915
915 919
478 479
1089 1094
1418 1424
555 558
972 973
312 314
1265 1270
430 432
896 901
139 145
182 186
210 212
350 352
1334 1343
236 245
378 380
793 797
74 80
358 362
786 787
537 541
503 504
606 609
551 555
924 925
386 388
186 187
136 139
1186 1192
1395 1402
1173 1174
512 516
994 999
217 223
536 537
112 113
110 112
1235 1236
660 676
516 518
249 260
981 984
8 21
1084 1089
388 389
234 236
474 478
46 60
320 324
1218 1219
4 7
72 73
986 991
73 74
1198 1206
420 427
1174 1178
7 8
736 741
260 273
828 830
212 214
901 902
802 807
41 46
1326 1327
207 210
1062 1067
783 786
1031 1037
1246 1250
1329 1333
223 228
561 564
8 47
340 346
80 82
852 871
1226 1231
227 228
383 394
513 522
951 961
777 781
1231 1244
539 541
289 295
690 702
774 777
216 227
1353 1360
443 450
1344 1353
1186 1191
944 948
1322 1326
808 810
702 703
1133 1134
1203 1217
30 43
726 731
439 440
981 983
43 49
983 985
647 667
591 605
1116 1133
207 216
1050 1054
285 289
1217 1225
71 77
667 669
170 177
1326 1337
1202 1203
1423 1430
541 545
879 886
1225 1226
557 578
177 186
684 690
1430 1440
1252 1256
741 747
198 199
1311 1322
26 69
1424 1435
766 771
626 633
555 558
1422 1424
48 52
1246 1249
1361 1362
30 37
216 218
511 514
1416 1417
260 270
279 287
1157 1158
66 67
474 475
846 848
505 506
1158 1162
24 30
882 888
1362 1364
1364 1371
1384 1388
1164 1173
484 488
646 649
176 179
1040 1047
1262 1264
851 874
220 223
125 134
982 983
389 399
46 48
1163 1164
932 941
1232 1245
359 361
76 80
1371 1374
1135 1137
297 298
287 293
1383 1384
944 950
642 646
80 85
1152 1157
298 311
1188 1199
1250 1260
1222 1224
1311 1323
252 257
1117 1121
314 317
328 335
401 403
848 850
452 457
723 725
1275 1288
653 683
85 104
1174 1187
874 882
1074 1075
1199 1200
1088 1094
383 385
693 695
888 891
771 779
1134 1135
1249 1250
683 685
1151 1152
369 372
457 466
1112 1117
492 495
495 500
1070 1074
52 61
1323 1331
968 969
593 594
137 139
1264 1267
1245 1246
1224 1232
981 982
15 99
155 156
760 768
325 330
1125 1133
438 444
871 874
1228 1232
1343 1349
867 870
295 304
967 968
68 69
380 382
1202 1209
1077 1082
628 631
156 158
689 691
1393 1402
729 740
36 45
540 551
945 950
1421 1422
90 91
1272 1273
1273 1281
773 776
387 393
282 286
1355 1360
926 936
335 344
515 517
1162 1174
615 626
354 356
1191 1200
661 663
600 605
1052 1075
56 59
691 700
21 27
1365 1370
262 265
165 170
1333 1343
651 656
1148 1157
362 365
158 161
1370 1393
444 446
99 103
993 995
191 202
393 397
798 799
598 600
1120 1125
228 231
797 798
551 559
1108 1112
1143 1145
330 333
956 958
322 323
210 218
855 861
62 63
776 779
475 480
447 448
801 808
114 116
757 759
1271 1272
626 628
291 295
1174 1182
594 598
312 319
846 855
185 191
1321 1322
1434 1440
958 966
912 915
1145 1148
1112 1113
183 184
352 354
1216 1228
116 142
474 475
1188 1191
265 273
1182 1185
817 818
34 36
76 80
667 668
517 522
759 760
275 282
1360 1365
319 322
706 712
1090 1095
779 792
333 335
768 769
96 51
1076 1083
965 973
1210 1213
424 427
728 736
1262 1266
10 19
521 528
73 77
793 802
1050 1059
77 83
1106 1114
879 880
1311 1321
490 492
1227 1235
999 1003
1066 1068
635 646
1100 1106
1222 1225
726 728
931 933
58 63
1235 1240
19 28
1436 1438
1253 1254
31 44
1300 1306
613 621
872 879
1377 1381
1145 1153
700 711
44 49
88 94
913 914
739 743
983 994
1209 1210
736 737
1321 1324
1416 1423
1144 1145
1325 1329
646 651
169 171
1298 1300
825 826
1213 1221
1404 1405
1026 1040
1098 1100
842 853
211 212
239 254
311 313
685 686
1393 1399
956 965
94 99
231 236
651 660
335 386
1399 1404
72 73
1293 1294
1186 1187
630 635
197 211
51 52
267 271
171 178
769 785
935 936
1297 1298
1405 1406
99 111
1294 1296
583 589
147 151
1332 1339
427 431
853 872
1261 1262
6 10
87 88
494 495
994 996
164 166
326 330
255 265
743 749
387 395
309 311
660 663
1287 1293
415 418
439 442
284 307
663 665
671 676
228 230
1074 1076
313 326
1225 1227
1003 1004
330 335
223 228
973 978
431 434
495 504
1266 1285
1123 1141
178 193
1114 1123
528 530
307 309
275 284
760 769
1355 1360
1059 1066
1187 1195
1153 1154
504 516
1306 1310
423 424
1171 1173
880 903
608 613
737 739
1195 1199
254 255
1221 1222
193 197
1285 1287
1202 1204
68 72
1040 1045
711 712
265 267
621 623
1406 1408
591 608
418 423
2 0
1080 1430
11 361
48 37
870 895
1011 1014
257 288
147 151
1098 1099
599 671
866 870
87 99
1361 1370
1283 1289
1145 1148
682 704
769 792
941 951
595 599
985 1011
1150 1176
1079 1098
325 336
424 452
577 595
139 147
720 733
704 720
522 571
467 478
951 985
1289 1292
1112 1130
290 302
1370 1374
1228 1244
1046 1047
1374 1375
336 339
1111 1112
1014 1046
521 522
151 158
1130 1135
316 321
115 139
671 682
478 504
1424 1440
452 467
571 577
1148 1150
802 829
1328 1330
1209 1220
1135 1145
1185 1209
168 192
518 521
1 58
108 115
359 392
738 769
349 357
1223 1228
1220 1223
1251 1283
895 941
99 108
1047 1048
796 797
302 316
1176 1185
288 290
58 87
1099 1111
339 349
829 866
254 257
192 197
1244 1251
792 796
1375 1424
517 518
1340 1361
197 254
504 517
797 802
733 738
77 60
1419 1428
732 740
1066 1071
1236 1238
411 419
915 916
762 779
884 885
802 807
219 225
1193 1202
1050 1059
1296 1302
642 644
596 620
1405 1413
1129 1138
96 99
1245 1246
237 245
1284 1286
740 748
792 795
1260 1280
1345 1352
1413 1419
1059 1066
228 230
865 880
1238 1245
909 910
512 530
1107 1109
18 20
1138 1140
398 403
427 428
896 907
432 488
622 642
1140 1141
261 264
941 949
949 953
101 104
264 300
908 909
1302 1323
662 664
999 1002
380 383
340 353
1159 1162
384 398
75 88
907 908
993 999
1398 1405
574 575
1373 1385
225 228
383 384
1071 1107
88 96
20 31
575 576
1173 1179
366 380
1141 1154
1246 1257
916 925
58 62
17 18
1202 1236
1154 1159
231 237
968 973
105 110
1342 1345
1428 1440
62 75
1006 1050
559 566
677 679
128 155
657 662
245 250
255 261
206 219
1323 1326
795 802
158 205
40 47
910 915
1286 1296
403 411
664 677
1179 1183
1257 1260
1390 1398
862 865
973 993
419 427
99 101
681 702
679 681
1109 1117
595 596
205 206
1329 1342
312 326
1352 1373
1280 1282
1388 1390
1385 1386
230 231
307 312
566 574
339 340
880 884
116 128
49 58
1282 1284
830 833
828 830
300 307
1386 1388
1162 1173
620 622
1117 1129
353 366
250 255
885 886
1002 1006
326 330
47 49
530 559
9 17
1224 1225
1102 1118
105 109
14 17
484 491
889 893
491 517
1160 1171
93 105
900 914
228 237
1270 1272
648 669
1188 1192
810 813
635 648
875 889
551 554
581 620
445 460
996 999
1232 1233
836 869
999 1026
517 523
1040 1052
90 26
983 986
986 999
248 250
863 865
1103 1107
287 288
1167 1168
1241 1246
506 509
11 16
1413 1416
1005 1009
242 244
239 242
305 310
946 947
1229 1234
953 964
552 564
786 790
1113 1121
947 953
296 298
402 408
118 128
45 49
250 251
112 118
29 44
576 586
564 573
290 296
1279 1314
1399 1406
1389 1396
161 162
805 815
272 287
6 11
1124 1132
299 305
876 885
475 484
446 447
1032 1035
664 672
736 742
1182 1199
141 142
937 939
1073 1075
176 191
528 538
1107 1113
68 77
894 896
1072 1073
834 836
1438 1440
967 977
1009 1011
744 746
1396 1399
1214 1216
201 213
1374 1375
1234 1240
549 551
783 784
872 876
1168 1174
764 765
465 470
491 498
518 519
1385 1386
977 981
1058 1066
1416 1418
817 834
1249 1250
1382 1385
132 135
893 894
680 681
746 749
1223 1226
439 440
1166 1167
1019 1029
398 402
816 817
4 6
1066 1072
324 338
437 438
163 171
626 634
1359 1361
586 600
414 416
1200 1201
258 260
773 776
1363 1365
151 161
732 736
964 967
444 446
344 352
865 870
108 112
1001 1002
1246 1249
509 518
1174 1182
1 5
842 843
913 933
491 538
786 796
331 335
851 873
58 35
624 626
626 627
335 355
1016 1036
575 577
105 106
98 105
636 658
546 557
701 717
865 877
751 781
23 30
911 942
658 661
1233 1272
327 335
1072 1096
577 583
174 191
1013 1016
15 18
439 440
739 749
261 281
54 66
1420 1440
563 567
669 674
585 614
1344 1370
18 23
750 751
1068 1072
557 563
999 1013
685 691
1180 1182
942 953
106 114
440 478
323 327
1050 1051
1416 1420
680 685
1387 1400
197 232
815 833
674 680
840 865
953 999
1150 1152
1061 1068
583 585
1337 1344
781 788
1036 1042
1274 1282
1042 1050
66 98
1152 1161
320 321
478 489
614 624
661 669
691 701
1051 1061
1400 1412
30 54
1182 1214
434 439
627 636
1096 1099
877 890
506 509
1214 1233
1272 1274
567 575
321 323
788 815
355 434
489 506
1282 1322
1322 1334
890 911
114 174
839 840
1100 1150
1370 1387
833 839
281 320
1161 1172
717 739
1 100
545 546
894 896
868 873
586 593
582 586
792 793
275 280
1034 1059
356 359
1296 1300
1156 1161
323 333
730 736
813 814
305 310
199 202
736 744
1187 1188
593 594
311 317
803 810
60 67
775 776
334 346
897 904
1165 1171
93 95
710 711
1188 1190
611 613
233 240
773 775
514 515
377 380
1368 1375
644 646
51 53
776 780
59 60
295 298
597 598
615 617
602 608
1181 1182
1068 1072
395 396
1097 1099
1415 1418
433 436
1029 1034
1238 1248
676 698
427 430
1265 1268
1405 1409
1146 1150
845 849
101 113
814 816
649 650
1200 1202
386 390
1262 1265
408 414
443 465
1404 1405
322 323
1072 1088
1398 1400
273 275
263 273
1282 1285
14 18
546 549
1285 1288
113 135
67 70
179 182
1375 1390
932 938
522 527
896 897
1202 1214
892 894
1248 1250
757 760
362 363
257 258
1303 1314
144 153
497 508
396 404
791 792
363 377
700 701
360 362
1150 1156
996 997
1275 1281
1192 1196
554 561
27 31
1394 1413
1315 1323
624 634
30 49
1231 1234
74 76
815 825
115 128
467 476
660 673
1014 1020
230 232
133 134
739 743
354 374
1343 1348
303 311
1353 1371
17 30
698 720
768 788
1294 1315
826 838
1212 1220
1220 1230
1146 1151
374 393
435 441
873 895
788 807
4 6
69 70
634 644
1268 1274
683 687
765 768
154 158
673 683
1276 1283
951 1004
651 653
70 74
544 547
128 133
187 194
825 826
692 698
393 422
1030 1045
141 142
330 334
311 330
543 544
280 288
1175 1176
209 211
1230 1231
932 941
2 0
1439 1440
0 1
76 56
38 43
940 943
211 224
1417 1421
1246 1247
1265 1269
1421 1425
709 713
101 104
388 391
984 986
1244 1246
698 701
818 822
874 883
228 230
198 204
1032 1034
204 210
811 818
1348 1356
425 428
1230 1237
513 517
1138 1141
557 559
318 319
1311 1312
165 167
415 416
1396 1405
404 410
3 5
375 388
927 930
29 30
702 703
1134 1138
705 709
924 926
429 432
25 28
168 188
1210 1216
1070 1071
7 10
838 850
393 397
957 962
1184 1185
162 165
559 561
548 557
189 198
903 904
1439 1440
428 429
210 211
943 945
1112 1118
791 796
665 669
333 350
828 831
399 403
11 25
1188 1202
661 665
1079 1084
655 661
1086 1100
280 282
5 6
117 118
703 705
1008 1021
1100 1106
969 971
978 984
993 999
976 978
391 393
783 784
701 702
1106 1107
999 1000
152 157
1239 1241
445 452
760 762
1062 1064
619 622
778 781
1257 1265
416 423
1307 1311
432 433
971 976
726 728
457 462
238 239
1034 1039
10 11
28 29
922 924
945 957
1275 1280
1143 1144
743 754
1000 1005
118 121
863 868
319 325
512 513
691 698
433 438
773 778
241 243
1237 1239
254 257
728 743
6 7
720 726
1064 1070
265 280
831 835
715 716
142 146
1071 1079
1054 1055
1337 1348
1118 1131
43 31
823 827
403 404
1155 1158
1104 1108
217 218
506 525
1292 1298
149 156
1199 1210
917 921
368 369
739 746
200 203
194 199
307 309
1210 1212
559 561
1013 1018
1385 1396
334 341
147 149
233 240
706 725
1247 1249
39 52
818 823
655 657
792 818
386 394
455 457
99 104
1002 1009
140 147
1249 1253
207 216
1070 1094
164 174
1123 1124
954 957
841 846
1255 1257
549 552
761 764
1260 1266
132 133
1381 1383
1314 1323
240 241
251 252
924 939
460 462
598 602
309 313
602 604
1253 1255
750 755
182 192
75 77
769 771
1148 1151
480 481
503 506
1284 1285
1266 1271
669 680
952 954
766 768
539 549
1194 1199
772 792
348 357
90 99
1054 1055
156 164
78 61
1428 1440
556 568
1404 1406
740 748
944 950
1348 1349
1021 1024
1414 1428
312 319
245 250
754 758
1194 1197
1177 1185
1209 1210
569 571
162 170
398 401
191 192
363 369
866 873
1364 1368
239 240
1008 1015
1176 1177
13 28
1306 1307
5 10
1212 1214
295 306
717 719
648 654
1331 1332
1255 1261
192 211
971 979
1132 1138
1315 1316
1113 1127
250 254
1389 1390
1409 1413
1081 1087
501 506
1332 1333
1214 1220
644 648
1185 1192
1349 1351
373 386
1356 1364
1201 1207
1368 1370
846 852
1252 1255
1220 1222
254 263
1265 1271
1390 1396
450 463
132 134
777 779
637 644
1316 1324
1032 1039
1289 1299
369 373
1308 1315
768 772
1046 1056
1307 1308
772 777
1041 1046
10 13
627 628
845 846
419 426
110 111
1375 1388
611 613
57 64
762 765
498 500
362 363
1 5
319 322
144 149
927 931
1056 1070
171 180
1413 1414
1276 1289
706 714
263 264
1102 1111
311 312
180 181
463 498
1208 1209
306 311
264 279
668 677
665 666
111 131
69 79
109 110
500 501
329 338
781 782
1127 1132
240 245
1207 1208
1340 1344
933 938
1156 1158
891 905
1339 1340
568 569
160 162
697 698
1372 1375
93 101
34 44
632 637
1370 1372
211 218
666 668
597 603
1154 1156
386 391
1138 1141
654 665
181 191
1173 1176
542 545
1197 1200
1406 1409
943 944
1344 1348
1087 1102
