100
1 1
540 600
840 900
2 0
900 1260
180 540
1 1
1439 1440
0 1
1 1
82 432
432 1050
2 0
603 617
744 1052
1 0
102 213
2 0
1316 1440
668 893
1 0
515 643
2 0
12 269
269 362
1 1
0 1
1439 1440
2 0
876 1429
1429 1440
0 2
303 480
939 973
0 1
719 1383
0 2
926 1216
1216 1440
0 1
1165 1440
2 0
0 360
1080 1430
2 0
1439 1440
0 1
0 1
1316 1440
0 2
0 360
1080 1440
0 1
270 485
0 2
700 736
736 1143
0 2
813 1057
150 473
1 0
1020 1440
2 0
614 629
385 614
2 0
0 360
1079 1429
0 2
180 540
540 900
0 2
1430 1440
1141 1430
2 0
1036 1141
1141 1440
1 1
1062 1233
1233 1440
1 0
1314 1440
0 2
950 1258
1395 1440
0 2
180 540
541 901
2 0
1273 1440
1265 1273
2 0
545 566
1154 1440
0 2
877 897
88 633
2 0
1036 1440
1011 1036
2 0
1166 1204
1204 1424
2 0
493 826
1353 1440
0 2
225 519
626 912
2 0
1283 1291
1291 1440
0 2
37 248
914 1081
0 2
140 254
1154 1440
0 1
1287 1440
1 1
1256 1440
900 1256
1 1
686 1050
206 288
2 0
150 400
1333 1368
2 0
910 1113
1113 1440
2 0
149 276
1304 1440
0 2
730 1148
409 419
0 2
1395 1440
1099 1395
2 0
428 602
602 955
2 0
10 360
1080 1430
0 2
907 1440
751 907
1 1
1426 1440
1365 1426
2 0
1365 1406
760 796
1 1
1313 1440
427 770
1 1
499 540
540 958
0 2
11 361
1080 1440
0 2
1080 1440
10 360
0 2
767 1099
1099 1440
2 0
365 845
1059 1220
0 2
435 532
532 1028
0 2
540 900
179 539
0 2
467 787
787 1141
2 0
542 626
1360 1440
0 1
329 648
0 2
260 470
211 260
2 0
956 1440
799 956
0 2
1020 1418
1418 1433
0 2
1315 1440
244 602
1 1
987 1029
1029 1440
1 0
992 1440
1 1
678 700
399 678
2 0
10 360
1079 1429
0 1
1337 1440
1 0
209 820
0 2
1403 1440
362 870
0 2
880 1006
1006 1258
0 1
1106 1440
0 2
1079 1440
736 1079
2 0
1080 1430
11 361
0 2
288 396
446 950
1 1
1384 1440
758 1384
0 2
538 590
14 357
0 2
486 896
1274 1440
2 0
1436 1440
163 878
0 2
734 921
217 460
1 1
1022 1317
1317 1440
2 0
1261 1440
383 392
1 1
1275 1350
1350 1440
0 1
742 1084
0 2
0 1
1439 1440
2 0
1128 1138
1438 1440
0 1
912 1440
2 0
311 369
941 1440
2 0
167 300
1398 1440
1 0
893 973
2 0
1312 1440
269 484
0 2
18 473
587 847
0 2
155 378
378 447
