100
4 2
5 2
6 2
1000 1000
1000 1
500 244
500 249
1000 127
630 490
500 127
999 488
253 202
999 497
1000 2
688 593
3 1
999 256
999 255
1000 499
537 405
620 537
551 499
455 389
500 2
500 192
999 1
648 501
1000 512
500 499
375 364
999 998
826 781
1000 511
443 369
544 535
1000 999
999 511
500 128
500 116
4 1
869 862
281 218
423 361
420 335
1000 255
500 90
841 681
1 1
999 392
1000 488
804 708
453 377
999 128
5 1
999 512
999 498
500 500
864 765
620 602
500 246
500 248
339 332
3 2
1000 489
250 244
999 493
900 789
1000 498
628 527
999 127
992 978
911 721
556 458
657 643
1000 128
743 658
500 1
500 256
486 406
887 860
744 590
270 233
1000 500
676 660
999 487
500 117
999 999
2 2
355 327
999 499
2 1
500 255
1000 256
500 245
959 845
1000 419
999 2
264 207
1000 503
500 250
