100
4 2
5 2
6 2
1000 1000
1000 1
632351 480905
4 1
1000000 262143
398005 338688
3 2
909666 686583
915094 718775
999999 387563
1000000 999999
1000000 524287
1000000 499999
955392 846950
999999 999998
599494 526042
931147 816357
337793 328072
840490 665758
500000 262143
999999 128
1000000 505998
474781 401704
500000 262144
643938 502182
519303 389580
586456 499966
500000 249999
1000000 524288
342160 313286
621320 508771
500000 499999
1000000 411550
999999 499998
3 1
500000 128
376566 308121
432792 404853
999999 127
999999 499999
2 2
1 1
999999 2
1000000 128
511455 489676
570354 569415
999999 524287
1000000 1000000
659420 638224
1000000 262144
764119 578291
936657 818719
2 1
935949 901528
999999 262144
1000000 127
958044 794373
999999 475712
914330 866694
5 1
1000000 475713
562701 422661
1000000 500000
999999 999999
999999 475711
500000 131072
976377 853237
359330 290406
500000 1
500000 249998
500000 237857
999999 499997
500000 2
500444 471824
500000 237856
1000000 475712
999999 524288
500000 131071
269714 238298
500000 127
999999 484543
1000000 1
721650 644160
595161 568716
379754 340498
1000000 499998
999999 1
500000 189185
500000 500000
999999 262143
939914 765849
500000 238397
506528 408801
405478 400374
645723 547907
1000000 2
500000 250000
