100
2 1
100 20
200 10
2 2
100 20
200 10
3 2
100 10
100 10
100 10
4 2
9 3
7 1
10 1
8 4
2 1
12263 43
3090 387096
6 1
896080 165092
692574 453712
923515 266180
298665 771079
806828 340116
187262 465981
7 1
3207 330121
12936 33
3147 316592
3499 393132
3651 311424
18518 29
3368 369193
2 1
131313 221497
458978 63370
7 1
211370 82829
182534 95914
556945 31435
22208 788345
96261 181876
33167 527861
241874 72383
9 4
3514 333546
3276 306758
3012 359463
3123 306468
11505 66
3251 335155
3248 350111
3045 308181
10098 56
10 2
18336 29
3140 392279
3338 300470
13809 93
3121 330367
3926 319387
3825 363883
17432 22
3225 337288
3512 392195
3 2
151249 343656
199206 260924
154734 335916
9 6
123296 675159
182237 456792
851762 97732
784370 106129
317101 262517
836039 99570
272945 304986
94513 880772
501569 165968
9 2
973165 66395
850242 75994
274949 235001
66395 973165
404121 159886
69642 927792
91355 707277
934015 69178
633445 102003
2 1
165033 508217
392058 213929
7 4
28014 430236
38019 317016
43401 277704
84456 142709
45356 265734
646323 18648
14877 810152
1 1
1 1
9 6
18239 72
3256 350127
3012 313818
12320 75
3802 345800
3559 350296
3349 339863
3152 309854
3554 301175
4 3
81918 593572
65016 747881
103156 471366
357889 135864
10 7
3114 349446
11215 13
13409 82
3528 303842
3615 353180
10583 94
3584 328751
3627 303259
3580 354671
3229 376818
6 4
3145 334027
12189 47
12699 79
3689 321411
3747 374396
3980 331031
9 5
27993 236808
79464 83421
26312 251937
797134 8316
85932 77142
21758 304668
39897 166152
21762 304612
373842 17732
9 6
3723 312038
10028 14
3028 378232
3764 353627
3834 362835
3197 308030
3690 372336
3500 315515
13421 22
7 4
543004 26622
349074 41412
296184 48807
683298 21156
66584 217107
146421 98728
381582 37884
5 3
16422 556452
370968 24633
272136 33579
320229 28536
85813 106488
9 5
505011 930365
942856 350267
84769 343453
921237 294940
343904 645268
394734 523626
887909 158827
952093 639398
296184 918203
8 2
21004 2820
202822 31
25354 2725
25790 2662
20746 2725
25257 2587
23275 2363
241067 47
7 5
14938 60
3877 374787
3749 359896
3624 367960
10234 33
3339 328415
3674 333769
8 5
95571 409944
286713 136648
221154 177156
890568 43993
45182 867132
84132 465682
923853 42408
588411 66584
5 1
803255 809112
820833 2048
837835 162587
751614 348796
480321 253125
2 2
456617 73656
37324 901098
5 3
501842 842688
978914 667480
91187 773374
1680 971820
957563 870358
3 2
816354 8772
31992 223839
675444 10602
9 4
528250 76357
727462 55447
41216 978639
917719 43952
941057 42862
81649 494012
524595 76889
958272 42092
216837 186018
4 3
821843 101720
87752 210688
254917 673785
270664 145892
2 1
14733 73
3587 328914
8 5
3515 356943
17616 34
3520 393054
15314 66
3070 387566
3363 369448
3275 311251
3043 305663
8 3
26736 2810
20812 2214
22291 2863
27281 2488
21932 2076
20492 2567
249550 82
274702 3
6 3
27543 2354
227866 53
26208 2522
25797 2765
266149 83
24157 2027
10 3
296910 27
27743 2382
28160 2273
24858 2679
22041 2939
26811 2454
26218 2798
262071 59
239337 29
25336 2857
7 4
58397 916882
522566 102462
105725 506438
54171 988410
204089 262352
63009 849770
246317 217375
9 6
564753 33510
19906 950712
271632 69671
150797 125499
55862 338779
334912 56507
320853 58983
279235 67774
128279 147529
3 1
345213 209400
669119 108034
124895 578787
2 1
3332 322432
14028 45
9 4
96578 841288
838830 96861
280720 289434
783978 103638
222239 365597
137167 592343
222239 365597
98711 823109
246059 330205
3 2
3955 345700
3203 329777
10809 92
3 1
99491 142590
37447 378840
275208 51548
6 3
209501 35
22219 2324
25403 2083
21278 2936
252480 55
23732 2097
2 1
168166 366874
116871 527896
8 3
264300 339577
100812 890273
572277 156830
250475 358320
331184 270998
458005 195959
312882 286850
156459 573634
3 2
939120 626533
709160 618841
471866 697658
6 1
776953 878626
487418 523706
675281 531092
629199 675296
675191 980986
220403 394473
7 3
25794 2900
26421 2354
208923 86
23748 2400
27823 2096
262868 26
28321 2036
8 6
267836 234817
64821 970248
776565 80988
481820 130531
516668 121727
575085 109362
755937 83198
162530 386959
10 4
40062 916135
914879 40117
80664 455001
167145 219583
46692 786049
384437 95470
540199 67942
211623 173432
785662 46715
315311 116400
8 4
721672 929792
218474 751493
454993 231339
250540 50366
552662 322958
713835 188095
690386 93601
557940 180589
2 1
25187 2562
280325 15
3 2
3215 337291
10355 8
3938 321402
3 1
858985 78584
206894 326266
174058 387816
4 1
26108 2901
24860 2097
254007 52
22123 2213
2 1
16876 70
3489 350233
9 2
23924 2483
27792 2401
289717 98
22834 2914
248929 23
28087 2835
21127 2374
29288 2109
24228 2889
10 5
283167 413089
856047 319273
28879 668471
78401 244162
476631 555259
320724 748812
908091 125214
132658 211030
314670 516211
140696 683862
10 4
26232 2926
28869 2866
233434 31
25421 2171
243915 79
25725 2856
26007 2341
23717 2166
24976 2720
295801 97
9 6
643333 459098
939906 47712
222641 433214
663531 916830
915797 447293
222463 896262
971864 833201
861424 64099
279565 130904
9 6
342786 856550
678481 763187
762479 295187
565988 250317
441649 635850
313244 921363
387401 382534
90034 972568
976038 286502
3 1
3889 359879
14580 17
3356 303433
10 4
993473 991322
818015 238460
154753 57249
897266 350770
448777 205798
24613 960771
782299 286468
881473 220027
974212 566948
67237 879739
4 3
138852 391386
468958 115884
497553 109224
66822 813276
5 1
3561 356744
3000 373801
3668 341139
19678 43
17057 24
2 2
194446 97092
55556 339822
2 1
3548 382399
19284 15
3 1
22592 2850
27263 2319
214845 62
8 6
224065 73
22289 2278
21034 2436
21410 2493
232060 14
22918 2848
23962 2275
22329 2764
10 4
412690 54539
576482 312348
348307 641678
739653 107283
528062 278417
895876 499581
119919 411803
204255 286308
495837 750916
716646 678320
9 4
25831 2021
26959 2801
29988 2339
25528 2914
281127 76
23336 2261
23171 2651
214597 27
21431 2404
4 1
37025 897558
31861 657836
223995 981740
824430 807844
6 4
21812 935766
281736 72447
183352 111321
267976 76167
211302 96596
217341 93912
5 2
844375 447973
896935 990766
276071 148628
33935 350590
987067 528255
10 10
1000000 1000000
1000000 1000000
1000000 1000000
1000000 1000000
1000000 1000000
1000000 1000000
1000000 1000000
1000000 1000000
1000000 1000000
1000000 1000000
6 4
92106 156948
681912 21199
466378 30996
256824 56287
42312 341649
30668 471366
7 3
124059 106704
63028 387028
645039 952524
44380 99150
477413 385988
544854 298051
167863 305598
2 1
28217 898405
35615 711787
9 2
872286 538590
237878 750868
374905 965443
529858 433366
728684 520990
948204 908133
860176 402816
720166 228539
930921 902202
10 6
273429 17864
65436 74646
850668 5742
510081 9576
146718 33292
73359 66584
432796 11286
542184 9009
216398 22572
21489 227304
6 3
22520 2070
20540 2661
220725 5
222561 85
22852 2815
21788 2175
5 1
27849 2593
23606 2637
230160 96
25425 2298
260164 89
10 6
224721 38456
27531 313896
86526 99876
28536 302841
139403 61992
205436 42066
24244 356454
24354 354844
107502 80388
11704 738369
8 6
3134 394597
3708 313364
3496 335398
3862 347855
19124 99
3411 315062
3798 388639
18473 99
7 2
411829 43806
454217 975628
548560 513306
923810 760523
143797 882933
33175 871769
37650 4406
2 2
10948 945054
14168 730269
4 1
338949 50003
47258 358637
754036 22477
776740 21820
10 6
29273 2516
261353 80
24117 2766
28692 2006
22507 2777
228136 63
29205 2676
24016 2228
24348 2335
282495 90
3 1
21145 2116
21432 2878
221459 17
9 5
20748 516258
36018 297388
150423 71208
34916 306774
594776 18009
83076 128934
286767 37352
773604 13846
11362 942732
7 5
943029 615508
400437 579228
87745 672642
898451 167152
663274 178667
744087 713711
143452 299719
3 2
478477 23870
24982 457179
40132 284592
8 2
26907 2949
225698 45
23359 2327
22445 2234
24114 2691
245395 69
22444 2174
22686 2791
4 3
601953 15624
307692 30566
427924 21978
123876 75922
10 6
28044 174174
62244 78474
522522 9348
43624 111969
65208 74907
492492 9918
124488 39237
58058 84132
111397 43848
14364 340054
