50
3
1 2 3
2 3 5
3 5 6
2 3 4
1 2 3
3
3 4 5
2 3 4
1 2 3
1 2 3
2 3 4
10
8 12 14 18 21 23 24 26 29 31
10 15 19 21 23 26 27 29 32 35
16 19 23 24 26 28 30 33 36 39
13 17 20 23 24 27 28 30 33 38
4 7 9 12 14 15 16 18 20 21
22 24 29 31 33 34 37 40 41 43
16 20 23 24 32 33 36 37 40 41
14 18 21 23 29 30 33 36 39 40
9 14 15 19 23 24 26 28 30 33
2 7 10 12 15 17 19 21 22 24
12 16 20 22 27 28 30 33 34 37
19 21 26 29 35 38 39 41 42 43
1 4 5 7 10 13 16 19 21 22
1 2 5 8 9 11 12 14 16 19
7 12 16 18 19 21 22 23 24 29
11 15 18 21 26 27 28 30 33 34
5 10 13 14 15 18 20 21 23 26
19 21 24 26 28 30 33 36 37 41
21 22 26 29 30 33 34 39 40 42
7
5 6 7 8 9 10 11
4 5 6 7 8 9 10
2 3 4 5 6 7 8
6 7 8 9 10 11 12
3 4 5 6 7 8 9
5 6 7 8 9 10 11
1 2 3 4 5 6 7
7 8 9 10 11 12 13
6 7 8 9 10 11 12
4 5 6 7 8 9 10
2 3 4 5 6 7 8
3 4 5 6 7 8 9
1 2 3 4 5 6 7
2
2 3
2 4
4 5
2
2 4
2 3
3 8
2
2 22
2 22
22 222
7
7 12 14 15 19 20 22
3 5 7 9 10 12 13
5 9 11 13 14 15 17
3 7 9 11 13 15 17
5 10 12 14 17 18 20
1 2 3 4 5 7 9
9 13 16 17 20 21 23
2 5 7 9 11 12 14
6 11 13 15 17 19 20
1 3 4 5 6 8 9
4 7 9 11 12 14 16
9 14 17 18 20 22 23
4 9 11 13 15 16 18
7
4 5 10 12 16 17 19
13 16 20 21 28 31 35
5 6 13 15 17 22 23
16 17 24 28 29 32 37
5 6 13 16 20 25 29
4 5 9 13 18 19 20
9 13 17 19 24 26 28
12 15 19 21 25 29 35
19 23 28 35 39 43 47
10 13 17 20 22 27 33
19 25 27 29 32 38 43
20 29 33 35 37 42 47
17 22 26 31 35 38 42
5
1 4 7 9 13
3 6 10 12 15
4 9 13 15 16
1 3 4 6 8
8 14 20 23 24
13 15 16 23 24
6 10 16 19 23
7 10 13 16 20
9 12 15 19 23
10
17 20 21 22 28 31 32 33 36 38
8 12 14 17 21 23 25 26 27 28
14 16 18 21 25 28 31 32 34 35
9 12 14 16 18 21 25 26 27 31
24 26 28 30 35 38 41 44 46 50
12 15 17 18 21 22 28 31 33 36
17 21 25 27 31 32 35 36 41 42
20 26 27 33 36 38 41 44 45 46
14 20 23 24 28 31 32 34 38 41
22 29 31 36 38 41 42 45 47 50
13 18 21 23 25 28 31 33 36 38
6 9 12 15 16 20 22 23 26 29
3 5 8 11 14 17 18 19 20 22
11 15 16 18 23 24 27 28 29 30
3 6 9 12 13 14 17 20 21 24
18 22 25 28 31 32 35 36 38 41
20 24 26 28 32 33 36 38 44 45
19 23 26 31 33 34 36 38 39 44
5 9 12 15 18 20 21 24 25 26
7
5 10 12 14 17 18 21
5 7 9 12 13 16 19
1 2 5 8 9 11 14
14 17 20 21 24 26 30
8 13 16 19 22 23 26
11 13 17 18 22 23 27
1 3 4 5 6 8 11
6 12 13 15 19 22 24
2 6 8 10 12 13 15
4 8 9 11 15 17 20
11 15 19 22 25 27 30
8 10 11 14 15 19 22
9 12 15 17 19 22 25
6
5 7 9 10 14 18
10 11 14 17 18 22
6 9 10 13 17 20
8 9 11 13 17 21
12 13 15 20 21 24
3 7 9 11 14 15
8 12 14 17 18 21
1 2 3 6 8 11
11 15 18 21 22 24
1 2 5 8 10 12
2 4 7 9 11 13
10
8 10 12 14 16 18 19 21 23 24
2 4 6 8 9 10 12 14 15 17
4 5 8 9 10 11 14 16 17 18
17 19 20 22 24 26 27 31 33 34
12 14 15 16 18 21 23 24 27 29
15 17 19 23 25 27 29 31 33 34
10 11 14 18 20 21 22 23 26 27
6 7 10 12 13 14 15 18 19 20
2 4 6 8 10 12 14 15 17 18
8 9 12 14 15 16 18 20 22 23
4 5 7 10 12 14 15 16 19 20
17 18 20 24 26 29 31 32 34 35
6 8 10 12 13 15 16 18 20 21
18 20 21 23 25 27 29 33 34 35
10 12 13 15 17 20 21 23 25 26
12 14 15 19 21 23 25 26 27 29
15 16 18 20 22 23 26 29 31 32
9 10 13 16 17 18 19 22 24 25
14 16 18 21 23 24 27 29 31 33
7
19 21 31 32 40 44 47
3 4 6 10 14 15 19
17 30 32 35 40 43 47
3 7 8 10 11 14 17
8 16 18 21 26 28 31
14 18 26 29 34 36 40
4 12 16 18 22 25 30
10 18 20 23 29 31 32
14 25 28 31 36 40 44
11 22 24 27 34 37 40
15 20 28 31 37 40 43
6 13 18 20 24 28 32
7 12 13 16 18 20 21
10
1 2 3 4 5 6 7 8 9 10
9 10 11 12 13 14 15 16 17 18
7 8 9 10 11 12 13 14 15 16
10 11 12 13 14 15 16 17 18 19
2 3 4 5 6 7 8 9 10 11
6 7 8 9 10 11 12 13 14 15
3 4 5 6 7 8 9 10 11 12
5 6 7 8 9 10 11 12 13 14
10 11 12 13 14 15 16 17 18 19
7 8 9 10 11 12 13 14 15 16
9 10 11 12 13 14 15 16 17 18
3 4 5 6 7 8 9 10 11 12
5 6 7 8 9 10 11 12 13 14
1 2 3 4 5 6 7 8 9 10
4 5 6 7 8 9 10 11 12 13
8 9 10 11 12 13 14 15 16 17
2 3 4 5 6 7 8 9 10 11
4 5 6 7 8 9 10 11 12 13
8 9 10 11 12 13 14 15 16 17
3
7 10 14
7 9 14
6 7 9
5 7 10
4 5 7
7
8 16 17 19 22 30 31
24 28 31 37 42 45 50
4 7 12 16 18 19 24
18 29 32 35 38 41 45
22 32 36 41 42 45 50
4 7 8 12 17 18 22
7 11 13 18 20 25 28
19 25 30 32 39 41 45
12 20 22 27 28 32 37
16 18 19 27 30 35 41
17 25 26 30 35 39 42
18 20 22 28 35 38 42
12 13 17 22 26 32 36
7
7 9 11 14 16 18 20
6 8 9 12 14 15 18
6 8 12 14 16 17 19
8 9 14 15 18 20 22
4 6 8 9 11 12 14
11 13 14 17 19 22 23
9 11 12 15 17 20 22
3 5 6 8 9 11 13
5 7 10 12 14 15 17
5 6 8 10 12 14 16
2 3 4 5 6 8 10
2 3 5 6 7 9 11
3 5 6 7 8 9 12
2
4 6
2 3
2 4
2
6 8
4 8
2 6
2
1 2
3 4
2 4
2
4 8
2 6
2 4
10
141 163 171 212 235 247 257 264 318 340
51 78 98 101 127 150 157 167 171 192
150 175 192 230 241 269 288 305 328 355
49 83 98 120 132 138 151 170 192 197
134 135 167 190 202 235 247 249 296 321
44 59 83 90 105 111 123 135 163 175
113 123 157 162 191 219 238 239 271 284
86 105 127 142 159 160 176 202 241 256
24 44 51 63 76 94 96 110 126 147
96 143 151 165 176 214 238 247 257 288
98 111 150 151 172 197 214 218 254 272
24 35 49 65 86 98 113 134 141 150
76 104 132 140 159 172 191 202 235 241
94 126 138 144 160 197 219 235 247 269
110 146 170 193 202 218 239 249 264 305
63 95 120 138 142 151 162 190 212 230
65 90 101 138 140 144 165 193 216 229
147 176 197 229 256 272 284 321 340 355
35 59 78 95 104 126 143 146 162 176
10
17 18 20 23 25 26 28 29 30 34
5 7 8 10 12 14 15 16 18 20
11 12 15 17 18 20 22 25 27 29
12 13 17 19 21 23 25 26 27 29
6 8 9 11 14 16 17 19 21 23
7 9 12 14 15 17 19 21 23 25
3 4 7 8 9 11 12 13 16 18
10 11 13 15 17 19 20 22 24 26
9 11 14 16 17 19 20 23 25 26
14 16 19 20 23 25 27 28 29 30
5 7 10 11 13 15 16 19 20 23
11 12 15 16 19 20 22 23 26 28
15 16 18 21 22 24 26 27 29 32
1 3 5 6 8 10 11 12 14 16
3 4 6 7 9 11 12 15 16 18
13 15 16 19 20 22 23 26 28 30
16 18 21 23 25 26 29 30 32 34
1 3 4 5 7 9 11 13 15 17
8 9 10 13 15 17 18 20 22 25
9
11 21 22 25 27 28 33 37 40
22 25 29 31 33 41 42 45 47
26 28 34 38 40 46 47 51 54
9 14 17 19 20 21 29 32 34
10 18 19 22 23 27 31 33 38
23 30 34 41 42 45 47 53 54
5 10 14 18 21 22 23 26 30
15 22 26 30 34 37 41 44 46
6 10 12 15 17 19 25 26 28
16 17 20 23 27 34 37 41 42
20 26 33 38 41 43 45 49 51
16 23 29 34 37 41 42 45 47
18 19 21 27 28 37 41 43 45
4 5 8 12 16 18 22 23 26
23 26 32 33 37 44 45 49 53
12 15 19 22 25 30 34 38 41
8 12 17 19 22 26 29 33 34
10
10 12 14 16 19 22 24 26 27 28
5 7 9 11 14 16 17 18 20 22
14 17 19 22 23 27 29 31 33 34
11 14 15 17 20 24 25 27 28 30
4 9 10 11 13 15 16 17 20 22
2 5 6 7 9 11 12 14 16 17
3 7 8 9 11 13 14 15 18 19
13 16 18 20 22 25 27 29 30 31
8 11 13 15 18 20 21 23 24 25
12 16 18 20 22 24 27 28 30 33
1 3 4 5 6 8 10 11 13 14
3 5 7 9 11 12 13 15 16 17
1 2 3 4 5 7 9 10 12 13
4 6 8 10 13 15 16 17 18 19
13 17 19 22 24 25 28 30 31 34
10 15 17 18 19 23 26 27 29 31
6 9 11 13 16 17 18 19 22 24
7 12 15 16 17 20 22 24 25 27
5 11 13 14 16 18 19 20 22 23
3
6 8 10
4 5 7
2 4 6
2 4 6
4 5 8
2
2 4
2 6
6 8
7
6 13 20 27 34 41 48
1 2 3 4 5 6 7
15 16 17 18 19 20 21
1 8 15 22 29 36 43
29 30 31 32 33 34 35
5 12 19 26 33 40 47
3 10 17 24 31 38 45
36 37 38 39 40 41 42
22 23 24 25 26 27 28
2 9 16 23 30 37 44
7 14 21 28 35 42 49
43 44 45 46 47 48 49
4 11 18 25 32 39 46
4
5 9 10 13
9 12 13 17
2 4 6 9
8 11 14 17
3 7 9 12
4 7 9 11
6 9 10 14
3
2 3 4
3 4 5
2 3 4
3 4 5
1 2 3
3
1 2 4
3 5 8
2 3 6
4 6 8
1 2 3
7
9 12 14 17 22 23 25
6 9 11 12 13 17 20
10 14 16 18 25 28 30
5 9 11 12 14 16 19
16 20 22 25 30 34 36
3 5 8 11 12 14 16
11 12 16 17 18 19 22
13 16 17 19 27 31 34
3 6 7 9 10 13 15
12 13 19 22 25 27 28
7 11 13 16 19 21 22
8 11 13 14 16 17 20
14 17 21 23 28 31 33
3
3 4 5
1 2 3
2 3 4
1 2 3
3 4 5
7
4 9 13 16 17 18 28
1 2 3 4 5 6 22
3 8 12 13 14 15 26
1 2 3 4 5 6 23
5 10 14 17 19 20 30
2 7 8 9 10 11 24
4 9 13 16 17 18 29
23 24 27 29 31 32 34
6 11 15 18 20 21 33
2 7 8 9 10 11 25
5 10 14 17 19 20 31
3 8 12 13 14 15 27
22 25 26 28 30 33 34
2
3 5
7 8
3 7
10
91 92 93 94 95 96 97 98 99 100
8 18 28 38 48 58 68 78 88 98
21 22 23 24 25 26 27 28 29 30
4 14 24 34 44 54 64 74 84 94
1 11 21 31 41 51 61 71 81 91
51 52 53 54 55 56 57 58 59 60
2 12 22 32 42 52 62 72 82 92
41 42 43 44 45 46 47 48 49 50
81 82 83 84 85 86 87 88 89 90
3 13 23 33 43 53 63 73 83 93
9 19 29 39 49 59 69 79 89 99
1 2 3 4 5 6 7 8 9 10
7 17 27 37 47 57 67 77 87 97
11 12 13 14 15 16 17 18 19 20
71 72 73 74 75 76 77 78 79 80
61 62 63 64 65 66 67 68 69 70
10 20 30 40 50 60 70 80 90 100
5 15 25 35 45 55 65 75 85 95
6 16 26 36 46 56 66 76 86 96
4
3 5 6 11
3 5 6 12
1 2 3 7
1 2 3 8
2 4 5 10
8 10 12 13
2 4 5 9
4
1 2 3 4
4 5 6 7
2 3 4 5
3 4 5 6
2 3 4 5
4 5 6 7
1 2 3 4
10
2 10 11 12 13 14 15 16 17 48
6 14 21 27 32 36 37 38 39 57
7 15 22 28 33 37 40 41 42 58
1 2 3 4 5 6 7 8 9 46
2 10 11 12 13 14 15 16 17 49
8 16 23 29 34 38 41 43 44 60
1 2 3 4 5 6 7 8 9 47
3 11 18 19 20 21 22 23 24 50
4 12 19 25 26 27 28 29 30 52
8 16 23 29 34 38 41 43 44 61
4 12 19 25 26 27 28 29 30 53
7 15 22 28 33 37 40 41 42 59
5 13 20 26 31 32 33 34 35 55
47 49 51 53 54 57 59 60 62 64
6 14 21 27 32 36 37 38 39 56
9 17 24 30 35 39 42 44 45 63
46 48 50 52 55 56 58 61 63 64
3 11 18 19 20 21 22 23 24 51
5 13 20 26 31 32 33 34 35 54
4
4 8 12 16
3 7 11 15
9 10 11 12
1 5 9 13
2 6 10 14
5 6 7 8
1 2 3 4
4
49 71 72 100
31 61 72 96
25 46 71 74
29 46 61 75
54 75 100 121
17 25 31 54
17 29 49 53
4
1 2 4 5
5 9 10 11
5 8 10 11
1 3 4 5
4 7 9 10
2 5 7 9
4 6 9 10
2
4 8
6 8
2 4
8
9 16 20 25 30 32 33 36
4 10 12 17 18 22 24 25
13 18 23 30 32 38 39 44
23 25 33 36 38 45 54 56
12 19 25 29 32 34 37 38
6 11 14 22 23 26 28 33
7 12 14 20 25 29 31 33
10 17 22 25 29 33 35 38
21 24 33 38 44 49 52 56
14 22 26 32 34 41 46 49
14 21 29 33 38 41 42 45
5 10 11 16 19 21 22 24
18 22 31 35 39 46 49 54
3 4 6 9 12 14 18 21
18 24 28 33 37 42 49 52
6
9 13 16 20 24 27
8 12 14 16 17 20
4 8 10 14 17 19
8 10 15 17 22 24
2 3 4 7 8 9
7 9 13 16 19 22
2 4 6 8 10 12
12 14 19 22 24 27
6 9 10 13 15 16
4 5 8 9 10 13
10 13 17 19 22 24
7
13 21 41 45 70 83 106
70 80 116 146 167 191 207
94 121 134 141 191 209 228
83 98 120 148 174 209 225
69 108 131 134 167 174 186
21 57 70 83 108 121 124
95 124 145 152 207 225 240
45 71 108 127 134 141 152
36 57 60 71 80 98 122
106 122 126 159 186 228 240
38 70 87 108 116 120 126
13 36 38 46 69 94 95
46 83 101 127 146 148 159
2
22 222
22 222
2 22
4
2 4 6 7
7 9 10 11
6 9 10 11
5 8 9 10
2 3 5 6
6 7 9 10
3 6 7 9
