50
3
1 2 3
2 3 5
3 5 6
2 3 4
1 2 3
3
1 2 3
3 4 5
1 2 3
3 4 5
2 3 4
7
6 12 14 18 21 24 26
16 21 25 28 31 34 38
9 14 18 21 24 27 28
8 14 16 21 23 27 29
5 8 12 14 16 18 21
2 3 6 8 9 12 16
6 12 14 16 19 20 25
21 24 26 29 31 35 38
9 16 19 24 26 29 31
3 8 12 14 18 20 24
12 18 20 27 29 30 35
17 20 24 27 29 30 34
13 18 21 23 26 29 31
9
10 16 17 20 22 25 27 29 31
13 17 19 23 25 27 32 35 37
12 14 18 20 22 25 30 32 35
20 22 27 32 35 37 38 40 44
16 21 23 30 31 35 39 41 44
6 11 13 15 18 19 20 21 23
6 9 11 14 16 19 20 21 22
3 6 8 11 12 13 14 15 16
15 20 21 27 29 32 37 38 40
11 12 15 18 20 24 27 30 32
14 20 23 27 30 32 34 37 39
8 11 13 16 17 21 23 25 27
5 9 11 12 14 17 19 20 21
13 19 21 24 25 27 30 32 35
3 5 6 9 10 13 14 17 20
14 19 20 24 27 30 34 36 38
9 14 16 18 20 23 24 27 30
3
2 3 4
2 3 4
3 4 5
3 4 5
1 2 3
10
21 24 28 30 33 36 39 40 42 43
12 15 17 23 24 30 32 35 39 41
3 5 8 9 10 12 15 18 21 23
18 20 25 27 29 32 35 36 40 42
9 10 12 17 20 21 25 27 30 31
9 11 14 17 19 20 23 26 29 32
16 20 24 29 32 36 38 40 42 44
15 17 22 25 28 30 32 35 38 40
11 12 16 20 23 27 30 32 36 37
23 25 30 31 35 37 41 42 44 45
17 21 25 32 35 39 40 42 43 45
5 6 10 11 13 15 17 20 24 25
10 13 17 20 22 23 24 29 32 35
12 15 19 21 24 27 30 33 36 39
13 18 21 26 29 33 35 36 40 42
5 6 7 10 11 12 15 18 20 21
10 11 14 19 22 24 28 29 33 35
6 7 11 14 17 19 22 25 28 30
8 10 11 12 14 16 17 21 24 25
6
9 10 15 17 19 21
3 8 10 11 14 18
13 14 24 29 31 33
10 11 19 20 23 26
6 8 12 13 14 20
11 13 17 20 29 30
2 3 7 11 13 17
17 20 21 26 33 37
2 6 9 10 13 15
7 12 15 19 24 29
13 14 19 23 31 32
10
41 54 67 83 99 128 162 164 198 208
62 66 83 96 99 153 180 204 226 245
37 49 59 66 84 127 149 162 179 199
133 141 193 226 251 252 256 262 275 322
29 49 54 73 79 110 121 140 141 163
120 162 164 202 214 234 236 260 262 296
114 140 172 204 213 215 247 260 273 303
88 110 133 153 174 193 225 234 259 288
58 73 89 96 120 134 179 202 224 236
83 84 99 120 138 174 190 213 251 252
159 199 208 236 267 288 300 303 322 332
24 29 41 62 83 107 112 120 141 159
41 59 67 89 91 133 156 172 193 196
24 37 41 58 68 88 102 114 133 156
107 127 128 134 158 193 214 215 252 264
156 163 196 245 252 264 282 296 297 332
68 79 91 99 138 158 201 214 249 267
102 121 156 180 190 214 227 236 268 300
141 179 198 224 249 259 268 273 275 297
2
2 6
4 8
6 8
7
6 7 9 11 12 15 17
11 13 15 17 19 21 23
9 11 12 13 14 17 19
2 4 6 7 9 11 12
12 14 15 17 19 23 25
6 8 9 11 12 14 15
2 4 6 8 9 11 12
4 6 7 9 10 12 14
12 14 17 18 21 22 25
7 9 11 12 13 17 18
9 10 12 13 14 19 21
11 12 14 15 17 21 22
4 6 8 10 11 13 14
4
7 10 12 16
9 16 20 23
11 15 16 20
3 7 11 13
13 18 20 23
3 5 8 9
8 12 16 20
4
1 2 3 8
3 5 6 12
2 4 5 9
1 2 3 7
2 4 5 10
3 5 6 11
8 10 12 13
10
6 14 21 27 32 36 37 38 39 56
5 13 20 26 31 32 33 34 35 55
47 48 50 52 55 56 59 61 63 64
4 12 19 25 26 27 28 29 30 53
7 15 22 28 33 37 40 41 42 58
6 14 21 27 32 36 37 38 39 57
7 15 22 28 33 37 40 41 42 59
46 49 51 53 54 57 58 60 62 64
9 17 24 30 35 39 42 44 45 62
9 17 24 30 35 39 42 44 45 63
1 2 3 4 5 6 7 8 9 46
8 16 23 29 34 38 41 43 44 60
4 12 19 25 26 27 28 29 30 52
2 10 11 12 13 14 15 16 17 48
2 10 11 12 13 14 15 16 17 49
3 11 18 19 20 21 22 23 24 50
5 13 20 26 31 32 33 34 35 54
3 11 18 19 20 21 22 23 24 51
8 16 23 29 34 38 41 43 44 61
7
6 7 8 9 10 11 12
7 8 9 10 11 12 13
1 2 3 4 5 6 7
2 3 4 5 6 7 8
6 7 8 9 10 11 12
5 6 7 8 9 10 11
7 8 9 10 11 12 13
4 5 6 7 8 9 10
4 5 6 7 8 9 10
1 2 3 4 5 6 7
3 4 5 6 7 8 9
3 4 5 6 7 8 9
2 3 4 5 6 7 8
7
20 22 29 34 35 36 43
14 18 22 27 30 32 36
22 26 31 36 37 41 45
18 23 28 30 32 35 37
7 13 14 18 21 22 26
9 13 17 21 23 28 31
5 9 11 14 16 20 22
16 21 24 28 32 35 38
12 17 19 22 24 29 31
21 31 33 36 38 43 45
20 28 29 32 35 36 41
5 7 12 16 18 20 21
11 14 19 22 28 29 33
4
3 6 7 10
5 8 10 12
4 6 7 8
8 10 11 12
2 3 4 5
4 7 8 11
2 4 6 8
6
1 3 5 6 8 10
3 4 5 6 8 10
7 8 10 11 15 16
5 6 9 10 13 15
5 6 7 9 10 11
10 11 13 15 16 19
9 10 11 13 17 19
1 2 3 5 7 9
2 4 6 7 9 11
6 7 8 10 11 13
8 9 11 13 15 17
10
20 23 32 36 43 44 48 53 56 62
10 17 25 28 32 37 38 43 44 49
15 21 30 33 38 42 45 50 53 60
18 24 32 38 41 43 50 53 58 61
11 18 26 31 33 38 42 44 49 53
7 11 17 22 25 26 30 32 36 40
9 15 21 25 29 30 33 36 39 43
21 25 36 39 44 49 51 58 63 68
1 2 7 9 10 11 16 18 19 21
8 13 17 21 25 26 28 32 34 39
16 22 28 34 38 41 45 48 51 56
23 27 40 43 49 53 56 61 66 69
1 3 8 9 11 12 15 20 21 23
19 29 34 40 43 45 53 56 63 66
9 14 22 25 28 31 34 38 40 45
11 15 25 29 32 33 38 41 43 50
21 30 39 45 50 55 60 62 68 69
2 8 13 14 15 20 21 23 25 27
3 8 11 15 17 18 22 24 29 30
7
5 10 14 17 19 20 30
1 2 3 4 5 6 22
4 9 13 16 17 18 29
6 11 15 18 20 21 32
2 7 8 9 10 11 24
6 11 15 18 20 21 33
4 9 13 16 17 18 28
23 25 27 29 31 32 34
22 24 26 28 30 33 34
3 8 12 13 14 15 26
2 7 8 9 10 11 25
5 10 14 17 19 20 31
3 8 12 13 14 15 27
7
109 123 128 158 172 194 198
34 49 55 58 72 88 120
65 76 77 93 96 128 148
45 65 72 85 96 150 172
1 18 34 50 65 88 109
70 104 120 122 148 165 198
51 83 88 111 128 164 194
25 51 58 82 93 148 158
50 59 74 82 85 111 122
18 20 37 51 65 83 104
88 103 123 148 150 164 165
11 37 55 74 77 123 128
1 10 11 25 45 51 70
3
4 6 10
8 11 12
10 14 17
10 12 17
4 8 10
3
6 9 16
2 3 7
3 8 9
2 5 6
5 8 13
2
22 222
2 22
2 22
4
1 3 4 6
1 4 6 7
4 6 10 12
6 7 10 13
3 5 7 8
6 7 13 16
4 5 6 7
10
22 27 31 34 41 43 44 48 55 57
29 32 34 36 39 44 48 55 57 60
12 16 19 22 26 29 31 33 35 36
21 23 27 29 37 40 42 46 51 55
19 22 25 27 34 38 41 45 47 48
7 8 13 16 18 21 22 23 27 30
6 8 12 13 18 21 23 27 28 32
15 18 19 26 29 30 34 37 41 44
24 27 30 33 35 39 45 46 48 50
12 13 18 22 24 25 27 29 34 36
3 6 9 12 14 18 19 21 22 23
21 23 26 31 32 34 41 42 44 48
3 7 9 12 15 19 21 24 25 29
19 21 25 29 30 33 38 40 43 47
9 13 14 18 19 25 26 30 33 34
23 30 35 36 44 47 48 50 56 60
18 21 22 25 30 33 34 39 41 44
14 18 20 24 29 30 32 35 37 39
25 28 33 35 37 41 47 51 55 56
3
1 2 3
2 3 4
3 4 5
1 2 3
2 3 4
4
8 15 20 21
10 15 16 19
5 10 11 12
12 16 21 24
12 21 24 28
5 8 12 14
14 19 25 28
10
1 2 3 4 5 6 7 8 9 10
7 17 27 37 47 57 67 77 87 97
71 72 73 74 75 76 77 78 79 80
4 14 24 34 44 54 64 74 84 94
11 12 13 14 15 16 17 18 19 20
5 15 25 35 45 55 65 75 85 95
3 13 23 33 43 53 63 73 83 93
91 92 93 94 95 96 97 98 99 100
61 62 63 64 65 66 67 68 69 70
31 32 33 34 35 36 37 38 39 40
8 18 28 38 48 58 68 78 88 98
21 22 23 24 25 26 27 28 29 30
81 82 83 84 85 86 87 88 89 90
51 52 53 54 55 56 57 58 59 60
10 20 30 40 50 60 70 80 90 100
1 11 21 31 41 51 61 71 81 91
41 42 43 44 45 46 47 48 49 50
9 19 29 39 49 59 69 79 89 99
6 16 26 36 46 56 66 76 86 96
9
4 6 9 12 14 16 19 20 23
9 16 17 21 22 25 26 28 30
12 13 16 18 21 22 25 30 31
8 14 16 19 21 24 25 26 29
18 20 21 25 26 28 29 34 38
16 17 18 22 25 26 27 33 35
5 9 11 12 16 17 18 21 24
7 10 11 15 16 17 21 23 26
21 23 24 26 29 30 31 37 41
3 6 10 11 13 16 17 20 23
10 11 12 16 19 21 24 27 29
14 23 26 29 31 33 35 38 41
2 4 7 10 12 15 16 18 21
11 20 23 27 30 32 33 34 37
7 12 15 16 18 20 22 25 26
2 3 5 7 8 9 10 11 14
15 16 17 20 24 25 26 32 33
2
2 4
4 8
2 6
9
17 31 35 40 44 47 52 53 57
6 11 16 21 22 24 30 31 34
8 15 17 26 30 32 33 36 41
6 9 16 17 24 27 31 35 39
8 12 21 26 31 33 35 40 41
13 20 24 32 36 37 43 47 54
20 27 31 36 42 47 52 53 63
1 5 6 8 9 13 15 20 25
5 7 11 15 20 21 26 31 35
10 20 24 31 32 36 39 42 46
15 25 30 33 39 42 44 52 58
18 35 39 41 49 54 58 63 64
5 7 9 12 15 20 25 27 30
12 21 27 33 36 37 42 47 51
25 30 34 41 46 51 56 57 64
9 15 22 30 32 36 38 44 49
15 26 31 35 38 43 44 52 56
4
3 7 11 15
1 5 9 13
1 2 3 4
2 6 10 14
4 8 12 16
13 14 15 16
9 10 11 12
2
2 22
22 222
22 222
2
6 8
2 4
2 6
10
7 12 15 16 18 20 22 25 29 31
17 19 26 30 34 37 39 42 43 46
19 23 26 29 31 34 37 38 43 48
2 3 4 7 9 12 13 14 17 20
20 23 29 33 37 39 40 45 48 50
22 25 29 31 34 37 38 40 46 50
15 19 21 22 28 31 32 35 39 40
9 13 17 20 23 26 28 29 31 34
16 20 23 25 29 32 34 36 42 45
13 17 22 26 29 31 32 34 37 38
4 10 12 13 15 17 21 23 26 29
5 7 10 12 13 15 17 18 19 23
12 16 17 20 26 29 31 34 37 39
9 13 15 18 23 24 29 32 34 37
3 7 8 11 13 16 19 20 23 25
12 15 20 23 24 29 31 32 34 37
2 5 6 8 9 12 15 16 19 22
6 8 12 15 17 20 22 23 26 29
14 18 23 27 32 34 35 36 38 40
8
9 14 17 25 28 32 35 39
16 24 28 32 36 40 41 47
5 9 13 14 16 19 21 25
1 2 5 9 11 15 18 20
21 29 32 39 43 47 50 54
20 25 27 36 43 47 49 54
12 20 24 28 30 35 39 43
11 16 21 29 30 36 37 43
18 28 30 35 37 43 47 49
5 13 15 21 24 28 30 32
7 13 15 17 21 22 23 27
10 17 21 25 29 33 35 36
18 21 23 35 39 41 47 50
15 19 22 33 35 40 43 47
2 9 13 17 20 24 28 29
8
8 10 12 14 17 19 22 24
3 6 8 9 12 13 15 17
15 18 20 25 28 31 33 36
3 6 8 9 10 13 14 17
17 19 23 26 29 34 35 37
14 17 22 25 26 30 33 35
6 8 9 11 13 16 17 20
6 8 10 12 13 14 18 19
17 20 24 28 30 33 36 37
13 16 19 22 24 27 31 34
9 11 14 17 20 23 25 26
12 13 15 20 21 24 26 30
9 12 13 17 18 22 25 28
10 13 17 18 21 26 28 29
13 14 17 23 26 27 30 33
8
16 22 24 27 32 35 38 40
3 6 7 9 10 12 14 15
6 9 11 13 15 18 20 21
3 6 8 10 13 14 15 16
15 19 22 26 31 32 33 36
7 11 15 18 19 21 22 24
9 13 17 20 22 23 26 27
10 15 19 22 25 28 31 32
8 12 15 17 19 22 25 27
15 21 27 30 33 34 36 40
14 20 25 27 28 32 33 38
13 15 19 22 25 27 28 33
12 18 22 25 27 29 32 35
10 13 18 20 22 25 27 30
14 16 21 23 28 29 32 34
9
13 16 18 20 22 23 24 26 28
7 10 11 15 16 18 20 22 23
12 14 17 18 20 21 22 23 24
8 11 13 15 16 17 18 20 22
3 5 7 8 10 12 13 14 15
7 9 11 13 15 16 17 19 20
1 3 5 7 8 10 12 13 15
1 3 5 6 7 9 11 12 14
11 13 14 17 18 20 22 24 25
5 7 8 9 11 13 14 16 18
9 12 13 16 17 19 21 23 24
15 18 20 22 23 24 25 27 30
3 5 7 9 11 12 14 16 18
10 12 15 16 18 19 20 21 23
5 7 8 11 13 15 17 18 20
14 15 18 20 22 23 24 28 30
12 14 16 19 20 21 23 26 27
4
1 2 3 4
2 3 4 5
4 5 6 7
4 5 6 7
1 2 3 4
2 3 4 5
3 4 5 6
4
6 8 10 13
7 10 12 16
6 8 11 13
3 6 7 9
9 13 14 17
9 13 16 17
3 6 7 9
9
3 6 10 16 21 23 24 25 30
11 15 19 21 23 30 33 37 40
1 3 7 11 13 15 18 22 27
4 6 11 15 20 25 30 33 34
7 11 16 18 22 28 30 31 36
15 25 29 34 39 44 49 53 58
16 24 30 33 37 49 50 54 57
27 34 40 44 45 53 57 63 69
20 25 31 37 38 53 56 59 63
15 23 28 30 33 44 49 51 53
22 33 37 42 43 51 54 59 67
18 30 32 38 41 49 50 56 63
9 10 16 19 23 29 32 37 40
1 4 9 12 13 15 16 20 23
13 20 23 24 25 33 37 38 41
12 16 18 21 24 34 38 42 44
13 21 22 23 25 39 41 43 45
2
6 8
4 8
2 4
7
15 18 20 25 28 31 32
3 6 9 10 11 12 13
6 7 10 12 14 15 18
6 7 10 11 12 14 18
9 10 11 12 13 15 20
10 12 13 19 22 23 24
11 14 16 18 22 25 28
12 15 19 20 23 28 31
7 10 11 15 16 19 21
10 12 15 16 19 22 25
9 11 12 16 18 20 23
12 14 15 22 25 28 30
3 6 7 9 10 12 15
7
3 10 17 24 31 38 45
29 30 31 32 33 34 35
7 14 21 28 35 42 49
4 11 18 25 32 39 46
6 13 20 27 34 41 48
43 44 45 46 47 48 49
36 37 38 39 40 41 42
2 9 16 23 30 37 44
15 16 17 18 19 20 21
5 12 19 26 33 40 47
1 8 15 22 29 36 43
8 9 10 11 12 13 14
1 2 3 4 5 6 7
4
65 69 102 123
30 54 75 77
48 64 88 99
11 30 38 58
30 54 64 69
58 77 99 123
38 75 88 102
4
6 9 12 15
8 9 12 14
6 7 9 12
4 7 9 12
8 12 14 18
10 12 15 18
3 6 8 10
7
8 12 14 17 19 23 27
7 11 14 17 18 22 24
3 5 8 9 10 13 14
9 13 17 20 22 27 30
11 13 17 20 24 27 30
5 8 11 13 15 16 22
15 16 23 27 30 33 34
10 16 18 24 26 30 33
6 8 12 13 16 18 21
3 6 7 11 13 15 19
14 21 24 30 32 34 37
19 22 27 30 33 34 37
13 15 19 22 26 30 32
10
12 14 16 18 19 20 23 24 26 30
16 17 21 23 25 27 29 30 32 34
12 14 17 18 19 22 23 24 28 29
5 7 9 12 13 15 17 18 20 23
1 2 4 5 7 9 11 12 13 14
4 5 7 9 11 13 14 16 18 19
7 10 12 13 14 16 18 19 22 24
3 4 5 7 9 11 12 14 16 17
4 5 7 10 12 13 15 17 19 21
11 12 14 16 18 19 22 23 25 29
10 13 15 17 18 20 22 23 26 27
2 4 5 8 10 12 13 14 15 17
7 9 11 13 14 16 18 19 21 25
14 17 19 22 24 25 27 29 32 34
14 15 19 20 21 24 25 26 30 32
6 8 10 12 13 15 16 18 20 22
1 3 4 6 7 9 10 12 14 16
13 16 18 20 22 24 26 28 30 32
9 12 13 15 16 18 19 20 24 25
10
1 2 3 4 5 6 7 8 9 10
2 3 4 5 6 7 8 9 10 11
9 10 11 12 13 14 15 16 17 18
3 4 5 6 7 8 9 10 11 12
2 3 4 5 6 7 8 9 10 11
5 6 7 8 9 10 11 12 13 14
3 4 5 6 7 8 9 10 11 12
5 6 7 8 9 10 11 12 13 14
4 5 6 7 8 9 10 11 12 13
1 2 3 4 5 6 7 8 9 10
4 5 6 7 8 9 10 11 12 13
10 11 12 13 14 15 16 17 18 19
7 8 9 10 11 12 13 14 15 16
8 9 10 11 12 13 14 15 16 17
7 8 9 10 11 12 13 14 15 16
10 11 12 13 14 15 16 17 18 19
8 9 10 11 12 13 14 15 16 17
6 7 8 9 10 11 12 13 14 15
6 7 8 9 10 11 12 13 14 15
