32
100
98
81
3
5
7
10
10
10
9
9
11
115
113
114
7
5
3
4
3
2
2
2
2
1000
1000
1000
1000
1000
1000
1
1
1
1
1
1
2
3
4
1
1
1
42
47
49
2
3
4
19
15
17
9
8
10
901
900
902
451
452
453
101
77
43
11
10
7
999
888
777
888
888
888
201
101
301
100
30
20
999
989
987
11
13
19
100
1000
10
25
7
19
51
37
29
27
33
39
1
1
1
1000
999
2
788
887
878
777
778
877
18
121
10
11
9
2
913
687
783
109
93
53
105
121
169
5
13
11
100
200
300
200
100
300
1
100
1
2
2
2
913
687
783
109
93
53
1
2
3
3
2
1
4
100
100
5
1
1
6
5
4
3
2
1
115
113
114
3
5
7
115
113
114
3
7
5
115
113
114
5
3
7
115
113
114
5
7
3
115
113
114
7
3
5
