100
1.36959 2.92718 2.47938
347.0 3.0 1021.0
393.03747 3.34687 144.22078
290.04548 3.60288 814.15839
40.66 2.3396 1998.983
492.03521 1.04358 1913.36589
376.00000 2.00000 752.00000
500.00 3.5403 1096.64011
491.90023 1.25657 1913.29420
491.07546 1.02193 1997.01267
498.03476 1.21957 1900.99358
245.87459 1.00707 1398.11670
492.60757 1.13270 1963.50117
423.5 2.0 1600.0
1.05223 3.80268 1999.08178
497.06137 2.30158 1508.55640
494.61048 1.26277 1917.68049
22.0 3.0 1281.0
490.03269 1.47122 1999.09733
4.5558 4.0 1190.1859
315.19876 1.35411 175.43130
493.41083 1.25815 1986.56888
265.0 3.0 452.0
490.68313 1.31313 1997.81896
491.02798 1.39716 1999.19480
290.94715 3.99510 81.79362
1.04952 3.78085 1999.91159
494.72392 1.37940 1962.32986
229.1317 1.9 142.01246
498.96515 1.30770 1965.56818
105.6 2.5 1058.398
305.00000 2.00000 610.00000
33.00000 2.00000 66.00000
496.42350 1.42818 1908.44088
97.70542 2.99973 18.66071
490.54326 1.39701 1990.71955
448.0 3.0 1976.0
336.00000 2.00000 348.00000
284.14239 3.63573 10.18555
462.0 3.0 567.0
345.33848 3.26424 129.20907
421.0 1.0 1078.0
257.30678 3.3750 1438.8349
218.0 3.0 1392.0
108.26143 3.63995 1742.95161
4.23746 3.12539 957.13689
493.87697 1.09844 1913.01805
405.06933 3.85915 187.50195
85.13796 2.31914 1729.65397
495.33765 1.07811 1981.55493
178.9 2.3080 1789.34
341.0 3.5 1804.97937
220.22771 3.80604 114.49769
59.0 2.0 1442.0
395.88377 1.29686 1360.38240
461.0 4.0 1400.0
240.0 2.0 1531.0
1.07293 3.28399 1999.83100
495.22912 1.35915 1954.23533
492.59195 1.36934 1953.80378
72.83561 1.66956 1822.29112
294.13 3.56948 1.0000
407.00000 1.00000 432.00000
493.80391 1.27622 1965.02159
495.31182 1.45997 1901.34660
367.00000 2.00000 398.00000
447.22 1.09 97.36
493.28936 1.48193 1937.56596
315.71345 1.15490 1114.74658
492.50957 1.21046 1932.05281
1.0 1.0 1005.0
490.20117 1.49691 1930.33408
110.0 2.99639 1126.0
496.14953 1.14514 1922.11658
496.13399 1.01055 1961.12311
436.0 4.0 1134.0
1.04150 3.12277 1999.35603
141.28215 1.50023 1907.91064
490.75624 1.14727 1997.36724
493.97558 1.08903 1982.21791
163.32 2.913 1098.04942
492.41751 1.49748 1974.12187
498.01195 1.25659 1996.32850
21.0 1.00000 1616.8317
466.3373 2.22 2000.0000
498.07535 1.37934 1980.22257
58.0 4.0 511.0
119.498 3.51909 1054.47
45.92 3.2108 687.5
492.04244 1.49759 1977.57185
494.54626 1.14000 1912.89021
256.00000 2.00000 512.00000
497.66434 1.16947 1963.09765
491.0 4.0 360.0
496.98801 1.04571 1916.16448
138.0 3.77 118.0
225.74802 3.54832 1801.20654
392.00000 3.00000 423.00000
178.94635 3.34742 1640.98010
495.20024 1.01437 1945.59627
