100
3
1 2 3
6
147 185 240 333 388 560
4
775759 8403157 7824639 5989106
9
2037 7929 208 5780 3308 8375 2289 774 9620
4
492 431 478 676
10
7928 2364 283 1222 4424 2985 3002 464 5060 6237
10
409 2323 431 6045 3699 4408 2043 3815 923 6952
8
4698 2449 3122 419 5827 238 1885 8511
8
104 126 983 809 769 649 622 137
4
389 480 596 494
10
610189337 639910714 673835029 714834228 503023396 485246665 621297442 801169984 369789162 636568045
3
897 25 879
7
9 55 122 728 477 291 197
8
5791 8829 5333 4047 4470 1346 8714 9374
10
3460 6499 6290 3580 3811 2547 6436 1563 7045 9903
9
5765 78 1032 4437 5998 3427 3543 18 35
7
860 381 66 4 39 330 388
10
1167 3506 1667 2520 12 5058 9347 438 733 6364
9
4653 3446 9921 9006 8361 4886 2082 296 9046
9
248 497 612 639 736 899 847 834 816
10
61841655 925858947 358344997 708143142 548217950 93875807 956385014 365453616 642420415 462552914
8
723183695 92888212 13967924 891587468 584940671 167081008 756521289 302532735
1
754197108
8
2585 8877 6864 7049 6247 1282 2065 8957
9
603704026 501830353 491325603 539062684 75814044 268924854 22766930 313594145 802110857
8
9276 5730 666 2068 4785 9186 4744 9942
9
974 745 490 199 8 41 348 572 814
8
9073 5953 4816 7389 6311 7520 5125 9626
10
842 773 746 200 62 177 535 763 810 899
10
694763496 655503425 859388201 669224838 336925541 169767041 50944400 735616565 631086077 304426604
3
486933032 701275407 647143717
10
174720357 967555537 397741762 864317149 810187731 805288660 597605435 155358170 960160687 154288853
10
797 646 335 211 52 105 216 380 700 930
9
8692 335 687 34 28 9936 1134 4999 4452
7
541018392 822542232 672433610 717548333 880158612 768333000 980068471
9
193437787 855135435 309510887 925079764 999645842 344410185 569963001 305420706 363283495
10
876 754 552 351 51 63 470 707 863 953
4
56144263 243452047 225862302 856992847
5
1 8 10 3 7
10
8888508 286207 8473743 6017046 3999811 4578032 7615705 845181 4509134 9560894
8
8922 8717 717 5227 7711 1333 3805 2476
8
1896 2473 4520 2086 7701 7576 1168 8283
10
17347508 112361950 124083064 793001291 198189981 573155957 410387895 659777958 170668943 688009044
9
8660 107 23 163 3588 5616 5604 6469 5751
3
45 947 51
10
889 514 342 124 2 116 284 467 883 983
10
922 702 577 470 217 441 476 700 713 931
10
378691567 533834397 718478153 359486154 432611607 616764444 285395805 851765414 750903712 703494812
8
901927524 737167466 472059717 873870752 542199111 751899108 851064047 174288124
8
7003198 5261271 7471101 726679 9421231 190892 7669045 9392678
9
534079952 783537887 868197714 201810046 313852900 512034574 870030269 148038304 572264428
4
784508910 260877618 301565156 243074531
3
37 822 315
10
9971 8214 1143 8510 2936 240 29 1491 6233 4168
10
7252 5954 4405 3581 3696 7479 6087 3799 1128 9349
3
993 109 441
6
656071914 656270489 233530319 362380348 655614930 246728707
6
381341252 711413291 735458105 83205217 131012341 722709889
10
4382 3488 9230 1856 2915 3174 911 9840 8397 8870
10
654 551 465 249 30 48 305 504 633 859
10
912 684 373 256 44 158 338 466 730 978
3
453011927 274264300 2988434
8
8915 7830 1456 3150 3114 6281 6886 5538
7
862 626 264 60 173 457 717
10
49 115 211 346 389 456 703 756 905 823
3
396897970 902121127 387563947
8
514235563 697877896 456374 73487078 745153840 564441025 157090917 427854755
10
833 496 325 189 105 139 207 433 749 874
9
2863 197 7149 4269 3529 3459 1500 8882 9288
10
891240495 645274635 855061632 897220920 809657185 503292015 729906062 526635457 499564431 942472951
4
566 215 451 844
7
937359833 213143062 604363671 336324570 905895160 892366884 787823393
10
8356 8526 4572 559 3100 2557 1410 7149 4776 8127
10
435756735 242523789 704216648 356981249 141668705 617626392 553511344 530885855 12668653 335824729
5
471255295 530667084 584578715 422342120 329548613
5
161733710 837964092 136406634 736235783 148281136
10
587 440 253 168 7 119 250 302 493 841
8
3220 80 1076 6588 5834 829 432 9850
7
795 588 287 170 238 354 695
10
189478080 372959847 733153962 218784868 474462407 539691204 211874595 789500466 798412439 907469825
8
7284 2219 3163 5604 4827 5394 9048 2614
9
7281 180 2917 2194 6568 2888 3338 5806 6896
9
149375799 959453546 178468795 911496407 179403970 846827718 885112990 195538638 239110155
10
910 822 649 553 187 378 617 782 844 968
9
9661594 9505060 2542703 4987960 8182116 8040041 5757005 5085880 7471289
8
3677163 746998 5401130 10755 8898857 5937658 2653340 7324090
6
58025996 596300913 476329451 517606227 428574824 226996446
10
353736923 232754897 612748624 140091134 401673442 991981136 995235755 826279300 651131978 803181062
7
985 889 589 123 204 631 930
7
954 626 319 76 218 484 784
10
837 689 628 465 56 252 591 653 776 906
9
9742 2907 7727 4680 425 22 7825 23 9301
10
9568 939 3273 2392 9307 3980 8788 3034 5099 5155
8
5800 293 208 837 4521 4213 4865 9986
10
9914 4989 2033 69 288 9232 6303 5456 3134 5856
9
205 2223 7097 1178 3852 9362 1047 5156 6493
10
194378676 49584553 78109060 355329138 868721352 853751326 7680204 294432016 613726212 902320502
8
8270155 859781 1958297 6755213 1470238 3012161 5580194 4255878
10
889 880 730 671 623 403 347 315 164 102
9
984 368 336 300 125 276 301 355 704
